LV Station;Capacity;Load
132963;407965;270813
132964;419737;312591
132965;397659;320967
132966;317503;265939
132967;368278;209014
132968;337924;276545
132969;396646;267530
132970;321974;230774
132971;266102;265191
132972;335309;292171
132973;369211;292546
132974;290403;290449
132975;312003;254929
132976;416074;313464
132977;297575;273382
132978;316468;262807
132979;324465;278871
132980;394831;259052
132981;349046;291128
132982;282824;305989
132983;324375;240078
132984;305692;273140
132985;270580;281911
132986;308653;238886
132987;336035;281765
132988;315988;309554
132989;424439;264674
132990;426025;293979
132991;355835;258343
132992;320025;227564
132993;265739;276597
132994;360209;355124
132995;406998;232897
132996;301287;316902
132997;353590;304741
132998;343157;305954
132999;343320;228188
133000;262970;294173
133001;406098;243096
133002;334213;234544
133003;289270;322652
133004;366626;261665
133005;280603;355209
133006;268288;270055
133007;381113;307612
133008;371690;304404
133009;340015;247271
133010;375513;236649
133011;377558;286858
133012;378079;289270
133013;256964;250134
133014;419389;220034
133015;404372;258114
133016;271286;249782
133017;293341;301967
133018;374689;272347
133019;341211;322021
133020;411115;257971
133021;310600;263331
133022;354341;360584
133023;308719;299643
133024;412710;321244
133025;270254;222097
133026;345774;277342
133027;416863;265704
133028;383331;314934
133029;338986;322547
133030;394693;307047
133031;413583;294411
133032;404350;239626
133033;378418;283384
133034;412810;305373
133035;287754;290095
133036;311688;289785
133037;350762;328927
133038;364262;300628
133039;374144;315867
133040;431232;293080
133041;294565;234623
133042;349964;301672
133043;354013;317659
133044;385006;271214
133045;277180;291676
133046;407261;219413
133047;354537;246111
133048;362616;296417
133049;422250;293859
133050;277664;288446
133051;382033;266023
133052;374551;263102
133053;269590;286731
133054;410398;238745
133055;399361;271563
133056;380675;243658
133057;331455;285281
133058;287098;236730
133059;352644;312704
133060;320283;284920
133061;341881;242899
133062;306261;315429
133063;368106;268117
133064;293615;237641
133065;389415;288261
133066;269903;324941
133067;365627;318781
133068;406933;271584
133069;273644;273363
133070;306345;248087
133071;394854;306964
133072;345629;291259
133073;386789;303330
133074;347829;301720
133075;347433;275236
133076;395110;240872
133077;381531;321238
133078;367463;273123
133079;289188;252397
133080;388752;277723
133081;296471;288366
133082;298641;311797
133083;302939;327527
133084;297551;289542
133085;333119;270746
133086;396645;265410
133087;423394;353274
133088;359547;252503
133089;339477;289088
133090;378724;328508
133091;264357;278592
133092;353545;279699
133093;350377;292803
133094;279147;266187
133095;340197;263850
133096;343075;228673
133097;341147;278641
133098;299440;269654
133099;351030;267545
133100;395383;324097
133101;405169;261205
133102;289290;314344
133103;383971;295695
133104;421171;271885
133105;285643;326239
133106;272200;279329
133107;395402;323475
133108;377619;288627
133109;418044;269727
133110;378259;307330
133111;294874;248598
133112;339272;246928
133113;287486;290514
133114;410624;351390
133115;364300;244074
133116;366470;250998
133117;316888;274041
133118;415146;263407
133119;374160;297829
133120;292336;258292
133121;348449;304159
133122;295519;300116
133123;381858;307039
133124;354110;210401
133125;424000;320732
133126;291175;303816
133127;258922;260668
133128;324010;258538
133129;265147;275624
133130;320559;295550
133131;268298;264796
133132;346945;287779
133133;339609;330696
133134;298838;279470
133135;285218;301927
133136;379792;327590
133137;261589;284344
133138;404842;261279
133139;410579;276622
133140;273405;344110
133141;366703;245386
133142;360388;250978
133143;316747;302618
133144;417620;278981
133145;421301;302575
133146;325677;246603
133147;312739;260220
133148;419318;247684
133149;347004;260944
133150;424011;334389
133151;290799;283242
133152;301305;266542
133153;310928;286111
133154;289965;326192
133155;285728;266638
133156;290655;214008
133157;356764;311135
133158;345308;232474
133159;355041;268306
133160;416186;280257
133161;328240;249503
133162;281402;305906
133163;378239;280170
133164;343681;245112
133165;316230;297732
133166;341717;284395
133167;261845;284679
133168;375729;230373
133169;400038;338590
133170;287969;226021
133171;291914;258850
133172;326133;289889
133173;329495;330472
133174;272878;294952
133175;368772;281936
133176;298201;274571
133177;258740;363710
133178;422142;249548
133179;277246;277769
133180;300854;253071
133181;317545;278361
133182;398529;277748
133183;295502;235833
133184;416627;353147
133185;391493;326582
133186;427243;290977
133187;370093;297206
133188;286841;257379
133189;371430;276112
133190;271836;309353
133191;396571;301119
133192;288584;285639
133193;315472;326896
133194;398629;281348
133195;328113;262565
133196;422164;269839
133197;279991;280001
133198;386590;293550
133199;325476;299475
133200;326166;261081
133201;357896;264143
133202;406938;264606
133203;433363;261898
133204;321250;332553
133205;293913;293985
133206;417752;239828
133207;385736;295699
133208;290469;247909
133209;271789;270355
133210;399597;240005
133211;341436;283317
133212;391955;310375
133213;277081;264344
133214;286807;274939
133215;293928;342927
133216;392912;311117
133217;317664;227341
133218;279252;301832
133219;337216;268853
133220;377118;251909
133221;368552;250777
133222;266855;296648
133223;281803;312051
133224;264248;273050
133225;414597;326754
133226;339376;218119
133227;418393;291846
133228;394862;278643
133229;349318;284374
133230;395833;295568
133231;391174;256644
133232;407732;248731
133233;350098;267075
133234;373926;257985
133235;401633;332464
133236;339887;287907
133237;396776;301565
133238;292206;257537
133239;342378;283129
133240;344956;267279
133241;266290;261018
133242;329515;288728
133243;375456;293581
133244;344773;262614
133245;399514;351288
133246;301727;282689
133247;387211;294814
133248;283222;249316
133249;357747;298537
133250;408286;232982
133251;391803;299885
133252;379449;318986
133253;340997;298207
133254;291640;279547
133255;327401;283038
133256;392687;269902
133257;280806;278360
133258;368338;351890
133259;398330;266362
133260;324843;303657
133261;262969;290578
133262;400894;292233
133263;347633;309825
133264;385506;261530
133265;338926;290701
133266;303462;264309
133267;294135;302362
133268;320546;347631
133269;261332;292900
133270;350254;305146
133271;368080;302036
133272;329049;291796
133273;260933;284703
133274;360318;299853
133275;406267;264521
133276;295772;273129
133277;349005;250331
133278;351501;244081
133279;414255;216250
133280;343076;254642
133281;302982;287137
133282;324083;292077
133283;282064;294708
133284;411422;285250
133285;288418;305433
133286;341354;339676
133287;258290;333367
133288;272818;287903
133289;348168;245884
133290;389923;269628
133291;291604;253010
133292;326132;343090
133293;276203;302407
133294;385483;288176
133295;276462;298356
133296;350074;297198
133297;261351;255548
133298;380084;248356
133299;319097;300293
133300;320007;319784
133301;295810;310154
133302;417713;283283
133303;284658;328040
133304;294114;293741
133305;344441;267136
133306;373386;223621
133307;412857;274682
133308;349972;288305
133309;283498;257396
133310;313983;277867
133311;366172;294493
133312;389536;297468
133313;368652;269191
133314;422543;251613
133315;304793;326689
133316;404552;304868
133317;372296;308197
133318;360024;333257
133319;262913;264981
133320;289009;235378
133321;343607;267478
133322;395506;325823
133323;399094;292397
133324;302614;295837
133325;394593;300777
133326;361981;268546
133327;259839;214916
133328;281215;286413
133329;336122;257486
133330;282834;282399
133331;263802;244933
133332;264270;259034
133333;392864;294761
133334;326313;315021
133335;397186;290861
133336;333617;268717
133337;287027;229008
133338;259105;331720
133339;268672;321214
133340;378557;270037
133341;386254;277396
133342;398451;318753
133343;328497;248879
133344;373568;354948
133345;277770;228169
133346;416145;257845
133347;236783;344083
133348;203764;260985
133349;241877;217065
133350;217746;318053
133351;188500;253541
133352;201941;356457
133353;226650;245102
133354;198896;226225
133355;208008;302098
133356;247320;261971
133357;253033;314569
133358;201806;254360
133359;239836;314091
133360;172949;251047
133361;179129;271317
133362;211103;258104
133363;199647;256992
133364;226321;279617
133365;255653;259389
133366;230185;317455
133367;221541;257827
133368;231751;299998
133369;219525;267199
133370;226344;235398
133371;257453;232227
133372;198730;214602
133373;243150;301335
133374;210300;312478
133375;254728;226692
133376;223797;246590
133377;244975;218105
133378;172289;274281
133379;173795;320136
133380;165947;239763
133381;258792;327239
133382;260977;255236
133383;246834;239566
133384;240102;259063
133385;166898;285357
133386;162697;311047
133387;248515;315100
133388;203474;289503
133389;238965;286857
133390;189174;320070
133391;219564;270581
133392;248689;303412
133393;199192;281127
133394;187031;297377
133395;239909;251004
133396;229038;238463
133397;174866;267905
133398;226530;285400
133399;197722;238587
133400;251255;324436
133401;237869;232832
133402;165398;288752
133403;230915;309762
133404;257703;320211
133405;226162;253873
133406;244550;276950
133407;161886;263137
133408;173794;261218
133409;213437;269253
133410;158827;272159
133411;175758;341153
133412;209065;256663
133413;163340;298234
133414;176957;280794
133415;224631;273606
133416;260215;229404
133417;174843;243591
133418;240668;286918
133419;190632;231686
133420;157301;265283
133421;201280;263216
133422;243554;276461
133423;206880;221638
133424;188889;224381
133425;245254;273964
133426;229576;297931
133427;200253;249289
133428;162171;278299
133429;182665;262909
133430;233019;297666
133431;260430;334813
133432;187239;309277
133433;180477;229842
133434;196599;253934
133435;257960;238446
133436;255804;263654
133437;240354;240948
133438;167682;239484
133439;225541;229708
133440;173594;287039
133441;239134;244920
133442;176855;244609
133443;251298;268757
133444;203692;253004
133445;245784;300409
133446;185433;227621
133447;223503;298841
133448;191831;256183
133449;247009;281664
133450;186037;246815
133451;243378;298515
133452;180317;271428
133453;225660;263560
133454;182772;325883
133455;223526;323577
133456;216766;304133
133457;194317;253887
133458;253520;313075
133459;254599;302535
133460;198537;304153
133461;187996;228177
133462;259772;213469
133463;263944;237127
133464;229115;280445
133465;206495;242138
133466;232435;289484
133467;194825;235741
133468;181489;253503
133469;205322;251713
133470;171853;260243
133471;168081;270423
133472;227099;260297
133473;194180;305310
133474;202404;316122
133475;163407;289358
133476;177294;285894
133477;210271;230823
133478;201534;247729
133479;214014;322211
133480;210849;328667
133481;253154;328783
133482;252439;317103
133483;208479;309112
133484;222597;301056
133485;229299;273652
133486;183069;300297
133487;237388;239262
133488;242719;255010
133489;233437;255136
133490;236923;301183
133491;177286;275263
133492;240883;266523
133493;158329;281438
133494;182545;312053
133495;163879;301151
133496;189790;305144
133497;209943;269676
133498;167398;296582
133499;229209;337470
133500;169204;326802
133501;179307;269890
133502;246229;230148
133503;237489;318788
133504;189508;294307
133505;235345;313872
133506;208111;247475
133507;240348;296938
133508;242660;298005
133509;234238;312578
133510;195048;285390
133511;226658;304498
133512;178084;239562
133513;175527;318003
133514;221452;269226
133515;223322;238976
133516;223835;259706
133517;236405;328284
133518;245103;239287
133519;248630;277189
133520;219181;300193
133521;176433;260967
133522;252627;254077
133523;246736;276330
133524;164516;260494
133525;250658;241571
133526;230953;251905
133527;172546;302543
133528;194841;221097
133529;253194;266634
133530;251506;274751
133531;195812;258469
133532;253553;321223
133533;253757;316320
133534;219631;343991
133535;254104;334522
133536;217696;315630
133537;247082;242938
133538;282969;274807
133539;178037;240607
133540;228937;280507
133541;219002;298710
133542;243775;264555
133543;197510;286725
133544;186914;263171
133545;236614;256775
133546;184840;246126
133547;243238;273981
133548;257254;229195
133549;254640;241032
133550;213125;278849
133551;208088;255764
133552;219453;215899
133553;242925;301490
133554;249322;315162
133555;233693;273466
133556;213315;309499
133557;242822;278715
133558;213284;345510
133559;199354;271998
133560;182944;255319
133561;263362;290911
133562;252827;263638
133563;196892;271452
133564;197687;290968
133565;202327;301503
133566;182401;313592
133567;246986;226849
133568;219122;242353
133569;182595;258390
133570;164405;314509
133571;208660;303482
133572;190540;243075
133573;187779;250157
133574;186738;341197
133575;185227;282624
133576;221718;325397
133577;254861;308576
133578;229647;223776
133579;186984;311925
133580;164149;332740
133581;244908;311535
133582;213347;238141
133583;241479;294877
133584;172121;297238
133585;244292;285556
133586;238604;304729
133587;159283;288143
133588;165463;290199
133589;190075;253900
133590;255954;227133
133591;211051;293788
133592;168698;284063
133593;253427;326919
133594;200238;282355
133595;239438;300509
133596;229557;263183
133597;257357;276006
133598;249956;296985
133599;219127;219417
133600;207423;279521
133601;167804;243001
133602;208620;238109
133603;204298;273531
133604;240553;304422
133605;242664;314332
133606;168873;295089
133607;223533;270623
133608;228335;254105
133609;253717;315662
133610;223892;282587
133611;248038;221209
133612;206162;278261
133613;174666;256501
133614;205553;346675
133615;256971;328918
133616;190606;255911
133617;192680;307259
133618;223599;319835
133619;237424;345289
133620;243592;323872
133621;257652;280768
133622;192315;240400
133623;246447;253826
133624;251898;260263
133625;172583;276076
133626;171097;277114
133627;173785;303688
133628;198603;259441
133629;248021;328478
133630;207216;294887
133631;247902;256569
133632;231855;327729
133633;286525;302278
133634;159429;248254
133635;164999;279614
133636;259078;267320
133637;207340;307738
133638;252751;320989
133639;228801;297103
133640;239602;259026
133641;206062;241239
133642;159509;298232
133643;204293;286291
133644;205226;239345
133645;247160;280197
133646;183569;328314
133647;218095;266091
133648;222643;254944
133649;181509;303937
133650;169204;285197
133651;230785;294843
133652;187453;286040
133653;205894;271426
133654;217195;261061
133655;247270;269824
133656;243390;280803
133657;246921;273072
133658;185846;260623
133659;216593;284747
133660;160811;232825
133661;162023;258494
133662;158585;288328
133663;247100;272457
133664;254609;337986
133665;175547;317636
133666;253195;244310
133667;214235;292985
133668;180492;308266
133669;169337;240081
133670;239136;293274
133671;248775;310928
133672;254216;282177
133673;183426;268524
133674;264621;241839
133675;170710;278785
133676;182700;339739
133677;165871;285047
133678;211063;276919
133679;247162;243480
133680;262610;296800
133681;257572;314165
133682;236639;287634
133683;256473;253411
133684;216678;264183
133685;196789;307411
133686;253155;261745
133687;249884;291759
133688;175416;306315
133689;213614;271034
133690;194621;235828
133691;187686;252291
133692;182078;214847
133693;218527;247467
133694;217713;330919
133695;244472;271756
133696;245269;308058
133697;164217;227161
133698;167037;282004
133699;169110;274589
133700;194954;250769
133701;187690;316689
133702;265486;259395
133703;203544;333207
133704;262629;276389
133705;188703;275701
133706;247173;270938
133707;193364;300465
133708;260105;270656
133709;179588;253792
133710;215138;298357
133711;248301;232845
133712;219258;228140
133713;208673;318208
133714;200630;241591
133715;181482;292525
133716;258703;287229
133717;170073;299261
133718;252891;272785
133719;206235;263092
133720;247333;293894
133721;196142;272496
133722;238369;280346
133723;234429;345019
133724;238194;257545
133725;226573;290661
133726;191930;269724
133727;193854;306127
133728;233676;228519
133729;229011;260558
133730;204344;302885
133731;199882;207465
133732;249543;246843
133733;158160;302030
133734;217340;276063
133735;239244;309110
133736;226146;219950
133737;200512;294189
133738;243762;285146
133739;248485;326601
133740;226569;253668
133741;167341;275783
133742;228555;262783
133743;237115;229149
133744;170886;273416
133745;235544;321253
133746;196335;274754
133747;203985;282524
133748;206810;270073
133749;160394;285133
133750;223624;286901
133751;185696;222683
133752;198615;258995
133753;198083;310731
133754;239449;297312
133755;204893;303899
133756;263084;316770
133757;223974;258231
133758;187747;276760
133759;207629;325302
133760;207544;251824
133761;235370;276951
133762;260947;220318
133763;250682;274271
133764;240249;272536
133765;163898;282920
133766;168987;292497
133767;204647;267074
133768;194275;310600
133769;242450;235562
133770;158667;331760
133771;213279;255501
133772;226427;307472
133773;198037;272275
133774;258715;212353
133775;237163;306386
133776;200158;301306
133777;239038;288863
133778;230399;244251
133779;214853;284411
133780;186479;241566
133781;257691;271123
133782;161159;283099
133783;249365;265198
133784;162933;259384
133785;240748;222791
133786;210404;252183
133787;200554;237638
133788;186475;326346
133789;258779;254694
133790;206829;342411
133791;249938;238281
133792;159840;239355
133793;179382;245052
133794;216926;255019
133795;195701;229455
133796;161245;318735
133797;248502;222589
133798;163336;278832
133799;220411;273823
133800;186184;297242
133801;186321;271430
133802;176190;270047
133803;168994;303777
133804;210299;307869
133805;240255;278771
133806;304053;304063
133807;320117;262708
133808;277567;264720
133809;239394;350497
133810;212116;340591
133811;279405;308029
133812;314386;307963
133813;213545;236508
133814;306840;266947
133815;236587;346986
133816;248396;257219
133817;231850;261411
133818;307434;284529
133819;314829;232573
133820;226151;329587
133821;234253;234672
133822;233709;243461
133823;251396;233274
133824;248715;290428
133825;304852;320885
133826;207158;355148
133827;260751;284072
133828;270566;293282
133829;208220;308360
133830;247058;214110
133831;211244;277816
133832;205042;262354
133833;200468;264886
133834;320852;299455
133835;273846;261382
133836;309164;320842
133837;209678;250062
133838;224456;313556
133839;278927;268814
133840;308088;295937
133841;260245;291894
133842;316547;245165
133843;227429;307978
133844;202172;266695
133845;297934;291355
133846;255394;356569
133847;217419;243481
133848;278490;227301
133849;298750;248789
133850;196607;291849
133851;281290;300276
133852;298491;278935
133853;310737;249890
133854;262524;268380
133855;289952;274800
133856;197316;305710
133857;222752;224409
133858;269913;319417
133859;300853;306497
133860;250094;287110
133861;274770;305046
133862;311469;286847
133863;193397;224637
133864;300020;338268
133865;250607;287634
133866;282994;289273
133867;259307;294452
133868;230057;220229
133869;216465;247728
133870;290323;238341
133871;232993;330803
133872;317544;288786
133873;315290;298993
133874;295968;299055
133875;313813;272169
133876;216432;264450
133877;245930;262208
133878;247051;274816
133879;200009;217959
133880;282528;337981
133881;266318;232705
133882;234323;325230
133883;263144;270204
133884;251978;252360
133885;271670;319403
133886;227554;326654
133887;268158;245432
133888;260203;305413
133889;268022;217265
133890;295257;269939
133891;199979;288738
133892;251946;316040
133893;220527;287924
133894;313797;259228
133895;304719;313530
133896;270349;279630
133897;281632;211765
133898;280849;345557
133899;243594;236499
133900;302180;277835
133901;204178;211497
133902;271566;319893
133903;287986;307480
133904;319194;261450
133905;203068;283656
133906;293629;234645
133907;234946;253859
133908;212630;320542
133909;274124;330646
133910;257888;277266
133911;194667;217257
133912;293908;306329
133913;299926;307136
133914;318997;290315
133915;265006;258827
133916;233211;242711
133917;312215;237301
133918;234579;305490
133919;243846;304675
133920;278121;250101
133921;258891;302278
133922;221515;317909
133923;238006;254921
133924;252551;299981
133925;204444;204943
133926;259200;286466
133927;200004;264591
133928;320622;247216
133929;277423;230776
133930;245583;270649
133931;287105;335607
133932;255194;287472
133933;246545;249521
133934;199651;285006
133935;268707;319789
133936;284894;319804
133937;227544;250376
133938;266117;259010
133939;271756;280626
133940;315980;237941
133941;271807;333347
133942;312017;263401
133943;248246;262357
133944;314119;244860
133945;310487;291856
133946;239066;296977
133947;206429;251292
133948;227821;271589
133949;226414;324503
133950;249186;247024
133951;281287;326053
133952;226201;291149
133953;276893;297431
133954;312606;306466
133955;198097;263518
133956;194893;320190
133957;288621;233345
133958;305304;321978
133959;194326;251165
133960;233556;318511
133961;211489;237804
133962;226564;313029
133963;280304;219957
133964;274066;269868
133965;235916;280170
133966;250233;326309
133967;197679;293755
133968;291366;316289
133969;254784;222249
133970;214186;270565
133971;241973;286805
133972;208272;284600
133973;303101;287973
133974;236478;293189
133975;270631;349508
133976;277593;282459
133977;291438;314836
133978;305423;288678
133979;275751;204957
133980;272235;307717
133981;289082;303184
133982;211562;295207
133983;294115;283698
133984;308532;352136
133985;222750;247866
133986;270117;319645
133987;238543;246527
133988;294901;302294
133989;248752;270419
133990;218248;297595
133991;273399;244079
133992;205208;309520
133993;246631;252200
133994;309961;283416
133995;277743;312382
133996;281705;330741
133997;219296;263191
133998;308582;244121
133999;280288;272198
134000;299227;248543
134001;280280;282265
134002;248256;285852
134003;319475;276985
134004;254954;297812
134005;201651;305140
134006;217130;324686
134007;218969;280965
134008;214969;337591
134009;245407;249409
134010;201391;294285
134011;275936;270888
134012;230159;293314
134013;253878;299668
134014;285424;320180
134015;259714;294260
134016;204419;284549
134017;319264;275322
134018;225867;328771
134019;285113;240231
134020;237147;327689
134021;246741;223351
134022;239543;279109
134023;303567;236949
134024;202526;327371
134025;231407;244564
134026;251650;278294
134027;307943;311875
134028;255410;322839
134029;203489;249858
134030;297693;301910
134031;282910;312550
134032;207473;223053
134033;225702;330029
134034;216528;284423
134035;284518;264333
134036;205170;263973
134037;194533;273835
134038;214183;275054
134039;281403;341844
134040;220464;277879
134041;249847;255366
134042;247457;268442
134043;216155;289920
134044;257859;281098
134045;246520;278070
134046;290748;302307
134047;267588;245643
134048;299550;301909
134049;305033;318259
134050;219468;305547
134051;281920;256110
134052;226434;250572
134053;251316;239096
134054;217593;296735
134055;253686;252032
134056;310785;255441
134057;300595;281707
134058;232571;318143
134059;305805;260384
134060;261128;312984
134061;241644;222683
134062;275557;248663
134063;194197;232021
134064;207763;258213
134065;312791;248968
134066;310120;267787
134067;199584;239292
134068;269959;323697
134069;234049;329062
134070;259268;298904
134071;224419;236504
134072;277633;265290
134073;272565;233369
134074;280801;308769
134075;217383;296950
134076;242539;295952
134077;232900;275710
134078;307382;284500
134079;289679;321115
134080;206782;293269
134081;258512;279710
134082;261356;249554
134083;223311;278336
134084;317784;320963
134085;247409;277173
134086;215170;243165
134087;237185;273684
134088;247457;311726
134089;293509;317869
134090;308735;317823
134091;317800;298971
134092;195174;269257
134093;318057;327964
134094;283578;288661
134095;205066;306768
134096;298117;283730
134097;245223;315623
134098;303911;272305
134099;279388;243714
134100;263714;307086
134101;302824;261063
134102;216151;322557
134103;199520;349833
134104;263538;244286
134105;315327;252074
134106;238786;306820
134107;225477;270346
134108;231103;302392
134109;231839;289686
134110;257112;282160
134111;273938;253816
134112;216546;246239
134113;260893;242297
134114;272227;340914
134115;315762;309852
134116;280152;313579
134117;307353;257993
134118;271659;304589
134119;251800;288270
134120;192989;325994
134121;210469;245625
134122;262065;235982
134123;206726;266641
134124;209475;264348
134125;285826;249724
134126;268135;269874
134127;247857;305772
134128;300998;289839
134129;234688;258585
134130;259943;315970
134131;199146;332181
134132;252348;298600
134133;238363;283056
134134;301612;277662
134135;303988;292053
134136;302836;288637
134137;317242;283911
134138;283072;323298
134139;201378;330631
134140;260577;314061
134141;208694;329249
134142;196179;313386
134143;285258;233935
134144;291238;299103
134145;257295;255809
134146;249969;316108
134147;213732;273687
134148;294238;293225
134149;216382;284346
134150;314563;258126
134151;194336;300959
134152;287482;248177
134153;261449;316140
134154;268580;306832
134155;208772;274342
134156;299545;303779
134157;300030;252210
134158;245402;250154
134159;264173;303843
134160;292867;272750
134161;211750;338654
134162;273984;307659
134163;197225;241770
134164;270421;258641
134165;251323;261889
134166;248559;261158
134167;239952;338620
134168;201693;232229
134169;192616;321524
134170;297827;289010
134171;201619;328716
134172;295434;237321
134173;214677;286359
134174;280172;298114
134175;218458;276853
134176;238956;293309
134177;271688;248470
134178;195523;248610
134179;217759;257326
134180;247326;329891
134181;228033;280234
134182;304700;249843
134183;259071;311631
134184;282342;284941
134185;290730;298090
134186;265280;254411
134187;254490;264356
134188;227467;219570
134189;279803;263750
134190;302287;343730
134191;205752;300242
134192;229946;245670
134193;208689;291352
134194;226582;258381
134195;290652;280897
134196;259232;271859
134197;214504;263387
134198;201241;261192
134199;281839;278812
134200;275873;297981
134201;234061;305130
134202;202657;250982
134203;290614;275404
134204;306630;250029
134205;272443;299861
134206;213641;313157
134207;228682;281711
134208;213251;263471
134209;311356;288744
134210;231464;268061
134211;196660;287011
134212;272978;309591
134213;199565;337190
134214;194177;240373
134215;196640;284530
134216;304356;252616
134217;219882;299780
134218;306301;277554
134219;247931;240125
134220;299976;278882
134221;251093;243617
134222;214838;282534
134223;253460;232749
134224;299915;262809
134225;272902;240336
134226;309695;278608
134227;232738;222388
134228;280431;300210
134229;282339;306158
134230;293320;338143
134231;211857;323705
134232;198960;333389
134233;309964;294005
134234;228511;253788
134235;305236;274412
134236;270572;264161
134237;258741;302869
134238;228784;310133
134239;196522;250429
134240;213220;246770
134241;228087;221097
134242;225690;229950
134243;219374;238563
134244;314967;269938
134245;286400;362410
134246;226750;272091
134247;197718;284056
134248;196333;303386
134249;202591;327168
134250;239581;334334
134251;222050;274252
134252;297522;267709
134253;237245;254691
134254;355795;328242
134255;489084;236925
134256;477347;308014
134257;489996;331961
134258;407830;305009
134259;496844;312625
134260;372574;320715
134261;440160;235584
134262;385200;269227
134263;396864;244929
134264;437585;287905
134265;324461;289182
134266;412473;292456
134267;389215;227632
134268;369309;332832
134269;407628;283292
134270;334825;329239
134271;423068;247811
134272;364419;317874
134273;408229;311118
134274;442669;307698
134275;399500;293641
134276;376459;284264
134277;456840;239911
134278;401401;326388
134279;502709;277741
134280;458598;218115
134281;389473;278932
134282;357321;322511
134283;453934;296427
134284;429237;230803
134285;385251;309342
134286;493458;282059
134287;437513;235850
134288;472210;286651
134289;317750;332051
134290;370618;283890
134291;384828;303994
134292;365144;284242
134293;331667;315231
134294;349871;250310
134295;308354;275260
134296;466784;314043
134297;336092;284518
134298;478192;262937
134299;474442;283366
134300;478104;303733
134301;342252;263499
134302;321309;275244
134303;316891;245036
134304;410408;248985
134305;310200;307605
134306;390611;294083
134307;415620;269298
134308;377417;295929
134309;501855;275120
134310;330506;217035
134311;417620;294157
134312;391110;285972
134313;337277;316763
134314;473043;310551
134315;338567;296007
134316;359052;273187
134317;427020;308258
134318;360621;312075
134319;486341;349650
134320;362340;311706
134321;352363;287458
134322;420151;277723
134323;431602;259514
134324;375126;262059
134325;461743;297920
134326;369558;266633
134327;320280;285663
134328;393006;261031
134329;376838;299983
134330;475772;305282
134331;428380;229319
134332;412114;323967
134333;332699;239629
134334;460649;245980
134335;317518;245802
134336;489667;288841
134337;506405;259754
134338;421767;239105
134339;504678;303132
134340;475023;225011
134341;448995;252109
134342;376230;296178
134343;347106;268709
134344;453640;232249
134345;464078;279919
134346;368516;305952
134347;445513;242491
134348;368658;289894
134349;344524;273052
134350;497681;281722
134351;376834;239461
134352;456801;329356
134353;347863;295516
134354;417334;226375
134355;466156;328553
134356;389567;292542
134357;464545;305487
134358;396770;345460
134359;356903;324975
134360;398997;295871
134361;457920;297385
134362;425713;305738
134363;455593;213318
134364;397949;292425
134365;357385;325349
134366;316813;329304
134367;408286;268805
134368;312845;218199
134369;393043;310610
134370;416074;324323
134371;355229;313279
134372;376905;297236
134373;422063;294006
134374;347910;261657
134375;410366;332916
134376;371043;264495
134377;496352;321911
134378;457801;255864
134379;328320;244490
134380;490325;260730
134381;358758;318329
134382;380720;220832
134383;323243;322614
134384;322104;287541
134385;354974;237584
134386;393460;275503
134387;465242;219343
134388;460252;328580
134389;425282;254282
134390;488807;307719
134391;340003;268762
134392;415471;279247
134393;418156;345456
134394;505694;228914
134395;316298;294333
134396;419098;313499
134397;447639;290554
134398;359475;238630
134399;422067;219634
134400;338117;272704
134401;489132;300432
134402;451128;238117
134403;446381;260794
134404;447589;251371
134405;334056;335111
134406;449063;266599
134407;384842;246014
134408;324744;298989
134409;425107;230468
134410;362067;324932
134411;506209;267518
134412;311327;257993
134413;389977;249206
134414;502207;317500
134415;378206;262761
134416;427062;263252
134417;330630;314760
134418;456704;309804
134419;486435;307232
134420;330879;315032
134421;379910;212052
134422;475821;294025
134423;393408;262845
134424;454116;284322
134425;465313;300283
134426;413358;249121
134427;470451;300658
134428;400851;257015
134429;351755;280494
134430;424515;272088
134431;451910;275584
134432;495927;310584
134433;306530;270037
134434;342828;263568
134435;402697;223902
134436;353467;304208
134437;509241;270031
134438;322043;275520
134439;455796;284227
134440;361604;248177
134441;337092;264407
134442;419648;257222
134443;332011;299116
134444;450150;297711
134445;337205;279841
134446;395631;299467
134447;434732;299224
134448;370038;308436
134449;421073;239897
134450;318051;337958
134451;398338;295903
134452;497736;311827
134453;375507;342728
134454;502915;292700
134455;321656;263362
134456;457497;262237
134457;309689;281114
134458;434939;339443
134459;423944;261098
134460;315719;258788
134461;336653;250442
134462;460022;319283
134463;411128;278429
134464;514844;296627
134465;455858;279176
134466;446948;262081
134467;431488;294051
134468;419165;252520
134469;397552;264493
134470;313640;287078
134471;466846;293945
134472;347836;298684
134473;336134;263717
134474;388440;261541
134475;307088;260801
134476;406038;230143
134477;385101;245512
134478;457203;326241
134479;311176;327022
134480;435979;219412
134481;471457;286896
134482;444026;281826
134483;386630;263036
134484;450872;321946
134485;433063;249392
134486;457976;224558
134487;363964;268075
134488;368572;244823
134489;434232;296001
134490;374021;303056
134491;370167;292822
134492;489919;241174
134493;306763;254161
134494;367803;279678
134495;314747;292366
134496;418985;228227
134497;473310;248030
134498;385075;279072
134499;384253;320559
134500;321580;247103
134501;418373;330793
134502;418545;255961
134503;462836;280260
134504;432275;328856
134505;308853;289890
134506;460636;232055
134507;470556;265227
134508;320850;309725
134509;476884;274389
134510;319389;292939
134511;383852;329442
134512;440912;272688
134513;375092;339987
134514;408138;237616
134515;423389;239906
134516;335984;240643
134517;365118;297793
134518;413803;310262
134519;321585;265626
134520;338295;316307
134521;406349;290818
134522;463798;318617
134523;392322;299558
134524;401137;245834
134525;318732;306949
134526;447484;294364
134527;429679;285441
134528;405925;263997
134529;503697;229103
134530;389840;229495
134531;483805;282139
134532;445978;296029
134533;373544;252394
134534;468328;304817
134535;375872;292421
134536;490799;251900
134537;381205;310097
134538;412009;287097
134539;328953;270938
134540;491526;224262
134541;338448;271322
134542;483519;332576
134543;312900;301206
134544;373597;278832
134545;323465;266058
134546;503569;313857
134547;316883;293318
134548;500315;302405
134549;453233;247955
134550;390055;284915
134551;428534;307908
134552;431862;342045
134553;310051;298380
134554;481218;326730
134555;475931;254197
134556;448217;255527
134557;467786;261089
134558;397625;204996
134559;470965;294471
134560;341751;216550
134561;419132;334565
134562;400609;307119
134563;352908;285570
134564;432729;313344
134565;505142;279539
134566;437100;239279
134567;438347;237456
134568;365070;273465
134569;437616;353294
134570;452444;294978
134571;471801;263858
134572;464306;296277
134573;310910;349436
134574;379548;269732
134575;386783;261045
134576;510018;277990
134577;311726;258945
134578;449085;253313
134579;375943;312792
134580;387593;299158
134581;335070;289589
134582;312643;313132
134583;465753;299840
134584;356726;281955
134585;394533;326230
134586;368659;254155
134587;467041;271996
134588;369618;275159
134589;507450;293560
134590;345721;284523
134591;388571;284746
134592;374827;230757
134593;348697;248332
134594;425352;302862
134595;428404;239234
134596;432626;253030
134597;461818;249200
134598;374961;224520
134599;501697;293119
134600;477899;234224
134601;406046;320563
134602;407589;251179
134603;340709;287479
134604;507452;343620
134605;508605;309049
134606;378216;278904
134607;360000;327721
134608;375572;287497
134609;336529;261285
134610;285976;243944
134611;361662;298475
134612;456338;289945
134613;284298;303302
134614;318756;264621
134615;349884;318934
134616;355466;279325
134617;324442;229910
134618;387282;310203
134619;426089;277860
134620;276833;263044
134621;457958;232430
134622;422483;299909
134623;447884;289110
134624;295818;271064
134625;425174;317758
134626;280255;324856
134627;453934;327760
134628;308347;319578
134629;277750;277597
134630;286584;300356
134631;332185;304397
134632;340161;221877
134633;282799;266949
134634;443349;254530
134635;354453;291173
134636;354314;264744
134637;322955;217379
134638;356048;299190
134639;277601;301122
134640;363852;341602
134641;438970;284235
134642;306808;254673
134643;411524;245168
134644;294484;247924
134645;376007;310937
134646;426741;279660
134647;313312;255035
134648;416505;240685
134649;327534;224803
134650;349058;278077
134651;346947;305086
134652;374201;224721
134653;386742;327615
134654;303879;283493
134655;356229;322873
134656;337201;278195
134657;284289;305921
134658;352066;304298
134659;368294;217191
134660;322686;269648
134661;445569;257600
134662;389732;260160
134663;436266;328511
134664;402609;267632
134665;422622;298667
134666;394890;328906
134667;390077;322480
134668;397556;296616
134669;423341;281066
134670;415874;241383
134671;398981;303901
134672;283961;234105
134673;411609;283890
134674;422927;248697
134675;295753;304257
134676;409903;258713
134677;317408;289362
134678;455526;289000
134679;283358;217219
134680;415645;224808
134681;310689;248646
134682;303062;260412
134683;314065;315589
134684;419730;300111
134685;315368;296674
134686;421308;254105
134687;359161;281129
134688;400871;234876
134689;273593;297703
134690;300704;259379
134691;395130;309689
134692;346255;288886
134693;387460;306222
134694;379368;308798
134695;397051;322246
134696;403740;267354
134697;444249;221928
134698;395984;245666
134699;355896;266612
134700;315120;273777
134701;365307;310242
134702;372874;266513
134703;382881;274176
134704;420237;278517
134705;392295;300899
134706;416014;305194
134707;392759;294260
134708;342303;242466
134709;311972;297798
134710;452848;250905
134711;368671;248330
134712;341023;207885
134713;297224;315921
134714;442966;301058
134715;444963;236379
134716;282036;309415
134717;388043;262495
134718;306618;282508
134719;342038;305088
134720;314098;332029
134721;307670;277885
134722;315340;304704
134723;315355;280999
134724;378358;308893
134725;341173;273573
134726;313566;229659
134727;418385;254117
134728;327555;309216
134729;399903;283815
134730;323696;250479
134731;320696;313372
134732;300606;314511
134733;344754;299039
134734;327932;296200
134735;314191;261303
134736;406732;218752
134737;436459;316214
134738;314908;282072
134739;408498;267514
134740;379049;272381
134741;445893;252569
134742;342683;307015
134743;377800;304830
134744;295511;334530
134745;404616;290572
134746;409846;291453
134747;442794;290731
134748;312898;298334
134749;346367;264199
134750;456711;232703
134751;407812;300212
134752;302103;285452
134753;432492;250898
134754;296615;238128
134755;392211;249264
134756;351362;266479
134757;301039;300074
134758;354905;314375
134759;387770;307497
134760;375384;235723
134761;397458;258431
134762;444902;246857
134763;360091;283893
134764;386700;233473
134765;452356;277893
134766;387128;265198
134767;321119;232589
134768;343479;276348
134769;443680;294680
134770;361784;264810
134771;303220;268438
134772;448198;326635
134773;423468;235267
134774;340027;285889
134775;338687;211892
134776;377444;308308
134777;377570;290415
134778;326271;296357
134779;318637;235880
134780;402723;250354
134781;378985;297853
134782;435056;294692
134783;276214;262298
134784;353322;330179
134785;311046;235570
134786;324653;259747
134787;367778;242196
134788;408501;292082
134789;387165;278734
134790;447777;295933
134791;383627;238836
134792;408174;300906
134793;389896;218320
134794;457293;309116
134795;322933;264300
134796;378999;250322
134797;349907;330895
134798;358109;243981
134799;296884;254362
134800;290440;291473
134801;332068;281653
134802;278293;243464
134803;315121;318628
134804;394471;259624
134805;315002;235896
134806;358352;356127
134807;370630;334138
134808;453185;229726
134809;365562;273860
134810;376162;293894
134811;303935;242938
134812;446344;304157
134813;451212;330727
134814;310987;272670
134815;368488;307669
134816;302873;314760
134817;431223;302969
134818;477248;250123
134819;453409;249308
134820;449469;308268
134821;344771;274071
134822;377705;314167
134823;312012;313411
134824;444681;286766
134825;327476;228769
134826;340261;279871
134827;286563;287850
134828;455757;339646
134829;432030;280673
134830;421269;260605
134831;288872;227456
134832;343954;218486
134833;313200;318222
134834;352379;244448
134835;339460;247373
134836;387544;290494
134837;422200;228455
134838;330938;281744
134839;356508;305048
134840;357198;275632
134841;444432;300983
134842;408555;282178
134843;310867;292108
134844;370675;263306
134845;455714;317277
134846;303219;228383
134847;399461;226260
134848;418417;260127
134849;290104;245291
134850;396971;242398
134851;331703;298648
134852;413475;250721
134853;309652;261657
134854;424391;213249
134855;321708;278419
134856;312029;230771
134857;290657;208226
134858;366465;283751
134859;301003;280107
134860;445538;310685
134861;327305;301657
134862;453769;275857
134863;372708;332079
134864;450518;249486
134865;374430;351014
134866;280658;282960
134867;321772;301739
134868;452328;324516
134869;332316;301910
134870;385209;339486
134871;345281;259274
134872;398570;314943
134873;432769;306819
134874;388881;321688
134875;356701;241853
134876;290684;296661
134877;336183;277291
134878;304838;270865
134879;369744;265365
134880;298891;240360
134881;368364;273176
134882;342705;268357
134883;351427;268643
134884;303949;261936
134885;309403;309979
134886;275223;321471
134887;302925;308999
134888;320729;300033
134889;420120;289655
134890;335139;291882
134891;353301;327326
134892;443024;322494
134893;276476;315171
134894;326509;309739
134895;307414;273388
134896;434289;253758
134897;447596;272531
134898;286346;317045
134899;298807;302102
134900;370811;305210
134901;348008;269821
134902;431918;275996
134903;367334;337943
134904;382966;294661
134905;356088;279210
134906;318285;251954
134907;400731;324291
134908;328471;339879
134909;409249;282877
134910;451498;300731
134911;310289;311585
134912;330775;250246
134913;456056;245391
134914;315227;270922
134915;333249;277408
134916;280584;312480
134917;280344;291243
134918;282713;237953
134919;415865;243294
134920;447337;219866
134921;378688;321134
134922;448023;319528
134923;399229;293879
134924;308643;232338
134925;422893;267733
134926;336927;283934
134927;364478;221904
134928;390934;293681
134929;395683;276334
134930;355946;252764
134931;443078;211564
134932;329974;278626
134933;404153;264194
134934;382854;235321
134935;366332;261400
134936;451707;311969
134937;283824;242187
134938;315668;257647
134939;365062;296960
134940;370121;264086
134941;351143;259127
134942;406868;289413
134943;391855;289230
134944;436340;248387
134945;430940;275839
134946;345710;275019
134947;403864;279955
134948;340486;263017
134949;433395;243478
134950;359048;249226
134951;321130;219309
134952;429744;301364
134953;451667;282749
134954;379661;280645
134955;340965;308341
134956;355016;256649
134957;367720;301549
134958;321027;234958
134959;296674;259012
134960;326855;267540
134961;303827;303645
134962;402805;231995
134963;355295;245058
134964;371316;243773
134965;283711;274369
134966;406210;275706
134967;379709;303670
134968;425731;280112
134969;323111;316226
134970;322474;335243
134971;377903;309905
134972;453368;305828
134973;378956;347537
134974;301723;311114
134975;363352;213534
134976;308845;232550
134977;437589;250229
134978;343709;361937
134979;418949;320377
134980;431249;268813
134981;335205;225159
134982;451235;315061
134983;415934;277645
134984;350042;257322
134985;446672;318692
134986;296809;292078
134987;382266;214379
134988;326013;316567
134989;274399;250748
134990;387084;320648
134991;433992;265507
134992;320607;274171
134993;437571;277523
134994;366647;261733
134995;315192;282987
134996;384586;287988
134997;274671;239777
134998;441005;296362
134999;365055;285127
135000;340383;293341
135001;436715;298293
135002;382384;348522
135003;349102;215051
135004;331024;299641
135005;374052;345273
135006;329416;333329
135007;412747;266445
135008;454863;290220
135009;353598;255762
135010;452344;237994
135011;345688;292955
135012;341098;283942
135013;312574;272624
135014;342090;345679
135015;387401;280961
135016;308382;314474
135017;455854;305146
135018;291061;254448
135019;289234;314964
135020;460148;271942
135021;320979;235964
135022;418761;283199
135023;390493;280327
135024;397080;292030
135025;395958;294185
135026;441741;249020
135027;294988;274213
135028;425312;253711
135029;392409;305459
135030;356241;247367
135031;399372;290776
135032;367784;298339
135033;518319;267957
135034;514458;300945
135035;496242;297928
135036;463188;255727
135037;475848;260319
135038;717662;247165
135039;689493;235407
135040;737190;281468
135041;717290;236753
135042;567061;248389
135043;564061;262138
135044;645276;262062
135045;628655;253473
135046;491582;209244
135047;545925;249382
135048;714713;313786
135049;574844;247992
135050;679132;307280
135051;543896;303712
135052;528937;326956
135053;576030;255893
135054;466435;227823
135055;704842;317875
135056;730077;258447
135057;639913;300636
135058;660400;311645
135059;521542;270398
135060;512659;270169
135061;721774;340784
135062;748842;297855
135063;642951;329971
135064;611396;248101
135065;681347;265232
135066;541696;252111
135067;729715;299780
135068;643584;312167
135069;648165;277880
135070;613047;256740
135071;656956;253307
135072;744805;247250
135073;623191;239382
135074;735367;269087
135075;677947;275802
135076;752495;304689
135077;586466;254731
135078;518952;311748
135079;749866;267818
135080;523341;339183
135081;603468;318460
135082;602134;254343
135083;457685;238829
135084;710144;309449
135085;541730;256153
135086;568153;302602
135087;583895;235050
135088;582337;306733
135089;744751;332835
135090;466242;277654
135091;469189;261553
135092;540789;300650
135093;545987;283957
135094;597284;248828
135095;626012;305015
135096;709203;306698
135097;478163;307409
135098;558950;289780
135099;625937;263376
135100;699046;230892
135101;565351;232682
135102;553639;276614
135103;597211;286711
135104;481547;325886
135105;552569;276337
135106;480352;280432
135107;658859;245563
135108;632087;278628
135109;721051;244260
135110;504132;248684
135111;657052;276532
135112;668127;205477
135113;652979;288629
135114;588730;278008
135115;468036;329848
135116;569959;316258
135117;504355;250590
135118;492918;281677
135119;662327;221857
135120;458926;342633
135121;552276;286191
135122;706310;290710
135123;700727;233679
135124;572090;322170
135125;469714;271461
135126;702355;288430
135127;574762;292905
135128;666485;290388
135129;703560;247184
135130;507857;319105
135131;525357;276093
135132;461985;286441
135133;531068;241373
135134;743888;254512
135135;502182;323750
135136;490181;305120
135137;681047;261293
135138;550610;246420
135139;717741;235901
135140;753158;302375
135141;558464;325124
135142;677443;232260
135143;489467;308225
135144;672579;297233
135145;607434;301327
135146;505831;264923
135147;724346;309738
135148;685768;223590
135149;743406;264046
135150;669156;298615
135151;687007;345162
135152;554897;317004
135153;597061;258835
135154;520127;292174
135155;690181;256578
135156;503476;235142
135157;507578;256294
135158;638148;259037
135159;582375;302756
135160;624728;330814
135161;452404;225705
135162;612730;255540
135163;596080;293974
135164;701889;316174
135165;579839;309332
135166;491520;298628
135167;718272;269675
135168;484585;268938
135169;590246;214504
135170;604500;307876
135171;625784;328526
135172;571060;235710
135173;685898;317941
135174;609109;217142
135175;450796;272212
135176;642207;293679
135177;543084;311051
135178;719991;323880
135179;715024;239342
135180;559261;305619
135181;747205;323718
135182;538865;245171
135183;745033;319404
135184;635421;246611
135185;481608;296997
135186;685322;272898
135187;579695;289083
135188;569954;259146
135189;615902;217460
135190;509979;291021
135191;702074;309653
135192;746439;262432
135193;466805;252325
135194;726830;326514
135195;594916;280272
135196;470249;293834
135197;727997;324378
135198;720165;279099
135199;567285;289504
135200;743500;276672
135201;611550;294397
135202;452986;311052
135203;728920;329861
135204;451897;270890
135205;582732;280840
135206;647158;256612
135207;714342;273103
135208;501701;296002
135209;614868;331523
135210;746817;343736
135211;637433;311676
135212;723976;344773
135213;467091;328514
135214;734146;256943
135215;623589;238802
135216;616637;350629
135217;617230;271729
135218;586960;300485
135219;690125;266469
135220;651701;243633
135221;680504;232395
135222;720505;279338
135223;523749;283349
135224;588225;308132
135225;533750;289496
135226;462361;314178
135227;472147;335194
135228;463737;286231
135229;567361;242208
135230;664024;267479
135231;639453;251984
135232;494275;255813
135233;536660;342858
135234;533860;257625
135235;727882;283925
135236;533800;265650
135237;604733;250104
135238;524538;243450
135239;530982;288952
135240;595320;260263
135241;609827;312871
135242;455169;265577
135243;746080;318072
135244;565592;262491
135245;462849;330236
135246;650495;265812
135247;662127;267952
135248;733246;251517
135249;478094;276264
135250;547060;280095
135251;539948;243226
135252;501872;260187
135253;664184;330579
135254;547668;318497
135255;456622;316456
135256;481591;318832
135257;541195;299160
135258;480708;306728
135259;450798;265944
135260;457291;257242
135261;580697;276702
135262;603232;288996
135263;625793;239503
135264;497638;283227
135265;613082;308778
135266;526040;315188
135267;563142;314274
135268;638943;281836
135269;472220;313409
135270;743620;245939
135271;524388;242481
135272;676334;305287
135273;661106;343206
135274;617848;328756
135275;655930;335692
135276;707622;317886
135277;591855;244498
135278;598833;307105
135279;515127;297114
135280;510291;348342
135281;566070;272570
135282;521445;234442
135283;697182;250843
135284;702987;285465
135285;742085;274221
135286;709214;302491
135287;457922;279215
135288;700396;304338
135289;689170;307666
135290;655185;276762
135291;703356;263029
135292;703159;315503
135293;666323;294261
135294;483328;323518
135295;555170;277241
135296;608467;304919
135297;705396;309686
135298;678616;332659
135299;604574;263016
135300;681774;241688
135301;586805;314457
135302;626645;319643
135303;638961;347275
135304;560624;274189
135305;489808;292249
135306;513352;269266
135307;652857;313253
135308;681334;286063
135309;500450;263284
135310;700860;294917
135311;473160;292918
135312;697368;266779
135313;576019;243315
135314;552031;302367
135315;578525;290086
135316;507073;344612
135317;509754;250514
135318;680117;234620
135319;572993;270869
135320;646476;250626
135321;590627;317706
135322;668797;253856
135323;548034;292348
135324;637282;345055
135325;610471;351321
135326;521617;321019
135327;606776;312194
135328;617956;256427
135329;684036;287401
135330;615948;310639
135331;482449;335819
135332;549124;270196
135333;695576;276777
135334;524052;266463
135335;671701;250319
135336;681207;301530
135337;683581;341008
135338;716657;303605
135339;768456;242878
135340;690041;312293
135341;576153;331705
135342;507331;267304
135343;593715;274369
135344;489390;308028
135345;569199;282798
135346;489388;283297
135347;543002;304457
135348;644788;304889
135349;572457;313222
135350;747196;287567
135351;643571;258575
135352;469450;350122
135353;750211;273368
135354;558401;298724
135355;735057;273694
135356;681715;310831
135357;555951;304896
135358;631854;287668
135359;773118;249597
135360;504529;314051
135361;483152;277788
135362;764380;293549
135363;547048;232154
135364;717740;411076
135365;657401;248505
135366;697674;321006
135367;504848;308050
135368;652166;332997
135369;498219;267838
135370;757512;266134
135371;584012;310816
135372;466167;305296
135373;630877;276625
135374;638947;266432
135375;554707;278720
135376;644108;284311
135377;474633;245015
135378;656366;230795
135379;688511;294472
135380;656826;331107
135381;665828;367075
135382;608724;286601
135383;741217;317108
135384;568505;268092
135385;581302;272006
135386;672968;276655
135387;761875;269216
135388;765206;266852
135389;518982;257069
135390;483984;253800
135391;471194;270393
135392;720651;250735
135393;672781;311698
135394;669944;319015
135395;624272;309255
135396;724638;260213
135397;488442;225776
135398;526708;251125
135399;746850;311729
135400;470282;239191
135401;501405;253884
135402;501610;300033
135403;628033;292947
135404;636582;309489
135405;628507;283829
135406;639230;240670
135407;733143;267762
135408;773526;314977
135409;772930;339569
135410;697319;314369
135411;720082;334658
135412;523292;229143
135413;467437;227291
135414;686994;295591
135415;495579;221944
135416;765291;246519
135417;505878;268015
135418;486218;256140
135419;684367;265295
135420;640346;283936
135421;706427;309794
135422;758284;221956
135423;618754;299495
135424;621012;268090
135425;544088;241516
135426;606101;326456
135427;566613;262251
135428;750136;262772
135429;565675;288632
135430;769523;280579
135431;477793;337238
135432;571793;305617
135433;728008;287913
135434;760123;315168
135435;566572;271328
135436;464181;224830
135437;470322;345087
135438;648463;279364
135439;468023;286626
135440;565704;318525
135441;673642;252633
135442;564261;256329
135443;712468;278293
135444;668663;224505
135445;645748;350692
135446;719034;347204
135447;746529;264441
135448;563524;313499
135449;581096;263865
135450;466971;250307
135451;602707;302620
135452;632663;214962
135453;541355;274613
135454;693933;233209
135455;476803;299532
135456;621419;247101
135457;771577;292131
135458;586868;276441
135459;706187;317896
135460;517091;237655
135461;542412;303944
135462;566138;265328
135463;702187;309816
135464;626131;279286
135465;610634;237475
135466;772189;270878
135467;733857;306701
135468;605020;249102
135469;619602;270785
135470;632776;293367
135471;708421;283542
135472;685200;299908
135473;753747;289945
135474;702971;309052
135475;682787;281244
135476;698242;257219
135477;775189;254551
135478;579319;263603
135479;462946;223478
135480;678939;242384
135481;604216;223640
135482;593499;315991
135483;584534;268939
135484;750662;280036
135485;527989;319985
135486;499532;325007
135487;739789;305477
135488;663673;264363
135489;586794;228620
135490;560141;239295
135491;671431;215882
135492;778252;327156
135493;482621;282909
135494;539835;219647
135495;686342;229000
135496;486639;278040
135497;530968;240690
135498;607453;265803
135499;494606;315245
135500;712018;284337
135501;717850;242766
135502;764079;231382
135503;476489;292119
135504;501640;309302
135505;548413;287215
135506;629721;323945
135507;571917;225995
135508;662623;243645
135509;675088;307879
135510;468124;312423
135511;660979;264212
135512;556665;303746
135513;667399;275483
135514;632943;283122
135515;576145;339359
135516;512532;284711
135517;520492;266316
135518;692256;274019
135519;741753;273832
135520;703352;263221
135521;601958;249710
135522;624190;315573
135523;564545;282913
135524;691397;255175
135525;772482;304934
135526;550301;268681
135527;676329;239871
135528;602343;287127
135529;570127;304577
135530;576156;212988
135531;710313;252007
135532;560208;242089
135533;620231;251515
135534;604264;343544
135535;728713;271773
135536;547477;274722
135537;717033;308699
135538;748088;296339
135539;756960;282936
135540;493757;241880
135541;584908;272474
135542;474301;316374
135543;702144;306061
135544;648594;341096
135545;559596;270274
135546;697754;263209
135547;769224;261779
135548;735864;235596
135549;630904;248882
135550;698086;293856
135551;693851;256851
135552;757564;310384
135553;547597;297731
135554;627896;328080
135555;591551;244350
135556;623852;280940
135557;661115;280133
135558;683679;352303
135559;746336;253274
135560;703372;338922
135561;688138;216224
135562;586238;292272
135563;602932;227629
135564;641562;249576
135565;603396;273511
135566;553129;252786
135567;468836;247448
135568;478344;342186
135569;620005;311228
135570;712784;328627
135571;652263;260135
135572;475607;322602
135573;567827;326772
135574;488958;213642
135575;728631;254780
135576;636889;235556
135577;699233;252687
135578;685683;228984
135579;527284;320758
135580;576418;299913
135581;532982;287887
135582;657370;280826
135583;700432;300353
135584;571332;275579
135585;724345;327419
135586;641878;347699
135587;770245;262896
135588;689240;279680
135589;516320;289444
135590;472879;262936
135591;473493;331261
135592;670408;323933
135593;741497;264037
135594;573779;251608
135595;607725;310081
135596;526604;279111
135597;474142;340079
135598;734236;257315
135599;509641;290324
135600;601123;288626
135601;521740;277705
135602;655809;307755
135603;569689;243648
135604;729560;333646
135605;633329;333423
135606;483318;288438
135607;702265;314517
135608;732768;318572
135609;570028;249649
135610;769517;258827
135611;558807;296313
135612;746382;317293
135613;609054;253221
135614;546111;277231
135615;486218;232235
135616;553569;294261
135617;543444;258698
135618;561205;287929
135619;601520;296393
135620;502572;270999
135621;748215;293058
135622;493542;293357
135623;663904;304868
135624;499844;236341
135625;722119;319535
135626;501444;329293
135627;546106;315138
135628;505444;268911
135629;575025;238185
135630;468352;376163
135631;660214;283185
135632;530418;251907
135633;582074;247635
135634;676301;268138
135635;623633;266749
135636;669617;281027
135637;455682;275604
135638;685864;277040
135639;723120;259008
135640;717086;306911
135641;685776;346869
135642;533795;273504
135643;480992;253093
135644;636448;270382
135645;614329;300366
135646;624206;302402
135647;502595;273891
135648;497321;222455
135649;599294;307623
135650;544382;316968
135651;701891;258996
135652;714719;267913
135653;677943;283236
135654;500849;292538
135655;654436;347355
135656;495446;279841
135657;551492;299408
135658;452953;257646
135659;552084;322218
135660;687565;247841
135661;612384;326200
135662;467186;304945
135663;468982;321406
135664;533170;268400
135665;580945;279903
135666;674790;202812
135667;570395;281673
135668;626956;252714
135669;621572;333003
135670;604959;222792
135671;465546;312001
135672;636069;300244
135673;702865;221663
135674;729818;250434
135675;660103;269152
135676;632338;255986
135677;462171;281424
135678;479784;248943
135679;595215;318852
135680;721253;227686
135681;728480;302297
135682;647437;336653
135683;501770;313235
135684;510058;338519
135685;608731;293412
135686;566651;240521
135687;652040;320699
135688;664687;261588
135689;724709;325564
135690;697832;240594
135691;476651;273224
135692;747460;305559
135693;691836;313087
135694;600547;233864
135695;671094;298580
135696;577569;296344
135697;595026;284912
135698;738541;296809
135699;499971;325166
135700;653863;292656
135701;757558;216238
135702;520581;285881
135703;710707;255775
135704;749076;257661
135705;666626;317421
135706;557919;258535
135707;651118;266306
135708;693075;260592
135709;738207;313418
135710;684041;308403
135711;585023;245649
135712;493347;261721
135713;728106;312748
135714;754713;321540
135715;658207;345161
135716;528706;290948
135717;531557;284610
135718;681660;247351
135719;633422;295675
135720;653874;216360
135721;451630;242943
135722;575106;240189
135723;642824;307429
135724;744646;299029
135725;656756;271162
135726;730029;238694
135727;561115;263415
135728;555990;267942
135729;540141;284458
135730;565351;341277
135731;675510;320730
135732;471263;304575
135733;551456;338219
135734;489207;324396
135735;572331;279693
135736;745139;266753
135737;609745;226397
135738;645872;274118
135739;580059;220291
135740;709315;210221
135741;620329;314923
135742;554366;273791
135743;719410;309474
135744;727640;259263
135745;575498;325534
135746;515115;231185
135747;702675;274708
135748;565276;242366
135749;658138;326394
135750;701156;298672
135751;501144;220417
135752;483446;293230
135753;488820;323059
135754;755388;231076
135755;517005;288523
135756;450831;240232
135757;594748;334429
135758;743803;245495
135759;457926;351038
135760;468841;279786
135761;636487;273278
135762;698231;287325
135763;607319;304611
135764;507883;280374
135765;633582;267768
135766;732522;348890
135767;536517;281822
135768;477826;269564
135769;593771;284160
135770;639305;336740
135771;650642;230853
135772;615951;246997
135773;597873;294261
135774;614278;301580
135775;499423;277561
135776;680167;340368
135777;454644;251176
135778;466217;301632
135779;588716;256834
135780;709593;296981
135781;606329;296882
135782;701158;266834
135783;540578;304909
135784;476470;233841
135785;728503;331143
135786;641811;315642
135787;671395;246253
135788;500228;302481
135789;642405;273673
135790;459205;267473
135791;659209;260436
135792;652473;317417
135793;488002;274420
135794;488525;211525
135795;744650;283027
135796;665182;325847
135797;608526;240117
135798;673797;251055
135799;461164;255709
135800;752851;323109
135801;657037;290534
135802;603591;301564
135803;518398;282497
135804;665239;265671
135805;747699;294745
135806;652977;299112
135807;459777;307708
135808;685801;285830
135809;625518;284011
135810;482691;261419
135811;663348;305314
135812;721711;316150
135813;629624;257504
135814;506998;276572
135815;590921;298421
135816;560154;267153
135817;464987;311981
135818;746792;258648
135819;495461;314537
135820;724943;300394
135821;667853;266308
135822;712544;296957
135823;636169;264893
135824;742952;315041
135825;597651;327035
135826;708794;258874
135827;467009;267689
135828;714129;257217
135829;645072;299992
135830;604498;222211
135831;653620;292075
135832;504912;239236
135833;729939;254302
135834;755248;291617
135835;748507;236064
135836;696211;245887
135837;623621;311331
135838;602443;271971
135839;550323;256998
135840;580233;291506
135841;488616;305268
135842;542454;318115
135843;478877;293202
135844;600805;274845
135845;504663;290595
135846;668883;298056
135847;494746;281727
135848;562256;267922
135849;666891;344143
135850;742549;282199
135851;685739;335574
135852;508924;313485
135853;654423;251278
135854;523987;345380
135855;596721;341785
135856;517571;245274
135857;728465;266769
135858;564083;256286
135859;573953;350484
135860;452587;272060
135861;467178;257098
135862;642558;261204
135863;595618;282280
135864;479219;297516
135865;608430;318795
135866;575899;327934
135867;724866;290617
135868;497021;392256
135869;664304;277656
135870;472189;297478
135871;463000;282198
135872;670599;300866
135873;461691;310090
135874;736902;284721
135875;750684;304701
135876;691067;303228
135877;474978;305809
135878;622955;323111
135879;649392;295144
135880;517972;300606
135881;706613;292121
135882;666775;261957
135883;495612;253040
135884;595175;306701
135885;640243;341410
135886;552403;273849
135887;676689;247311
135888;601303;302496
135889;658771;225169
135890;714409;291497
135891;539993;298354
135892;658080;304719
135893;555190;284652
135894;531657;292154
135895;627766;316234
135896;572539;248716
135897;663187;218940
135898;498987;279488
135899;706337;266631
135900;600665;339005
135901;449263;212622
135902;713292;342701
135903;747690;283318
135904;556918;354385
135905;701441;257711
135906;625843;311714
135907;529956;238937
135908;605880;222312
135909;692333;291183
135910;739738;261719
135911;691877;270183
135912;709853;347604
135913;750513;283983
135914;662337;335730
135915;455168;277986
135916;675550;327591
135917;594279;306978
135918;507443;303951
135919;569023;237547
135920;463241;282884
135921;480098;254808
135922;579070;268064
135923;736802;304572
135924;593475;300533
135925;531048;242385
135926;623650;361230
135927;694564;240490
135928;456504;258901
135929;697607;246834
135930;506540;247227
135931;577887;246819
135932;557288;319925
135933;592157;228874
135934;693292;316982
135935;541059;275437
135936;733979;277315
135937;710975;243983
135938;565506;265413
135939;691372;252716
135940;610934;294831
135941;648353;272320
135942;687236;263614
135943;517296;275870
135944;708281;261102
135945;740150;301100
135946;464564;237080
135947;625374;326518
135948;704577;256936
135949;672488;266342
135950;479104;308998
135951;655367;248055
135952;709888;272186
135953;599196;258736
135954;641305;245152
135955;459297;243801
135956;611074;268526
135957;657579;264441
135958;648826;249762
135959;537914;302494
135960;702816;222915
135961;733436;291730
135962;596190;325534
135963;561869;247417
135964;573617;341464
135965;612157;269676
135966;659019;269437
135967;532006;285357
135968;615271;335104
135969;596576;325146
135970;544363;264460
135971;556761;209317
135972;736036;286084
135973;605549;245895
135974;611397;291624
135975;524953;256808
135976;503996;247808
135977;571309;265315
135978;514688;320788
135979;731717;302616
135980;617192;269080
135981;751669;337759
135982;737356;306232
135983;732169;247976
135984;626036;278441
135985;735911;262726
135986;634525;280467
135987;598047;255917
135988;727180;320762
135989;475095;298870
135990;495644;313321
135991;683056;286858
135992;573547;260487
135993;511132;293847
135994;549758;229966
135995;583371;299575
135996;466941;259136
135997;485491;235185
135998;498614;253493
135999;467123;295982
136000;740062;328706
136001;655790;252605
136002;589280;307608
136003;660057;275349
136004;728321;306062
136005;663918;243564
136006;555661;332457
136007;517567;275874
136008;739580;293873
136009;526834;316746
136010;690456;293833
136011;546348;344367
136012;568875;288751
136013;452446;294386
136014;738953;231212
136015;607811;277590
136016;523100;243593
136017;596119;262818
136018;591770;253684
136019;733238;278094
136020;563814;294652
136021;574977;326552
136022;646521;285856
136023;728447;266421
136024;653550;288030
136025;696833;297094
136026;739111;280061
136027;571917;271342
136028;632893;285336
136029;549345;220062
136030;538585;277797
136031;603677;337391
136032;732455;309918
136033;626967;362528
136034;479988;282205
136035;655013;244158
136036;750111;285706
136037;647498;282540
136038;579644;340164
136039;726860;309022
136040;728527;286033
136041;713106;254547
136042;496011;346262
136043;551926;313761
136044;481441;259496
136045;647083;209336
136046;451306;284984
136047;601556;299919
136048;461125;280016
136049;560335;338405
136050;551152;270361
136051;747209;269786
136052;465549;272598
136053;549520;318881
136054;513887;260348
136055;511509;290708
136056;646464;288327
136057;527979;244455
136058;702705;277681
136059;535460;262296
136060;640076;281675
136061;632812;341636
136062;448224;290743
136063;556336;342170
136064;633916;264722
136065;512450;291288
136066;525448;316506
136067;648788;309624
136068;714976;267559
136069;739916;247375
136070;525462;218084
136071;677833;300773
136072;527435;282796
136073;473514;316266
136074;704548;349963
136075;519211;215724
136076;490131;222402
136077;603080;307626
136078;478441;366999
136079;658871;315327
136080;532773;248505
136081;676551;287635
136082;739689;299924
136083;502193;281902
136084;504958;301584
136085;654981;266677
136086;548806;334854
136087;641393;224846
136088;490900;285353
136089;579404;228093
136090;607781;240271
136091;622731;280730
136092;465209;328117
136093;531632;227392
136094;457486;317213
136095;752409;247354
136096;672356;252070
136097;500550;292931
136098;698915;318914
136099;686174;367085
136100;706428;295040
136101;565386;312265
136102;563840;345689
136103;538760;335446
136104;753251;228325
136105;714810;237525
136106;555979;259284
136107;635358;296853
136108;618767;242516
136109;622226;252623
136110;520804;274412
136111;458702;301307
136112;740793;259573
136113;547541;250686
136114;679739;296595
136115;735888;233917
136116;625294;247291
136117;595049;347953
136118;546821;231135
136119;729792;277741
136120;482519;309371
136121;540016;224071
136122;569687;261884
136123;713139;332743
136124;617131;260214
136125;701668;278029
136126;627194;299375
136127;663922;314595
136128;690273;278085
136129;715470;265327
136130;474597;251885
136131;598753;280684
136132;637216;284697
136133;654327;259317
136134;624280;312498
136135;625001;317595
136136;568901;324919
136137;607811;310315
136138;730470;283042
136139;469596;276688
136140;492814;309620
136141;525118;250803
136142;659695;282917
136143;681848;245947
136144;643560;313296
136145;591443;255978
136146;453026;320538
136147;554355;224539
136148;466529;274698
136149;585682;304757
136150;713797;257710
136151;476386;262370
136152;572929;262513
136153;591805;319677
136154;697117;229162
136155;624271;330162
136156;678741;241403
136157;718613;249698
136158;709920;260675
136159;504081;221649
136160;707403;328357
136161;689583;286970
136162;546529;278642
136163;581861;293448
136164;715384;255705
136165;559566;339328
136166;456141;269648
136167;501534;241915
136168;516559;244902
136169;680888;253334
136170;705678;339006
136171;648169;243408
136172;589081;305648
136173;685073;282985
136174;726356;275566
136175;638930;273607
136176;639875;250532
136177;714988;237823
136178;501749;316513
136179;515506;316694
136180;634947;346318
136181;508741;245414
136182;708286;323337
136183;705537;255852
136184;590615;276929
136185;691343;317679
136186;459299;256604
136187;469534;245247
136188;719574;249989
136189;632891;246984
136190;556705;265269
136191;736668;292784
136192;669643;240140
136193;598437;269813
136194;687287;303992
136195;538941;310031
136196;694200;316477
136197;721145;260382
136198;560614;228919
136199;631790;294515
136200;553425;312510
136201;681516;240884
136202;505110;262156
136203;683371;239396
136204;533373;241205
136205;578455;295085
136206;574488;276467
136207;707941;234620
136208;574357;254660
136209;724094;261576
136210;498336;273918
136211;716078;244977
136212;571414;257939
136213;621842;295690
136214;710183;302333
136215;662835;219927
136216;606433;288157
136217;506670;302752
136218;725080;232350
136219;700881;253911
136220;740649;306970
136221;503004;300141
136222;605276;332836
136223;652030;225718
136224;732074;277134
136225;547117;268958
136226;678014;255705
136227;642207;229762
136228;587368;297232
136229;631476;235794
136230;585637;281230
136231;529357;254124
136232;578246;270805
136233;526638;303705
136234;647453;308173
136235;675981;273874
136236;701622;251661
136237;713411;289591
136238;488013;283985
136239;606720;321321
136240;703164;231476
136241;527192;284917
136242;457185;299800
136243;450411;264901
136244;587296;327231
136245;688753;332962
136246;575159;256796
136247;725276;304941
136248;530282;303917
136249;650896;222112
136250;668272;274181
136251;464474;212411
136252;515083;258350
136253;479789;258732
136254;514132;258432
136255;706235;248471
136256;623254;241598
136257;524966;309836
136258;750760;223600
136259;603029;342585
136260;732817;254322
136261;500799;259627
136262;477802;298454
136263;592189;292023
136264;487746;284226
136265;734068;318600
136266;657131;302457
136267;617671;252783
136268;740622;323867
136269;477078;308521
136270;602072;306300
136271;474950;318769
136272;678580;204177
136273;743110;234806
136274;589942;232947
136275;410409;308249
136276;451335;246270
136277;394932;257117
136278;522543;304250
136279;489561;227558
136280;361951;317816
136281;431050;274291
136282;376449;217371
136283;366187;250096
136284;558033;286936
136285;349528;313714
136286;352974;293306
136287;532793;281002
136288;517033;246189
136289;430685;299023
136290;551687;227297
136291;414668;215740
136292;490035;308792
136293;438435;233325
136294;520933;238092
136295;400620;232922
136296;353699;283390
136297;388623;316116
136298;559239;253566
136299;456263;331958
136300;547298;283852
136301;430126;353102
136302;419530;348846
136303;505999;236765
136304;535848;337546
136305;385570;267018
136306;509837;259372
136307;394342;328059
136308;453412;261021
136309;362613;239924
136310;397469;316534
136311;482222;244702
136312;404692;234962
136313;535444;287815
136314;398105;340994
136315;355790;278867
136316;559494;240732
136317;410981;316419
136318;395654;285306
136319;354868;334657
136320;562603;297814
136321;420934;229988
136322;442569;339845
136323;381711;245253
136324;465132;343831
136325;357360;232056
136326;402523;270785
136327;428583;290839
136328;530274;257828
136329;524367;299869
136330;389660;228930
136331;552466;253508
136332;365525;287647
136333;390865;325782
136334;482435;309033
136335;431503;260815
136336;469886;253134
136337;367471;242290
136338;573089;258729
136339;387339;265677
136340;443681;294486
136341;519803;269158
136342;448312;301866
136343;501830;275477
136344;551482;262252
136345;529098;320185
136346;388869;304566
136347;349433;317355
136348;514838;291130
136349;385707;283292
136350;538219;250066
136351;498825;340186
136352;505027;220236
136353;520202;275941
136354;516785;331356
136355;388994;325582
136356;493368;277884
136357;422311;321971
136358;390666;271900
136359;514914;284907
136360;352089;287784
136361;342187;350970
136362;459856;245259
136363;444881;264897
136364;528492;300244
136365;423819;277438
136366;486141;259274
136367;501672;296382
136368;376528;235817
136369;448081;301786
136370;442626;296376
136371;384481;239876
136372;533898;292673
136373;501726;287586
136374;487451;331790
136375;410374;266437
136376;481828;313692
136377;510168;283878
136378;508105;215449
136379;514117;318953
136380;381227;234868
136381;549525;254234
136382;363862;322209
136383;559536;288251
136384;401827;292862
136385;409175;272130
136386;399296;315851
136387;406441;245533
136388;562471;269445
136389;462940;335734
136390;423031;300023
136391;354494;284772
136392;415405;311727
136393;563987;287632
136394;515089;325889
136395;437328;257823
136396;380296;318225
136397;425305;294447
136398;405846;322235
136399;541892;291387
136400;398480;313080
136401;487211;243412
136402;433607;324360
136403;344080;283361
136404;386733;291806
136405;353983;287326
136406;479672;269190
136407;339591;285178
136408;338779;268059
136409;433721;259767
136410;380396;234070
136411;375858;244600
136412;430826;267466
136413;348643;269871
136414;356270;307171
136415;500063;262056
136416;554839;243363
136417;560198;272358
136418;402544;237890
136419;384070;255198
136420;345054;305404
136421;358508;265925
136422;428554;320881
136423;425761;289452
136424;376359;245584
136425;409827;320558
136426;504914;286510
136427;532669;238251
136428;438063;250852
136429;457490;264092
136430;378469;281315
136431;392460;270163
136432;388308;276503
136433;367760;310160
136434;359999;306803
136435;469510;313263
136436;458869;313915
136437;340753;296311
136438;430344;244820
136439;509083;316471
136440;415401;284375
136441;343642;288229
136442;372918;255906
136443;375175;242996
136444;521627;299545
136445;415412;299503
136446;495511;235259
136447;414924;209463
136448;533252;233061
136449;493864;294666
136450;562116;319032
136451;438273;251538
136452;481476;257983
136453;377185;271170
136454;482680;297459
136455;374918;250103
136456;553917;254800
136457;437944;271177
136458;410119;303390
136459;344350;256476
136460;407877;278166
136461;522991;262767
136462;489213;277184
136463;389587;295132
136464;561558;330227
136465;338606;318296
136466;472111;252298
136467;503199;313133
136468;427085;315417
136469;502071;307252
136470;359828;245702
136471;444581;328495
136472;428623;265457
136473;506262;254760
136474;411584;228822
136475;378194;267713
136476;473459;313502
136477;490265;320030
136478;382080;265377
136479;524502;261396
136480;527856;220135
136481;398490;292135
136482;541451;261957
136483;524202;277012
136484;506255;301460
136485;533372;295478
136486;383232;279605
136487;528142;224006
136488;429110;297503
136489;394412;310309
136490;398201;288195
136491;514467;317014
136492;485079;240142
136493;449006;304326
136494;524842;281205
136495;360610;246745
136496;486257;306136
136497;550943;309515
136498;497291;272513
136499;558320;320359
136500;477099;296060
136501;453008;314533
136502;362862;254004
136503;440076;328082
136504;564372;297497
136505;485106;314125
136506;348384;340704
136507;476391;256851
136508;497795;280542
136509;425929;273942
136510;443735;321064
136511;457074;317104
136512;461355;237733
136513;381389;271680
136514;486877;292251
136515;385609;286434
136516;438392;278997
136517;451576;274063
136518;487246;279029
136519;453377;244151
136520;463820;276479
136521;361369;315154
136522;459580;262543
136523;437509;224665
136524;373482;223719
136525;478997;326157
136526;462899;303016
136527;432341;279542
136528;495486;335316
136529;448187;268483
136530;389955;254313
136531;416731;293428
136532;449647;254014
136533;436760;350230
136534;341006;310633
136535;493454;281648
136536;337133;218078
136537;517580;314652
136538;401119;282276
136539;350354;288039
136540;536263;237233
136541;346274;329386
136542;448632;288081
136543;457956;202771
136544;408587;343065
136545;424311;259033
136546;376420;277634
136547;364703;294030
136548;468242;240093
136549;521918;328086
136550;489742;262119
136551;380859;260401
136552;407097;234397
136553;518106;244477
136554;364270;270891
136555;380674;307779
136556;341130;263551
136557;422834;262499
136558;557697;306781
136559;486972;331196
136560;538823;240730
136561;379641;280344
136562;373625;296754
136563;517776;292140
136564;489472;309394
136565;437753;322836
136566;449744;269177
136567;433422;215188
136568;355842;239424
136569;504278;292233
136570;443617;252590
136571;419375;274856
136572;425931;293162
136573;538132;275645
136574;454438;275611
136575;370041;236157
136576;377627;293693
136577;410732;290928
136578;425634;310310
136579;512513;335413
136580;497981;260903
136581;406737;269031
136582;400087;363315
136583;360330;306742
136584;450220;241418
136585;438531;294400
136586;383116;270927
136587;383001;349483
136588;510867;305118
136589;374055;278024
136590;471861;261359
136591;342276;315527
136592;520281;345311
136593;524390;269495
136594;400135;226872
136595;454969;284761
136596;479004;283553
136597;434634;231919
136598;504082;318507
136599;442211;304250
136600;536091;271380
136601;459002;257042
136602;545573;330641
136603;351171;261133
136604;388641;261222
136605;478259;257000
136606;348146;300732
136607;517168;330943
136608;466007;299413
136609;361439;293187
136610;362279;248081
136611;359044;279307
136612;497434;224622
136613;441902;252924
136614;371777;338653
136615;402834;271313
136616;542637;279298
136617;537180;256504
136618;364241;308149
136619;427350;265506
136620;438777;243061
136621;496657;292449
136622;440505;297388
136623;390721;306014
136624;493076;244753
136625;364853;275512
136626;511943;251823
136627;475200;312656
136628;528240;287236
136629;396369;253865
136630;412040;240594
136631;541683;298350
136632;508743;220467
136633;481918;317701
136634;441871;294160
136635;406754;288369
136636;472322;325456
136637;533783;228766
136638;378958;287646
136639;508646;335714
136640;534504;236195
136641;466804;323339
136642;400162;262051
136643;511356;276492
136644;499878;317433
136645;375158;213474
136646;371865;237260
136647;484069;282136
136648;434039;316245
136649;361998;292478
136650;484263;311636
136651;453689;228313
136652;446840;275001
136653;481421;269812
136654;545846;296597
136655;367434;294386
136656;522349;297870
136657;491669;234894
136658;509933;233604
136659;391928;292384
136660;457892;301038
136661;425268;241848
136662;468716;347937
136663;395684;226957
136664;426230;213647
136665;559199;282898
136666;374934;271071
136667;491439;255936
136668;411929;322945
136669;364929;319815
136670;416164;287232
136671;461795;311119
136672;368665;354676
136673;421602;290409
136674;530476;233687
136675;466742;267855
136676;568656;269509
136677;520641;321076
136678;470371;264012
136679;435878;259068
136680;448988;222855
136681;537375;309823
136682;464104;293439
136683;492238;250730
136684;525393;338848
136685;532141;290740
136686;463789;278580
136687;488136;328284
136688;404482;289089
136689;508264;210658
136690;553468;330099
136691;431374;305565
136692;547283;295211
136693;529756;254460
136694;341454;287846
136695;533094;280505
136696;408182;284012
136697;360556;304359
136698;517438;334978
136699;541632;326793
136700;482138;237227
136701;421214;350729
136702;421558;287426
136703;554919;239462
136704;519276;252790
136705;374032;306053
136706;440234;300277
136707;493813;213378
136708;343210;276072
136709;367060;311329
136710;341231;281075
136711;479527;277740
136712;448163;270249
136713;536241;257524
136714;392041;290712
136715;532277;212024
136716;549866;249533
136717;398474;307301
136718;415980;252752
136719;550765;344098
136720;436021;296408
136721;431622;271284
136722;482023;282945
136723;445021;272732
136724;420361;232577
136725;450241;300114
136726;462481;289035
136727;617752;238903
136728;560860;318140
136729;588716;251535
136730;432041;307141
136731;492057;327486
136732;501298;231423
136733;570220;257681
136734;583890;262160
136735;630771;317118
136736;432337;311350
136737;449661;250953
136738;562857;245317
136739;569934;243446
136740;483147;237976
136741;603853;262753
136742;384098;309036
136743;584796;268921
136744;513637;298350
136745;565720;258676
136746;459051;277751
136747;515679;264506
136748;374561;272141
136749;609164;367203
136750;414692;266322
136751;493019;299207
136752;593233;276926
136753;570044;283981
136754;564582;214743
136755;421443;218694
136756;508343;306028
136757;386100;263873
136758;534934;335125
136759;523939;297683
136760;434558;327722
136761;385889;205304
136762;523094;273560
136763;402561;312128
136764;476079;306535
136765;460034;296530
136766;493010;311254
136767;534069;308724
136768;495956;261705
136769;521757;254922
136770;390346;262870
136771;459746;315967
136772;378718;315101
136773;497759;288529
136774;538772;293488
136775;544712;327491
136776;440570;293255
136777;462589;297042
136778;438851;278157
136779;604892;233673
136780;556967;242300
136781;423293;259106
136782;470184;279659
136783;492822;295261
136784;594309;315539
136785;515224;298859
136786;394959;301495
136787;456489;228824
136788;488317;288517
136789;583053;248787
136790;570638;258563
136791;560291;274997
136792;526293;260532
136793;441296;313001
136794;375228;239680
136795;522572;316848
136796;575076;321504
136797;479210;291481
136798;412035;250388
136799;546761;300692
136800;543794;239121
136801;529276;256437
136802;553270;287305
136803;440772;267268
136804;449616;241891
136805;554082;229179
136806;447502;340494
136807;442267;293365
136808;451451;225615
136809;506713;316789
136810;586465;245878
136811;445054;264018
136812;548639;294605
136813;576910;282264
136814;528630;275778
136815;513297;231715
136816;551483;265038
136817;533056;284124
136818;483136;309853
136819;537462;274905
136820;448253;306615
136821;534723;294982
136822;488619;343730
136823;507426;266268
136824;371917;279670
136825;496330;337636
136826;467258;240092
136827;538754;302844
136828;478050;292598
136829;451390;280608
136830;490965;228391
136831;583368;310408
136832;476883;327519
136833;460535;258995
136834;568167;287932
136835;440238;251632
136836;465128;312735
136837;388952;315480
136838;540873;301502
136839;506493;293377
136840;409451;250818
136841;452630;305150
136842;432723;320912
136843;491376;284834
136844;483241;311348
136845;443159;220188
136846;448329;335409
136847;405110;275194
136848;445586;244049
136849;599302;243812
136850;548607;226322
136851;390181;275675
136852;580327;330185
136853;420793;305497
136854;534997;268629
136855;479192;238432
136856;573017;305190
136857;427313;237268
136858;529541;288882
136859;502200;242376
136860;597886;249310
136861;412032;279299
136862;371995;278160
136863;463086;334647
136864;422785;270581
136865;398907;294722
136866;489664;299438
136867;400810;321934
136868;463674;277834
136869;605339;268609
136870;609695;284177
136871;548148;293051
136872;576147;281195
136873;371118;261794
136874;451382;278071
136875;375181;302988
136876;387128;224007
136877;560404;232749
136878;527454;296550
136879;541296;273155
136880;444138;308668
136881;384724;221369
136882;417465;240255
136883;616478;227460
136884;490386;243817
136885;467327;267879
136886;482485;254727
136887;586994;349793
136888;492869;255280
136889;589319;307112
136890;551721;264893
136891;501260;316827
136892;388991;298093
136893;436540;292961
136894;416358;325882
136895;416563;316210
136896;521093;272564
136897;450260;246574
136898;435125;261554
136899;609811;286948
136900;572611;268798
136901;380762;293367
136902;433473;263839
136903;461069;300018
136904;590100;273242
136905;601525;267159
136906;478072;280546
136907;525719;245446
136908;549679;231349
136909;382791;307084
136910;452983;276817
136911;429234;334677
136912;422368;322529
136913;567310;249460
136914;510916;268657
136915;606329;316778
136916;616005;298376
136917;603236;272966
136918;376090;286085
136919;538146;309283
136920;611855;282204
136921;544624;307755
136922;538875;348825
136923;611724;263434
136924;474115;302231
136925;553125;289316
136926;592301;313338
136927;450280;228665
136928;555637;249959
136929;572714;228512
136930;535942;240056
136931;565399;280603
136932;408226;335012
136933;604979;234349
136934;549504;323903
136935;580667;350785
136936;489432;260787
136937;444062;236763
136938;464321;250307
136939;408781;228652
136940;517816;248056
136941;606240;248447
136942;484721;245207
136943;458936;340272
136944;394224;299589
136945;428841;273898
136946;500923;334590
136947;574610;226067
136948;533000;324226
136949;432268;267518
136950;551393;303549
136951;395612;258621
136952;403467;274241
136953;465903;266936
136954;513944;293221
136955;508207;277911
136956;451915;255481
136957;503423;281157
136958;390589;277528
136959;509664;273182
136960;541131;294254
136961;571562;237532
136962;600730;264166
136963;607364;268304
136964;571676;307337
136965;481608;262894
136966;604212;278410
136967;591751;332533
136968;468676;262879
136969;493480;288640
136970;530020;277539
136971;398941;303755
136972;591328;248961
136973;504720;228201
136974;407742;268433
136975;505532;291536
136976;566144;323868
136977;474955;243450
136978;533252;258630
136979;428148;296987
136980;469339;315739
136981;462860;255293
136982;605056;320292
136983;532715;307522
136984;604409;242213
136985;552465;328053
136986;598378;276348
136987;531481;352170
136988;425265;285444
136989;385062;333452
136990;402958;276880
136991;433835;321488
136992;421663;230127
136993;438833;231995
136994;589598;299382
136995;423339;254998
136996;596137;313522
136997;461368;335788
136998;561863;282093
136999;416472;296661
137000;600022;286175
137001;416498;268991
137002;614518;266642
137003;494966;333323
137004;463014;292723
137005;423169;213396
137006;385423;259277
137007;456006;236538
137008;427008;246932
137009;403021;304409
137010;540637;288131
137011;460790;246041
137012;374758;346201
137013;433858;243616
137014;457985;236638
137015;507421;301032
137016;560762;272184
137017;513089;340784
137018;390351;306210
137019;487022;274002
137020;435214;300227
137021;587181;314459
137022;397762;248021
137023;497700;264728
137024;562844;330296
137025;432772;312524
137026;465261;308530
137027;493735;295172
137028;535831;294697
137029;392103;308848
137030;602814;222445
137031;398722;223878
137032;393769;330567
137033;558184;321302
137034;499041;249813
137035;449550;262447
137036;569094;248263
137037;521341;304872
137038;506223;329504
137039;463124;290768
137040;544737;330107
137041;410352;216873
137042;458693;309156
137043;424991;281388
137044;484913;291064
137045;454393;315416
137046;581646;260259
137047;471041;253604
137048;390779;255959
137049;485309;273381
137050;427195;250050
137051;569903;282407
137052;543424;227511
137053;495529;275154
137054;438628;268052
137055;599614;261625
137056;457238;239106
137057;436443;227625
137058;433973;287774
137059;370297;305307
137060;543886;261454
137061;544006;266641
137062;422295;235368
137063;598031;308000
137064;580018;335280
137065;394949;292653
137066;536753;269147
137067;508856;248484
137068;467477;279582
137069;440617;313550
137070;509322;291750
137071;448819;234368
137072;561530;245430
137073;440532;269119
137074;570715;262893
137075;443293;247099
137076;578480;297337
137077;573696;322252
137078;398443;277986
137079;515731;207318
137080;402885;321739
137081;510229;263101
137082;546049;272846
137083;520980;328488
137084;509312;219324
137085;448858;240819
137086;543492;243427
137087;458403;229197
137088;434737;294401
137089;577051;249834
137090;416200;316074
137091;582235;264403
137092;532008;263961
137093;378123;276877
137094;465863;333261
137095;381509;259427
137096;418649;279171
137097;413274;258161
137098;457944;278428
137099;577293;243576
137100;371713;273123
137101;587206;270288
137102;382543;260867
137103;455852;260842
137104;498092;254107
137105;497686;300003
137106;396780;222743
137107;535385;255907
137108;467795;275917
137109;370198;237581
137110;551953;297813
137111;489650;321901
137112;512018;334112
137113;554600;267896
137114;542562;233488
137115;441537;299357
137116;608523;321587
137117;688044;286295
137118;693906;319057
137119;548791;229094
137120;556751;293786
137121;657659;227039
137122;640279;285402
137123;528230;322606
137124;495698;270323
137125;509114;269972
137126;651925;301456
137127;721539;276509
137128;658349;303126
137129;513349;254034
137130;681101;274085
137131;734960;268701
137132;581946;243746
137133;544580;282810
137134;755098;293511
137135;571856;331144
137136;590604;283331
137137;587763;311037
137138;653740;248683
137139;657661;336732
137140;737540;221763
137141;616833;300665
137142;640978;270388
137143;740902;277120
137144;671297;255366
137145;672226;305262
137146;706566;282220
137147;592270;248805
137148;590116;267344
137149;568009;355669
137150;577682;292677
137151;712123;282481
137152;523912;264656
137153;563261;285381
137154;717721;292475
137155;588632;313486
137156;765291;284048
137157;470490;269570
137158;497290;271729
137159;623409;269750
137160;470373;260774
137161;715540;295832
137162;482381;227220
137163;652757;307707
137164;559803;327735
137165;523199;310372
137166;632709;274318
137167;559483;319188
137168;491768;265630
137169;560597;233148
137170;531871;249903
137171;648748;237774
137172;776874;233404
137173;661510;272176
137174;702293;252465
137175;613898;238621
137176;471921;262273
137177;613788;332113
137178;595028;273018
137179;483484;294466
137180;502708;347008
137181;610277;267528
137182;543015;335674
137183;490746;294790
137184;638958;285601
137185;738099;236415
137186;595588;313039
137187;735203;241080
137188;731542;305118
137189;747305;250693
137190;639051;281396
137191;711324;291922
137192;588365;252405
137193;508751;251603
137194;702801;224347
137195;767249;297489
137196;687881;320201
137197;532352;307023
137198;589857;287811
137199;624197;253597
137200;654017;281576
137201;535958;250446
137202;573294;293777
137203;665435;311244
137204;644276;258774
137205;519099;340871
137206;712130;295441
137207;508673;275659
137208;577197;299160
137209;637139;298877
137210;524910;334622
137211;774111;320614
137212;585273;282354
137213;551432;251305
137214;637766;327014
137215;727436;320304
137216;723347;312562
137217;659878;298295
137218;665418;247504
137219;601029;305605
137220;666317;299673
137221;655062;260302
137222;627227;353580
137223;639213;321844
137224;618837;207808
137225;572932;296620
137226;545864;210736
137227;524298;262653
137228;605663;272790
137229;604077;306621
137230;672023;258917
137231;496387;267380
137232;464496;334833
137233;695395;250588
137234;652684;248615
137235;762147;267012
137236;563831;319951
137237;745299;278907
137238;752707;347820
137239;654494;264019
137240;541708;284101
137241;521211;306221
137242;628442;308185
137243;747223;295075
137244;558278;263297
137245;737798;268772
137246;589843;261276
137247;613986;303371
137248;545787;257757
137249;618667;319015
137250;713980;240670
137251;632512;249536
137252;690460;260544
137253;581498;294246
137254;694320;304898
137255;722048;282220
137256;642436;250138
137257;538504;333303
137258;523424;249502
137259;522315;296612
137260;745545;269493
137261;617925;288382
137262;614134;301157
137263;680348;342730
137264;726125;258617
137265;640114;266457
137266;503210;270726
137267;634679;279093
137268;639157;241049
137269;585630;236537
137270;485720;272879
137271;599487;288201
137272;500680;282567
137273;597490;266723
137274;483309;248846
137275;665177;267909
137276;479939;263332
137277;678664;246872
137278;485267;250206
137279;669045;330376
137280;652425;232033
137281;628195;266784
137282;518669;291866
137283;610250;267293
137284;568750;311068
137285;510818;274013
137286;738393;314158
137287;466452;326706
137288;480923;217093
137289;521909;333893
137290;722463;312386
137291;601481;270884
137292;596741;281930
137293;637268;318484
137294;592343;321944
137295;684957;341668
137296;456894;255046
137297;478644;328584
137298;545150;225896
137299;650901;321815
137300;724602;210880
137301;669944;247193
137302;701560;291229
137303;707335;357213
137304;596618;283464
137305;580029;259433
137306;530755;314438
137307;637161;251296
137308;570022;300390
137309;726451;227782
137310;626985;299568
137311;534435;222574
137312;677472;238500
137313;672314;309657
137314;531225;280322
137315;613113;268312
137316;587395;252627
137317;599223;253701
137318;679290;259826
137319;621775;270858
137320;755240;308783
137321;662318;269141
137322;706389;267429
137323;583108;244170
137324;468822;291793
137325;690188;282650
137326;600299;321244
137327;626136;255207
137328;535781;258025
137329;655262;302583
137330;476605;285260
137331;732731;352277
137332;555046;288193
137333;560694;341014
137334;642045;244311
137335;688570;344000
137336;774713;286309
137337;580680;250381
137338;751848;232202
137339;509769;275847
137340;487215;330280
137341;588960;266272
137342;753849;278190
137343;628733;292454
137344;476967;233460
137345;583704;262778
137346;734847;262407
137347;739175;274254
137348;720373;260864
137349;498097;257650
137350;659791;261182
137351;633704;256388
137352;771951;324425
137353;752334;342454
137354;467950;253091
137355;663500;258191
137356;672293;315962
137357;572406;305882
137358;757334;219298
137359;653738;255119
137360;535580;321410
137361;685370;265315
137362;593381;308941
137363;739424;289285
137364;526912;237293
137365;577141;241061
137366;568567;245944
137367;676599;297715
137368;756353;279900
137369;688143;304091
137370;492158;278114
137371;770946;222210
137372;749676;275310
137373;584463;342463
137374;560629;234669
137375;662909;287643
137376;657221;255831
137377;723377;242061
137378;680656;270291
137379;562100;309057
137380;590883;339313
137381;694098;257581
137382;563758;335534
137383;529681;227536
137384;727140;292494
137385;553840;244632
137386;730942;310443
137387;634118;329239
137388;586510;237875
137389;752495;271444
137390;738482;342680
137391;590336;259070
137392;736770;346774
137393;720162;313377
137394;710200;298196
137395;543496;253791
137396;475388;258447
137397;601650;292875
137398;757248;253314
137399;554532;322505
137400;771349;265363
137401;565827;316626
137402;563825;218668
137403;510593;258887
137404;588605;286824
137405;498867;275819
137406;519681;245754
137407;653583;276060
137408;906386;313938
137409;633564;281416
137410;643493;237587
137411;790860;276965
137412;817822;313623
137413;814260;331530
137414;788793;229784
137415;832600;246201
137416;928740;228831
137417;720366;252777
137418;708491;288508
137419;680450;324868
137420;578427;312315
137421;625155;356427
137422;578541;286069
137423;753235;250416
137424;741493;307499
137425;876848;264448
137426;781578;317573
137427;736684;309388
137428;819140;267744
137429;819628;329897
137430;902331;238868
137431;940233;324425
137432;735485;313342
137433;879496;267706
137434;599865;333960
137435;665956;319208
137436;660943;309049
137437;865286;305060
137438;712798;266133
137439;813027;243338
137440;579227;312586
137441;942855;246535
137442;774458;252676
137443;792511;309178
137444;897760;307528
137445;854098;244504
137446;846291;285429
137447;910324;289679
137448;935145;274030
137449;745840;217702
137450;888529;283922
137451;934369;265886
137452;912361;292419
137453;797522;340583
137454;877203;245892
137455;911397;284898
137456;877216;286908
137457;794761;230903
137458;733151;336638
137459;666593;213289
137460;921022;328098
137461;640766;254241
137462;808540;374160
137463;734836;246508
137464;821228;220796
137465;741324;321466
137466;573441;308521
137467;845351;270506
137468;575382;275710
137469;737650;308928
137470;857585;328985
137471;692773;249307
137472;568650;241768
137473;903045;310932
137474;614787;280714
137475;726344;322478
137476;761001;298425
137477;676517;309631
137478;584016;331142
137479;661630;269793
137480;718906;263168
137481;823364;293206
137482;827153;336529
137483;708667;321255
137484;896832;213701
137485;852780;282239
137486;734658;241737
137487;893239;280316
137488;875137;259455
137489;686719;294184
137490;680224;296560
137491;617273;297058
137492;673901;286919
137493;566585;280627
137494;589382;337027
137495;901685;265738
137496;657709;249529
137497;889299;247243
137498;849948;216558
137499;892298;365879
137500;831817;305934
137501;601101;329532
137502;829429;343791
137503;779557;326846
137504;678487;250877
137505;856445;298791
137506;803900;305995
137507;580521;283558
137508;631477;233266
137509;869756;229257
137510;747542;303524
137511;591745;259904
137512;747904;284783
137513;917415;289041
137514;697695;334796
137515;887472;275163
137516;821544;232648
137517;619013;285117
137518;848989;296740
137519;849521;262611
137520;584087;304661
137521;832364;235712
137522;935969;255384
137523;678542;321381
137524;594413;270343
137525;730016;242945
137526;895705;245669
137527;695784;254914
137528;816420;260004
137529;924557;395328
137530;589964;348291
137531;854676;245359
137532;817063;301948
137533;741839;281983
137534;683567;316436
137535;779945;241950
137536;739370;252021
137537;932120;302987
137538;805137;331186
137539;785008;276548
137540;769193;301618
137541;667027;266234
137542;750236;325312
137543;819651;259098
137544;857837;255587
137545;816225;251879
137546;851542;304422
137547;601965;272439
137548;637140;251101
137549;567505;279472
137550;769089;310969
137551;775188;264978
137552;845597;304053
137553;691454;246328
137554;570422;245126
137555;657448;259990
137556;684935;249616
137557;845173;268019
137558;856022;307135
137559;600794;280119
137560;818165;302111
137561;787209;315121
137562;805560;285237
137563;774396;290720
137564;568601;277791
137565;829013;316616
137566;901578;252632
137567;818659;246201
137568;903583;331938
137569;678232;345153
137570;630234;238984
137571;644682;299495
137572;579756;362633
137573;696776;306927
137574;685211;333565
137575;871352;316832
137576;682178;269698
137577;933764;279578
137578;594723;319883
137579;615326;286584
137580;857918;278989
137581;834867;292973
137582;901699;264470
137583;622163;307060
137584;765460;250200
137585;919278;287169
137586;920106;308379
137587;855518;313851
137588;630673;261697
137589;847464;259506
137590;746256;301077
137591;798084;279586
137592;940833;277586
137593;793677;274262
137594;567738;228174
137595;846634;314816
137596;638144;232425
137597;769043;224814
137598;926452;236323
137599;606099;321402
137600;887832;260559
137601;771702;217778
137602;900735;229262
137603;905307;210783
137604;683677;269545
137605;597615;287705
137606;599720;334407
137607;615719;291447
137608;941602;308196
137609;822971;214183
137610;894137;319050
137611;781916;299341
137612;669362;267136
137613;931610;311627
137614;671772;242447
137615;693729;268631
137616;781446;322186
137617;648530;297765
137618;689588;264584
137619;674769;232025
137620;875505;301424
137621;918471;268989
137622;772944;226683
137623;598194;277390
137624;558061;310450
137625;585474;280232
137626;931896;330946
137627;622571;259542
137628;740294;343475
137629;883630;280388
137630;659421;270403
137631;743431;250150
137632;940719;257859
137633;645191;289525
137634;843729;259621
137635;652164;289416
137636;845807;255653
137637;624589;271793
137638;702358;294274
137639;927002;300828
137640;668774;268326
137641;636204;322001
137642;857171;324768
137643;742582;322070
137644;801521;292309
137645;573879;276761
137646;695983;323279
137647;929508;261104
137648;627436;254929
137649;901460;297530
137650;761208;373516
137651;671401;280602
137652;661176;311104
137653;785684;298002
137654;882345;291869
137655;852882;248510
137656;770737;268117
137657;875613;271866
137658;776350;345236
137659;800624;307379
137660;775632;279633
137661;932469;226073
137662;906999;270592
137663;832493;295539
137664;669864;233861
137665;650045;305026
137666;811541;223221
137667;701947;257164
137668;923993;307082
137669;732283;310420
137670;801919;212179
137671;582834;261710
137672;742362;229488
137673;725581;256538
137674;810176;247435
137675;677552;247168
137676;822938;305297
137677;662328;246890
137678;663225;217334
137679;637535;313467
137680;697146;261515
137681;563437;247625
137682;691184;252610
137683;653288;277285
137684;606294;277129
137685;756962;300924
137686;565814;227671
137687;755926;221260
137688;613964;297540
137689;761551;264055
137690;594454;313487
137691;613932;294590
137692;914794;233010
137693;722986;303789
137694;795520;235319
137695;893795;287596
137696;909473;288507
137697;842022;231304
137698;927449;253801
137699;657299;300176
137700;785393;246640
137701;673462;357508
137702;585254;311842
137703;873399;301924
137704;892804;252939
137705;842447;304733
137706;601954;290223
137707;675189;230533
137708;915854;276891
137709;814206;294826
137710;840762;276869
137711;898367;265744
137712;797976;311102
137713;934008;251797
137714;819203;312584
137715;579511;260906
137716;636212;285243
137717;703803;251619
137718;635473;216826
137719;750555;299607
137720;592696;342435
137721;834750;349413
137722;698970;235032
137723;888460;268250
137724;699024;239878
137725;678413;326674
137726;789915;229644
137727;647987;291454
137728;396890;310317
137729;594353;301161
137730;511453;350635
137731;487556;275802
137732;442122;281522
137733;508504;230364
137734;452392;225615
137735;456284;280046
137736;450359;251319
137737;535386;257560
137738;615768;276685
137739;458276;230927
137740;432014;328171
137741;470494;292137
137742;549607;224464
137743;650947;248197
137744;515376;256180
137745;446145;264361
137746;561971;245951
137747;576698;239202
137748;588471;271462
137749;522580;287581
137750;516190;259639
137751;657308;223469
137752;631703;297959
137753;546009;252782
137754;505938;294173
137755;533753;259068
137756;518786;267676
137757;482636;312571
137758;583742;314077
137759;644522;294036
137760;462558;246709
137761;540450;325436
137762;578849;302153
137763;411054;281385
137764;592908;281701
137765;579600;289765
137766;542863;323177
137767;438675;255590
137768;622927;358706
137769;637615;287771
137770;493432;238378
137771;447417;226825
137772;512605;314361
137773;543499;300586
137774;528668;277983
137775;595371;296235
137776;605292;290057
137777;595776;263168
137778;504199;310549
137779;399530;205436
137780;434929;266106
137781;430073;244819
137782;512260;261200
137783;577733;309446
137784;475948;294803
137785;479547;245954
137786;574972;253332
137787;543161;331017
137788;397958;294737
137789;439444;305310
137790;492616;255873
137791;484702;268124
137792;560683;310163
137793;504612;281591
137794;576972;253771
137795;604653;268987
137796;595015;294913
137797;586891;290426
137798;565532;299816
137799;474435;261213
137800;489873;321052
137801;572450;309052
137802;599641;303080
137803;534538;230246
137804;450709;337482
137805;613185;240465
137806;399484;245474
137807;424432;299205
137808;396255;302841
137809;408393;232590
137810;499584;273266
137811;544750;307191
137812;494211;299412
137813;599642;289778
137814;518388;291022
137815;630318;305451
137816;598461;303325
137817;493943;250106
137818;427482;291505
137819;492226;289431
137820;423601;298914
137821;620774;318923
137822;609349;343270
137823;485366;220060
137824;407580;214608
137825;616161;262208
137826;420390;249458
137827;523572;315298
137828;607238;295457
137829;441809;298143
137830;455767;226803
137831;457497;245638
137832;402775;264867
137833;592791;339484
137834;581183;264633
137835;494154;306531
137836;455841;233760
137837;629484;229285
137838;530946;264132
137839;577121;222105
137840;512458;342774
137841;505010;248847
137842;604817;314017
137843;527817;276011
137844;406636;225900
137845;500859;329860
137846;416541;348009
137847;608616;216075
137848;575840;283549
137849;622140;259383
137850;522828;285269
137851;435015;300697
137852;430606;237480
137853;463092;273899
137854;584892;249402
137855;456284;248426
137856;644778;360635
137857;601701;313425
137858;464143;261971
137859;450771;278716
137860;611213;321716
137861;512424;297500
137862;542168;258739
137863;506769;266541
137864;623393;282480
137865;466066;288994
137866;628291;305373
137867;466538;266070
137868;647487;278961
137869;504769;246974
137870;552929;289809
137871;608661;265467
137872;639943;369481
137873;607141;225133
137874;620464;250829
137875;581648;309592
137876;601959;344875
137877;540124;257590
137878;439075;306596
137879;499023;249591
137880;576888;336902
137881;402202;318542
137882;597559;285925
137883;395761;254059
137884;570695;291934
137885;420593;269915
137886;596061;326628
137887;445641;260967
137888;639424;259232
137889;524380;260721
137890;487191;272934
137891;588470;315172
137892;538505;293261
137893;595725;324738
137894;405368;300710
137895;399707;274439
137896;645381;239214
137897;567979;284234
137898;497883;331029
137899;637691;326645
137900;626265;328943
137901;518424;297719
137902;608373;287453
137903;414528;333067
137904;449576;325247
137905;523630;250007
137906;575046;331291
137907;560590;285881
137908;612528;331770
137909;544106;247653
137910;419557;309166
137911;566543;308751
137912;445367;208726
137913;478260;262151
137914;394260;247041
137915;564490;258462
137916;539154;264921
137917;554446;294291
137918;580499;292957
137919;632297;294149
137920;437969;269740
137921;633870;244698
137922;480158;265948
137923;503162;307771
137924;443611;263777
137925;536289;314311
137926;620143;275818
137927;639765;241926
137928;565756;267391
137929;466430;249153
137930;593909;303061
137931;557778;207965
137932;591261;290128
137933;395220;355156
137934;623411;305135
137935;496509;303430
137936;534569;290190
137937;565699;366189
137938;590826;241039
137939;619016;257272
137940;436688;278565
137941;639716;331775
137942;392944;295194
137943;613622;265940
137944;455141;313830
137945;524351;325703
137946;640416;331975
137947;579119;307239
137948;650311;290179
137949;568068;283603
137950;595850;284002
137951;467366;286414
137952;402446;282018
137953;446169;313989
137954;520885;293024
137955;591949;276325
137956;466505;302216
137957;486461;315488
137958;531921;298215
137959;457507;347747
137960;583615;275972
137961;610336;313436
137962;474689;282354
137963;441383;214070
137964;639037;280796
137965;399891;246692
137966;488381;328114
137967;616042;311096
137968;617944;204739
137969;419916;264580
137970;547536;320783
137971;639798;249099
137972;516249;295817
137973;593961;264044
137974;627381;229666
137975;636070;251406
137976;528143;280440
137977;507875;327363
137978;524950;218738
137979;555807;251707
137980;445316;315027
137981;452796;239074
137982;389983;327107
137983;564584;271385
137984;524088;312749
137985;518131;300012
137986;497221;305345
137987;580878;252382
137988;550712;228192
137989;476160;320338
137990;565014;297273
137991;642623;300215
137992;456833;344134
137993;394574;307432
137994;575060;306955
137995;425140;275244
137996;426338;316837
137997;505504;280849
137998;595055;315707
137999;588867;332702
138000;395024;269419
138001;397685;312571
138002;425802;274377
138003;640119;248319
138004;646935;341186
138005;640791;251976
138006;494775;321789
138007;596412;286500
138008;619463;246999
138009;419064;263189
138010;417774;300224
138011;598860;305203
138012;598225;244731
138013;444687;241638
138014;514014;293584
138015;521797;256242
138016;568119;246152
138017;452260;254133
138018;460610;285763
138019;557471;253466
138020;591850;295221
138021;418750;240744
138022;399173;252386
138023;648206;240658
138024;568399;238313
138025;451709;344783
138026;546103;277310
138027;604040;290490
138028;502276;299279
138029;621613;250899
138030;651518;316279
138031;464249;299030
138032;539161;231993
138033;542390;229042
138034;634112;290974
138035;548379;231501
138036;404587;224748
138037;413015;310676
138038;392769;321119
138039;475895;270896
138040;465733;309207
138041;422751;232127
138042;442911;240991
138043;556022;323590
138044;457788;285099
138045;540679;261482
138046;631663;245619
138047;655063;329064
138048;611273;258442
138049;410209;239844
138050;413107;268456
138051;445226;287455
138052;430659;220939
138053;637687;316687
138054;502797;323526
138055;519706;298986
138056;634325;299697
138057;625069;256431
138058;474759;267365
138059;584664;340227
138060;452137;239965
138061;585344;211965
138062;493809;328316
138063;462476;286588
138064;392843;246493
138065;447525;300032
138066;469871;249280
138067;408901;309703
138068;490585;329260
138069;516054;246263
138070;488956;305613
138071;455656;278274
138072;607875;294889
138073;392991;328175
138074;616055;246116
138075;645024;270323
138076;467911;266984
138077;559773;219083
138078;485320;250623
138079;540973;312018
138080;511676;259402
138081;596295;249773
138082;530263;262960
138083;540201;260075
138084;439332;300262
138085;554037;260198
138086;497417;238986
138087;589411;238565
138088;562262;273417
138089;569944;305177
138090;412176;305035
138091;395975;270824
138092;572001;251951
138093;467002;300636
138094;534352;232363
138095;633567;233976
138096;561614;218887
138097;409279;331819
138098;496040;241149
138099;514166;329950
138100;357723;322236
138101;519240;264602
138102;504970;266864
138103;578809;278155
138104;513413;244984
138105;385402;309210
138106;488332;282919
138107;475002;255585
138108;569067;244391
138109;486000;253947
138110;436354;253111
138111;568342;325943
138112;426205;307556
138113;373333;249558
138114;499015;309606
138115;531895;300707
138116;356511;231678
138117;422727;264973
138118;534325;260249
138119;502446;232716
138120;383026;237403
138121;395436;270305
138122;497580;320586
138123;369390;264156
138124;429502;242089
138125;358824;329574
138126;481644;275775
138127;519068;260700
138128;406188;238827
138129;559204;236878
138130;465626;260323
138131;508684;246725
138132;493250;312755
138133;468018;293231
138134;530329;230656
138135;413826;307599
138136;575969;325977
138137;442000;297807
138138;429997;324147
138139;499395;270474
138140;353009;332650
138141;487849;273677
138142;524453;318032
138143;616816;214400
138144;487027;301647
138145;364272;295312
138146;393725;311497
138147;373147;323092
138148;486878;323340
138149;572532;316527
138150;408634;239171
138151;354084;252816
138152;387864;322550
138153;397713;315822
138154;425188;261618
138155;508355;307810
138156;550729;303163
138157;515581;279121
138158;512910;258139
138159;499285;231425
138160;442636;316064
138161;414110;246647
138162;369231;269576
138163;431990;310502
138164;398783;311362
138165;389987;274439
138166;568966;290298
138167;553216;324578
138168;424295;285413
138169;539099;272833
138170;404231;224301
138171;367735;310551
138172;372898;287667
138173;444893;232268
138174;531168;300042
138175;370942;268185
138176;511097;347124
138177;432583;254025
138178;426115;315947
138179;408606;247423
138180;440257;341620
138181;389282;309619
138182;545505;272907
138183;383008;347345
138184;409942;279409
138185;585705;252795
138186;400523;323451
138187;573424;292954
138188;584098;264343
138189;582959;300475
138190;364599;242715
138191;365233;296553
138192;480502;282724
138193;453965;306384
138194;469322;267480
138195;496223;271068
138196;550527;294537
138197;376437;304906
138198;569276;315455
138199;373893;281334
138200;513909;307485
138201;366663;268502
138202;468969;301697
138203;478105;277716
138204;366529;266292
138205;502861;300582
138206;536190;261789
138207;423267;312332
138208;415935;320668
138209;511666;321675
138210;389035;250087
138211;381909;326911
138212;563544;255201
138213;392462;294885
138214;525667;279665
138215;531573;305822
138216;508892;265563
138217;479655;281060
138218;621958;304167
138219;538788;299273
138220;521468;329443
138221;533418;323289
138222;437224;296159
138223;546386;353197
138224;577269;302639
138225;387223;277032
138226;437390;288653
138227;437982;310802
138228;472645;217549
138229;369369;288602
138230;477559;286041
138231;529707;251032
138232;530696;281190
138233;573249;292683
138234;569223;320998
138235;419588;212832
138236;455833;232611
138237;539953;245101
138238;555571;265806
138239;455675;295622
138240;543805;306440
138241;408441;255372
138242;473703;278808
138243;450772;251730
138244;493624;299971
138245;391901;287767
138246;428567;312224
138247;519589;284628
138248;421528;296731
138249;486851;315131
138250;568174;290465
138251;359876;266500
138252;476923;272713
138253;475387;274182
138254;537296;262881
138255;505639;315858
138256;418107;272928
138257;474423;307885
138258;559060;327298
138259;436594;311669
138260;571711;314348
138261;439242;239864
138262;411614;252669
138263;573087;259890
138264;385181;339553
138265;406552;299960
138266;445800;328579
138267;573299;328435
138268;547137;255563
138269;384109;319837
138270;565056;314899
138271;415859;287884
138272;585035;314029
138273;497079;306152
138274;514146;276565
138275;398429;316446
138276;519629;324064
138277;367224;308108
138278;369901;223039
138279;485094;223272
138280;382207;246791
138281;367714;277670
138282;546892;280308
138283;475238;328527
138284;486718;272347
138285;389924;287182
138286;371698;276691
138287;385524;284549
138288;403243;240111
138289;512858;264595
138290;373980;257695
138291;361931;328959
138292;363236;305833
138293;356949;275700
138294;619107;303825
138295;524169;259253
138296;460314;227671
138297;390646;319075
138298;440937;275935
138299;470053;262493
138300;391186;276840
138301;359065;325267
138302;547987;222767
138303;509209;287006
138304;394553;279308
138305;380034;277750
138306;568543;256384
138307;512666;274818
138308;543429;242308
138309;361732;280245
138310;487352;288898
138311;524022;327021
138312;351013;275704
138313;397034;292670
138314;428404;345740
138315;449531;314284
138316;538553;299561
138317;538810;274616
138318;373003;311538
138319;504229;292868
138320;573946;270360
138321;356666;305646
138322;470989;243781
138323;460610;217937
138324;520725;295220
138325;400407;243137
138326;424772;248873
138327;430010;300664
138328;524399;285835
138329;582281;286220
138330;567077;274608
138331;399000;348915
138332;583913;250581
138333;558287;308372
138334;549221;229683
138335;426810;225967
138336;358130;298752
138337;460143;290299
138338;433559;250154
138339;561886;293175
138340;353406;280547
138341;383374;293978
138342;442660;301237
138343;561626;278017
138344;530299;239944
138345;459751;283990
138346;464162;317254
138347;352914;329625
138348;574903;291126
138349;403294;289744
138350;547570;264828
138351;551494;264649
138352;353802;236141
138353;418769;290247
138354;512718;230711
138355;397662;228194
138356;384006;228828
138357;520175;271805
138358;411960;321339
138359;427335;314928
138360;445899;252455
138361;466344;284040
138362;401893;249525
138363;471934;233210
138364;365735;278908
138365;567770;260650
138366;451443;287148
138367;481994;231133
138368;479234;235001
138369;540869;240958
138370;395532;249494
138371;447454;252372
138372;469553;246667
138373;514531;295521
138374;426530;297413
138375;487388;350526
138376;404614;257504
138377;564560;242997
138378;494784;235790
138379;368230;272843
138380;561012;259725
138381;551387;278591
138382;362623;270730
138383;428185;258041
138384;536792;220690
138385;460843;263840
138386;543421;256475
138387;360252;313172
138388;422505;288770
138389;582696;222739
138390;523281;263111
138391;395254;335740
138392;432772;330712
138393;410313;234793
138394;431536;266105
138395;493996;234030
138396;352585;255772
138397;546327;306446
138398;377114;257876
138399;575558;327077
138400;568998;295810
138401;529552;259649
138402;449488;285739
138403;449524;249103
138404;412642;230043
138405;460806;231492
138406;479343;300649
138407;482701;254341
138408;467147;276460
138409;353924;288052
138410;488010;335571
138411;400159;282878
138412;366222;282757
138413;522557;274068
138414;400492;267084
138415;397015;275636
138416;409706;323856
138417;475800;306849
138418;456422;344420
138419;509249;277850
138420;600749;248848
138421;423988;305890
138422;406570;277988
138423;374683;256300
138424;431643;288051
138425;499312;268424
138426;492986;310090
138427;585379;298239
138428;391207;275880
138429;432303;232863
138430;433461;332216
138431;487660;334748
138432;529704;316129
138433;525292;229492
138434;362352;268288
138435;573378;290920
138436;437420;233899
138437;437609;236961
138438;535590;279837
138439;514532;344550
138440;545058;232230
138441;516968;269265
138442;359715;228166
138443;559601;259477
138444;417771;281804
138445;442284;291875
138446;534701;290821
138447;566773;250561
138448;534996;231757
138449;528956;334233
138450;438940;260689
138451;505642;231120
138452;479433;281385
138453;410350;252432
138454;378565;319383
138455;368823;275454
138456;519092;332167
138457;488293;333330
138458;360646;229948
138459;370382;262504
138460;559367;277257
138461;465941;218159
138462;497458;268354
138463;557762;298598
138464;385157;265522
138465;546411;322077
138466;498639;264658
138467;376415;240890
138468;380389;226245
138469;684198;240635
138470;468289;231545
138471;534015;349934
138472;446135;291839
138473;438238;297189
138474;389976;278637
138475;410174;254324
138476;467443;310366
138477;392781;227555
138478;553250;307893
138479;632246;297622
138480;429891;308133
138481;360461;337264
138482;464224;249377
138483;625688;273985
138484;510670;296416
138485;579062;299615
138486;619496;284024
138487;605827;240276
138488;569632;232932
138489;468824;280499
138490;528677;270586
138491;548409;294689
138492;569419;307435
138493;495581;288299
138494;611898;299735
138495;467469;283631
138496;407683;276456
138497;477235;274024
138498;501614;298581
138499;454409;302098
138500;466085;275619
138501;412870;344054
138502;392055;323089
138503;636378;279500
138504;547801;334854
138505;447944;272176
138506;560045;316576
138507;485044;327584
138508;649425;274613
138509;562159;313844
138510;451227;304121
138511;386056;290268
138512;634384;262765
138513;519598;272006
138514;517996;304265
138515;514535;277866
138516;451391;302570
138517;475304;302319
138518;384618;278628
138519;405829;283838
138520;405674;249088
138521;639829;289547
138522;622726;252897
138523;587885;266225
138524;414163;312639
138525;581056;301221
138526;423268;287886
138527;531022;253566
138528;545947;278099
138529;480697;309588
138530;471732;241779
138531;611833;242348
138532;606637;296206
138533;422269;288776
138534;530016;306290
138535;586336;225047
138536;581310;267145
138537;583496;244695
138538;490099;291741
138539;543916;242111
138540;622492;291467
138541;479334;245859
138542;413814;316857
138543;615000;279831
138544;410439;278865
138545;488155;251032
138546;398673;261024
138547;488082;256396
138548;561208;305141
138549;477269;294951
138550;521823;241994
138551;440582;291643
138552;454700;284412
138553;501833;275703
138554;394283;304468
138555;542057;270001
138556;513402;316275
138557;535280;227513
138558;619073;284412
138559;616159;289662
138560;576550;259337
138561;407988;275644
138562;548077;294082
138563;462536;239840
138564;638535;300418
138565;486534;305490
138566;439711;244025
138567;393918;256647
138568;458595;285151
138569;437088;279324
138570;508281;256255
138571;555113;219240
138572;578488;242686
138573;566429;318655
138574;497971;285733
138575;602547;282094
138576;510551;279677
138577;424887;260374
138578;604464;267002
138579;490903;274801
138580;510490;311427
138581;604333;295742
138582;556642;210405
138583;501870;269026
138584;488105;309853
138585;451777;267381
138586;398969;242020
138587;420881;317666
138588;501422;255867
138589;509919;317675
138590;391687;275221
138591;487994;291905
138592;427971;236684
138593;628571;306849
138594;512079;214960
138595;578608;242321
138596;541359;300558
138597;487323;270491
138598;450257;293832
138599;510246;262457
138600;464126;256241
138601;470367;328626
138602;572041;305668
138603;537445;250483
138604;455518;337317
138605;441305;297148
138606;582337;305438
138607;534319;310771
138608;416773;260161
138609;579718;308844
138610;470215;281054
138611;436187;270564
138612;622127;303272
138613;528454;299851
138614;617201;296405
138615;569770;290773
138616;523382;315712
138617;451249;261518
138618;584340;247716
138619;642667;262050
138620;397637;258953
138621;559855;295734
138622;446291;306422
138623;543266;288306
138624;449534;282760
138625;630121;280786
138626;491711;293909
138627;507310;254231
138628;631433;330708
138629;406299;277906
138630;473689;224888
138631;446280;312512
138632;513812;213382
138633;491784;257199
138634;437049;317445
138635;582585;251115
138636;589899;275165
138637;483822;298456
138638;563790;276295
138639;421158;308999
138640;410769;240741
138641;413593;281583
138642;499644;298999
138643;389295;232065
138644;542369;311281
138645;472030;314832
138646;525932;330615
138647;537113;322314
138648;513610;294563
138649;549891;277036
138650;570787;242016
138651;404885;240805
138652;561679;339290
138653;487680;291212
138654;556484;233234
138655;584513;312880
138656;638066;337835
138657;399640;333549
138658;451482;342687
138659;603425;329702
138660;540471;309740
138661;449573;277109
138662;638935;231373
138663;592413;302587
138664;478826;258195
138665;429294;301777
138666;548025;249801
138667;506114;258012
138668;571152;241643
138669;500404;261721
138670;632337;282751
138671;613730;284955
138672;586348;305119
138673;516679;300140
138674;561305;255988
138675;657825;321509
138676;570018;292091
138677;536126;262914
138678;442213;301044
138679;419868;317847
138680;550421;250606
138681;395265;292908
138682;576613;275205
138683;562624;263097
138684;538947;226056
138685;406411;286602
138686;470917;289013
138687;480166;334782
138688;621959;249896
138689;453518;299207
138690;569801;287833
138691;528549;286941
138692;444879;276096
138693;618208;296984
138694;393774;266287
138695;509429;263151
138696;612123;258948
138697;580425;264459
138698;521714;303413
138699;519153;276149
138700;471526;262490
138701;393955;261182
138702;608780;252588
138703;555344;264429
138704;603785;270099
138705;582151;264467
138706;499531;274362
138707;435269;253155
138708;584552;309796
138709;540287;256928
138710;588703;265861
138711;560176;239694
138712;492992;293700
138713;523080;255832
138714;612622;262856
138715;402384;330847
138716;587963;257794
138717;427697;306211
138718;569552;326841
138719;607716;296672
138720;401935;249600
138721;608998;235996
138722;521831;218363
138723;597614;291384
138724;420106;309139
138725;640338;287160
138726;603886;252666
138727;400964;272533
138728;401559;242371
138729;406917;329693
138730;467875;266967
138731;507584;324868
138732;521960;298942
138733;527764;304681
138734;562890;283572
138735;424128;310975
138736;588848;270508
138737;525677;281841
138738;398759;337806
138739;496993;275052
138740;448083;267890
138741;529687;225072
138742;576439;274503
138743;594668;265966
138744;491061;236638
138745;556436;283531
138746;620042;300893
138747;495696;237348
138748;620653;212810
138749;434540;306270
138750;402567;286778
138751;393449;278876
138752;605192;287366
138753;580174;307281
138754;471622;275418
138755;454853;253749
138756;473608;279865
138757;601380;241232
138758;513824;304929
138759;590213;255709
138760;630934;262764
138761;470107;261936
138762;405712;324226
138763;573999;313453
138764;563060;286868
138765;422835;239227
138766;523667;289595
138767;473769;276676
138768;638042;247159
138769;390809;287413
138770;610634;258901
138771;485835;261981
138772;492484;266158
138773;504694;318295
138774;503811;324639
138775;436745;228333
138776;548276;315821
138777;478956;272736
138778;419139;306631
138779;461087;219483
138780;397265;258442
138781;453866;272185
138782;429316;283473
138783;475051;257180
138784;347961;270025
138785;352356;285113
138786;490141;281393
138787;414175;281136
138788;344141;328532
138789;388241;274718
138790;308206;325648
138791;347398;293542
138792;425636;269021
138793;403545;221057
138794;326537;315531
138795;308021;215778
138796;420233;265179
138797;482146;274665
138798;397566;243211
138799;400450;243785
138800;457684;247401
138801;308943;248180
138802;324175;257906
138803;405064;259638
138804;479738;335180
138805;465696;225063
138806;363245;242903
138807;372954;313425
138808;436023;249851
138809;444974;301795
138810;311059;230747
138811;307852;349103
138812;346639;303285
138813;338412;254205
138814;418934;320570
138815;309603;244098
138816;321636;274208
138817;459084;290072
138818;425437;270696
138819;320010;289501
138820;415700;248056
138821;467602;331619
138822;353815;298417
138823;381052;258554
138824;450179;295412
138825;406838;262858
138826;432545;234033
138827;408423;333003
138828;347292;259565
138829;444899;318542
138830;315683;292167
138831;458169;339003
138832;448526;272759
138833;312608;268087
138834;463117;298205
138835;431036;274891
138836;471309;318416
138837;379393;325915
138838;315783;295339
138839;339890;296273
138840;302066;261773
138841;433461;263172
138842;341544;272010
138843;327646;296487
138844;415494;333981
138845;352228;269559
138846;484277;264047
138847;380354;289295
138848;312258;294104
138849;488321;312923
138850;375327;310021
138851;328960;283144
138852;464811;276126
138853;302021;301743
138854;375764;238137
138855;305475;336951
138856;313984;307450
138857;482270;249100
138858;351621;286519
138859;370844;250852
138860;377844;270033
138861;397432;283231
138862;400788;236496
138863;319494;319546
138864;416792;301614
138865;313902;298407
138866;453308;283933
138867;313677;286824
138868;428882;270700
138869;313056;306099
138870;316474;242308
138871;421882;275565
138872;490949;347841
138873;332932;269819
138874;327700;312368
138875;443494;212546
138876;335375;291402
138877;420203;233007
138878;457888;261493
138879;314671;287893
138880;480015;311562
138881;447768;349224
138882;345034;266441
138883;364957;361033
138884;402648;342333
138885;299354;301438
138886;359431;352816
138887;478032;258850
138888;417198;334683
138889;439016;355255
138890;405339;271495
138891;359087;308019
138892;375865;265393
138893;409243;259630
138894;486975;262908
138895;347561;241440
138896;355742;308864
138897;308243;269921
138898;382015;224608
138899;357373;319425
138900;351693;260542
138901;374131;323803
138902;343418;360412
138903;363583;314147
138904;394991;255347
138905;395152;285912
138906;477473;297320
138907;469221;244656
138908;305933;226604
138909;428818;242563
138910;378797;251173
138911;305717;287610
138912;300055;230482
138913;389941;253798
138914;328064;325687
138915;324552;279273
138916;409525;306690
138917;457793;291965
138918;480155;309119
138919;311577;294466
138920;448428;340352
138921;332752;275303
138922;453479;308002
138923;373420;227502
138924;409195;249538
138925;383364;239354
138926;414984;306208
138927;447518;282874
138928;297392;266410
138929;450519;273127
138930;307929;262430
138931;457062;275914
138932;334257;274180
138933;301476;296121
138934;482112;266792
138935;392280;252665
138936;381383;232822
138937;346514;233587
138938;483338;311744
138939;383512;266948
138940;402623;275286
138941;303049;264544
138942;385110;263258
138943;439526;265670
138944;382428;275692
138945;318439;275617
138946;399887;318786
138947;316130;282743
138948;456308;343759
138949;314464;295653
138950;482147;272460
138951;323051;239068
138952;328469;304865
138953;379602;244306
138954;433245;276099
138955;455343;232732
138956;337006;313127
138957;484603;277656
138958;485724;293987
138959;418410;320548
138960;450217;317866
138961;428619;301227
138962;305647;320004
138963;441050;256905
138964;420348;265017
138965;412797;249567
138966;374864;291873
138967;486615;316380
138968;443545;237016
138969;357084;304740
138970;354091;309734
138971;307944;214105
138972;314266;286802
138973;368088;273786
138974;453105;265641
138975;398802;315983
138976;359449;209140
138977;399904;228981
138978;477653;247757
138979;368419;222260
138980;484010;300425
138981;301890;244338
138982;352223;286667
138983;401824;231508
138984;385128;305272
138985;295707;281944
138986;464462;302736
138987;451160;338866
138988;417836;304830
138989;386716;223357
138990;442608;241171
138991;390997;350854
138992;454095;290628
138993;490319;224519
138994;339429;263135
138995;324805;286625
138996;344264;238323
138997;373376;346791
138998;404845;218034
138999;455163;255988
139000;357032;209209
139001;439993;303567
139002;419343;276045
139003;390585;321877
139004;430604;305565
139005;356572;316637
139006;418893;241874
139007;441911;285966
139008;477877;275618
139009;315475;278493
139010;303603;310439
139011;370450;303278
139012;419564;268686
139013;303826;310007
139014;298418;283296
139015;449318;276492
139016;415037;251849
139017;356402;257806
139018;421018;228531
139019;448981;255125
139020;394466;261848
139021;476114;342643
139022;465901;298035
139023;306024;276548
139024;394839;257869
139025;458737;278589
139026;362337;287661
139027;428702;237663
139028;330049;250274
139029;460872;241050
139030;481821;259113
139031;305119;248528
139032;457470;263033
139033;485805;250190
139034;298286;339115
139035;487077;313149
139036;397544;279307
139037;352231;227279
139038;461332;217606
139039;401145;243212
139040;443214;253390
139041;424358;328039
139042;487166;228108
139043;311321;315792
139044;371471;278917
139045;361805;305236
139046;460950;238256
139047;438438;228795
139048;381734;258446
139049;405901;250981
139050;331088;269527
139051;431045;283793
139052;458832;257532
139053;432530;273086
139054;354806;319346
139055;405483;317371
139056;352667;239135
139057;445536;307293
139058;445603;237645
139059;299938;280714
139060;366378;345131
139061;339307;232052
139062;480357;250694
139063;476198;296285
139064;443801;249778
139065;409789;299620
139066;490171;282648
139067;490538;283139
139068;469002;318441
139069;348866;273182
139070;438995;254586
139071;442313;216694
139072;461667;267214
139073;375752;286724
139074;338942;291843
139075;386614;272692
139076;317780;267987
139077;343157;299491
139078;326098;287516
139079;357203;288094
139080;320008;296417
139081;398902;282634
139082;385350;280659
139083;406197;305404
139084;403963;271288
139085;489117;261087
139086;428465;263446
139087;317651;254991
139088;401922;308421
139089;355031;269517
139090;437089;230105
139091;318112;300877
139092;395185;262809
139093;358327;323991
139094;394321;341023
139095;381361;220786
139096;314522;268529
139097;367259;257495
139098;339042;241319
139099;345777;301770
139100;441540;288864
139101;350911;285463
139102;449428;245593
139103;463777;213315
139104;442336;253278
139105;326239;280914
139106;357980;267325
139107;298168;339728
139108;488554;274765
139109;433173;282948
139110;324354;240182
139111;308227;289013
139112;320934;221521
139113;295223;304399
139114;369180;273076
139115;330071;349149
139116;446607;217105
139117;315168;308501
139118;419369;308747
139119;478944;299105
139120;404565;269630
139121;320466;318020
139122;489194;243441
139123;400872;323588
139124;458161;322068
139125;401436;299955
139126;410763;295792
139127;348840;314064
139128;437523;264375
139129;301100;248016
139130;294238;290468
139131;333791;274201
139132;451060;346712
139133;478529;301892
139134;384543;304104
139135;459310;343752
139136;302776;295086
139137;442876;248434
139138;426287;305561
139139;361858;271249
139140;418436;299037
139141;335528;290617
139142;403533;244652
139143;429026;269289
139144;329462;278665
139145;418764;223210
139146;362112;238944
139147;399843;295492
139148;431513;302480
139149;473842;280682
139150;344502;319264
139151;433704;268685
139152;484671;229600
139153;426310;278427
139154;310193;242140
139155;486947;269140
139156;397178;328350
139157;314235;289391
139158;491178;248360
139159;487688;312087
139160;391238;312150
139161;339892;228025
139162;417192;229486
139163;494275;238638
139164;320560;284422
139165;442632;277218
139166;329407;334082
139167;524172;301194
139168;345021;321002
139169;477909;295894
139170;447156;246750
139171;318308;221007
139172;332612;277155
139173;348069;272331
139174;388206;252195
139175;430570;256229
139176;353763;246817
139177;344191;277630
139178;486300;329892
139179;421048;303592
139180;491504;296076
139181;328215;255507
139182;472516;255014
139183;434030;305974
139184;323806;256079
139185;472297;262086
139186;438005;291170
139187;341142;346235
139188;484538;295496
139189;484971;250392
139190;419049;307775
139191;408175;264468
139192;408638;288105
139193;466365;300811
139194;297885;306216
139195;346418;251065
139196;350372;292303
139197;421578;303575
139198;419889;241947
139199;439129;296749
139200;385512;264513
139201;314106;296301
139202;396652;308829
139203;463368;251644
139204;327172;352792
139205;463867;336423
139206;328297;295906
139207;332984;269661
139208;296553;239944
139209;421986;286069
139210;439083;285082
139211;357416;283552
139212;332429;315405
139213;352052;282972
139214;479813;263229
139215;416245;278313
139216;397033;330298
139217;314261;268737
139218;372738;309859
139219;533036;300069
139220;414293;256840
139221;396047;288249
139222;350372;295661
139223;462802;308446
139224;491115;320549
139225;443007;296368
139226;433549;261726
139227;452133;278228
139228;432437;248105
139229;416913;335093
139230;451423;285670
139231;515420;331038
139232;329213;317632
139233;462268;299289
139234;361724;298181
139235;397320;351830
139236;400092;276499
139237;496940;297678
139238;477867;272768
139239;514426;302917
139240;354117;258840
139241;330967;278133
139242;399812;245496
139243;356517;311818
139244;454272;345625
139245;389104;280434
139246;419017;296351
139247;349039;262252
139248;494633;305692
139249;528470;271396
139250;361294;316249
139251;412925;249151
139252;332860;220030
139253;457132;252979
139254;522405;285814
139255;399069;275502
139256;330658;308022
139257;535832;248876
139258;395740;319187
139259;397169;302037
139260;394692;259481
139261;457593;306013
139262;410192;249542
139263;387334;322693
139264;512803;322087
139265;367103;266779
139266;338361;319465
139267;498904;316852
139268;492088;258919
139269;376849;299446
139270;360095;234797
139271;390982;335415
139272;432992;289953
139273;356382;265226
139274;523098;267430
139275;447635;289461
139276;335539;322137
139277;494460;337867
139278;530012;259693
139279;337337;278681
139280;408591;225133
139281;366069;254939
139282;483022;271861
139283;401755;327386
139284;428091;254028
139285;457552;277647
139286;476289;293580
139287;465997;284431
139288;511839;295765
139289;366977;235965
139290;333985;275064
139291;505865;355939
139292;395047;279350
139293;429468;330569
139294;340220;245555
139295;402208;269755
139296;411228;301394
139297;384212;279708
139298;443497;298068
139299;383885;265762
139300;388509;303097
139301;432252;281559
139302;338684;336461
139303;436656;244906
139304;351543;264557
139305;395584;272721
139306;498389;227316
139307;345905;295271
139308;361810;287451
139309;468196;315312
139310;327634;294842
139311;464492;271544
139312;472086;250855
139313;456131;289006
139314;452746;305266
139315;338661;269235
139316;377018;270346
139317;336498;304794
139318;403582;279527
139319;374487;338631
139320;484799;326232
139321;530252;299712
139322;479682;230669
139323;492603;308660
139324;506876;249423
139325;389682;300551
139326;479043;224560
139327;339228;305243
139328;327825;248151
139329;358002;251663
139330;365157;293195
139331;477115;297429
139332;463160;260132
139333;455763;212244
139334;421806;229780
139335;518195;310732
139336;326064;269650
139337;472108;261437
139338;516065;330885
139339;342782;285622
139340;342306;286767
139341;323347;312085
139342;463566;270081
139343;498657;263095
139344;490460;327234
139345;517108;319576
139346;501731;309716
139347;483842;307827
139348;388609;225982
139349;519188;303868
139350;346007;308261
139351;518072;220992
139352;424781;269839
139353;328889;282995
139354;392263;225565
139355;371731;302642
139356;344629;291834
139357;444333;243982
139358;432573;282470
139359;406102;331667
139360;453015;312045
139361;399782;274792
139362;398270;268866
139363;507098;253428
139364;360078;275569
139365;380723;311750
139366;391257;290886
139367;450172;292946
139368;486574;305993
139369;431516;296429
139370;531357;290971
139371;509371;322290
139372;502279;273550
139373;335574;244998
139374;408254;257366
139375;465791;323616
139376;307443;240618
139377;534937;292442
139378;390687;263502
139379;461245;250899
139380;379335;264069
139381;403427;252104
139382;517193;265031
139383;362235;323689
139384;464961;299130
139385;437658;241094
139386;454776;303729
139387;528619;307208
139388;491925;261399
139389;335089;264276
139390;530656;292920
139391;491141;269385
139392;411873;265387
139393;482236;218856
139394;510922;290248
139395;400930;269545
139396;461292;281565
139397;439410;287960
139398;453657;241469
139399;337121;308142
139400;391845;309362
139401;358468;269760
139402;356352;246378
139403;457794;338534
139404;337938;275911
139405;468269;237662
139406;372358;349226
139407;449115;221173
139408;514489;280678
139409;517919;290827
139410;340745;225371
139411;410135;325059
139412;404373;287955
139413;449948;244255
139414;468437;346256
139415;469660;331315
139416;439775;241439
139417;378211;296565
139418;396654;292068
139419;494686;265055
139420;403462;303036
139421;504721;307156
139422;380332;299564
139423;511140;276191
139424;429723;216526
139425;525482;313693
139426;537810;321434
139427;437035;259874
139428;457954;296654
139429;342127;294631
139430;522673;268053
139431;397239;302403
139432;510916;313649
139433;495215;308674
139434;480719;264263
139435;502839;285154
139436;503296;279552
139437;332744;297227
139438;523005;291361
139439;462149;249555
139440;488492;275708
139441;356478;255964
139442;428988;253681
139443;335304;321630
139444;452238;269451
139445;452579;232711
139446;428528;273081
139447;351706;279098
139448;472620;279846
139449;464063;237334
139450;394269;238106
139451;358937;284201
139452;480982;311367
139453;475538;303230
139454;469924;294144
139455;314434;249626
139456;378122;219597
139457;491071;248463
139458;378401;278920
139459;480469;297413
139460;459084;251671
139461;431922;223941
139462;523392;289408
139463;366882;257498
139464;512872;277799
139465;503395;228801
139466;406004;311080
139467;327741;293857
139468;442658;276488
139469;523289;288228
139470;382761;275185
139471;523117;273777
139472;395157;274578
139473;367084;326010
139474;434753;222144
139475;440128;251950
139476;487697;268245
139477;529278;321071
139478;386343;212895
139479;411082;296917
139480;375989;288292
139481;357625;284013
139482;521048;312480
139483;525974;258175
139484;420443;307950
139485;509205;334014
139486;530315;256853
139487;521819;335231
139488;427723;284344
139489;446210;247680
139490;436004;289551
139491;382845;259679
139492;391086;288521
139493;518687;319783
139494;369387;291582
139495;334580;274400
139496;318546;273943
139497;404953;258295
139498;479137;262092
139499;505756;304208
139500;522861;263726
139501;502499;320569
139502;468396;271522
139503;414856;280384
139504;355949;259597
139505;490580;313834
139506;359910;308823
139507;526825;326554
139508;414096;235669
139509;437945;261916
139510;460310;258666
139511;413561;295728
139512;398283;278117
139513;383341;279708
139514;363557;246071
139515;364710;243734
139516;398357;258187
139517;371467;283188
139518;508457;268253
139519;418652;287215
139520;440284;277814
139521;332146;209175
139522;399575;323779
139523;529732;220781
139524;404237;295283
139525;358747;274793
139526;463090;309620
139527;531898;271529
139528;513614;307744
139529;426509;288486
139530;337999;332807
139531;515713;228863
139532;448568;250497
139533;457231;242656
139534;495895;325352
139535;453939;302086
139536;514311;225387
139537;331527;222635
139538;369064;287907
139539;365724;328436
139540;421561;250234
139541;477024;273136
139542;326171;271350
139543;532322;308680
139544;455983;320512
139545;412284;324311
139546;381663;301221
139547;338860;351290
139548;374148;263110
139549;397536;218275
139550;360604;272474
139551;408313;306820
139552;401936;317851
139553;347073;282583
139554;490523;332677
139555;500227;232301
139556;385034;271934
139557;389468;278379
139558;474905;312387
139559;489949;252279
139560;416131;271753
139561;425731;305820
139562;393460;330422
139563;378291;293825
139564;414644;300621
139565;513491;273067
139566;444125;262742
139567;483276;298180
139568;403451;271836
139569;403621;268458
139570;460497;295574
139571;399958;323518
139572;324200;295116
139573;441980;251089
139574;431949;297619
139575;419622;330374
139576;406091;241497
139577;445212;296119
139578;323697;270462
139579;532241;274387
139580;431266;317170
139581;523173;261974
139582;366306;283983
139583;493986;326589
139584;352735;267751
139585;399795;257777
139586;534206;226571
139587;323732;219201
139588;358730;307778
139589;490403;317435
139590;346140;307281
139591;428860;321195
139592;363810;271081
139593;431187;311662
139594;484357;262943
139595;367382;249723
139596;533862;234087
139597;336902;219109
139598;448762;325378
139599;369214;240882
139600;379344;236520
139601;379111;318678
139602;418762;246202
139603;402439;230087
139604;406936;253612
139605;539880;268703
139606;338074;293864
139607;382915;247606
139608;332226;291840
139609;535252;301050
139610;448322;280893
139611;356615;261188
139612;391153;262651
139613;382541;343964
139614;522925;257293
139615;470012;328417
139616;449849;274362
139617;328275;356189
139618;404276;304635
139619;744843;324530
139620;698028;215913
139621;518376;267528
139622;638778;267206
139623;610300;306082
139624;648851;307555
139625;669775;298962
139626;594880;280215
139627;777347;299203
139628;763973;253397
139629;719503;314478
139630;700077;249281
139631;630991;245243
139632;743208;289687
139633;525504;305112
139634;727772;296592
139635;486907;267102
139636;712816;321562
139637;595462;270485
139638;689494;266679
139639;536589;240825
139640;621658;273210
139641;482449;288758
139642;645086;282838
139643;691126;344836
139644;639357;366641
139645;713740;304725
139646;488404;261825
139647;700651;330097
139648;716000;264544
139649;697712;294777
139650;516955;273460
139651;650484;307645
139652;662255;302582
139653;570617;289979
139654;652205;282109
139655;588466;255067
139656;734871;299983
139657;554117;252325
139658;656008;237912
139659;639045;255354
139660;597103;298985
139661;516532;252735
139662;757040;303509
139663;558729;306986
139664;652673;295013
139665;543372;232318
139666;482640;268375
139667;611486;251747
139668;632386;280907
139669;532295;319830
139670;487497;246916
139671;499434;220059
139672;562371;301593
139673;745277;233550
139674;753526;300543
139675;521896;249184
139676;546512;307234
139677;491621;287738
139678;626481;314057
139679;705285;249314
139680;718067;231770
139681;615436;230922
139682;687984;229159
139683;728418;265354
139684;628993;259348
139685;778484;318678
139686;675882;262658
139687;516946;296110
139688;758796;324023
139689;766248;232663
139690;661021;278530
139691;637838;286997
139692;572058;249993
139693;599274;307372
139694;701038;294378
139695;578043;258557
139696;559030;310468
139697;575284;313729
139698;593433;315519
139699;771867;244007
139700;653725;301441
139701;712245;313349
139702;661829;315615
139703;540658;272494
139704;589040;267920
139705;742614;293642
139706;670401;281453
139707;665414;306722
139708;640860;345084
139709;780063;321878
139710;712807;252360
139711;732145;312444
139712;504169;279025
139713;629225;301014
139714;485778;232698
139715;572606;272845
139716;556641;303998
139717;534514;254803
139718;561445;342753
139719;717841;270255
139720;569701;284260
139721;696766;335340
139722;631629;260964
139723;509185;306203
139724;641197;240177
139725;739742;242986
139726;670571;249429
139727;519928;340377
139728;731872;234851
139729;492976;239281
139730;607536;272098
139731;520461;212778
139732;487669;249675
139733;764584;292096
139734;548183;314425
139735;548143;325344
139736;713291;302354
139737;493735;298684
139738;598023;311337
139739;565857;298466
139740;509955;343646
139741;487753;296899
139742;506479;251645
139743;489307;228129
139744;616414;215534
139745;582094;313816
139746;713390;301528
139747;603507;315472
139748;540650;294287
139749;591249;237343
139750;464467;243600
139751;609603;265874
139752;506971;276695
139753;714633;308347
139754;765782;305311
139755;732693;269259
139756;612006;297750
139757;619475;314485
139758;524825;247237
139759;700114;233607
139760;474256;283804
139761;693739;283108
139762;726675;324721
139763;540221;270450
139764;545560;211055
139765;722880;235686
139766;519967;317487
139767;565062;295436
139768;616246;317889
139769;622265;267042
139770;630598;305049
139771;731868;282482
139772;484254;285613
139773;679029;309916
139774;507620;302637
139775;522309;328003
139776;696164;316144
139777;712040;329225
139778;721580;242941
139779;573522;228646
139780;766284;324946
139781;550753;271773
139782;523463;263570
139783;580400;246093
139784;725051;269665
139785;485020;261595
139786;575181;309909
139787;551936;302167
139788;610888;326456
139789;528533;258604
139790;621877;268730
139791;568484;273844
139792;690557;287290
139793;594592;296899
139794;524860;264417
139795;515227;258231
139796;487651;331294
139797;750407;321072
139798;553358;340154
139799;557945;267087
139800;646726;257468
139801;541590;302853
139802;498067;264067
139803;655455;259384
139804;572932;303484
139805;666021;258673
139806;561552;216027
139807;666612;293225
139808;514454;229883
139809;628817;208909
139810;556628;244857
139811;757310;260617
139812;702259;245069
139813;666755;284239
139814;683521;279070
139815;669971;317957
139816;478413;286934
139817;617829;261584
139818;734879;296552
139819;464078;244486
139820;489175;315647
139821;474032;269623
139822;480914;238206
139823;623165;269354
139824;756994;223448
139825;531609;242736
139826;550898;357658
139827;497010;273760
139828;784454;312517
139829;549268;291225
139830;575689;302937
139831;592206;287024
139832;573969;267798
139833;666524;298911
139834;751656;270000
139835;768510;265247
139836;688528;274246
139837;724803;245326
139838;496420;231161
139839;660246;296654
139840;664585;235554
139841;639642;269127
139842;667032;292095
139843;580070;272898
139844;572677;282704
139845;497987;281019
139846;479383;272228
139847;588169;254115
139848;765747;263651
139849;773280;276914
139850;666302;304894
139851;654618;259019
139852;535019;287145
139853;630756;250873
139854;636338;238019
139855;541331;268323
139856;733950;246076
139857;713085;318032
139858;515402;282001
139859;676190;259825
139860;710784;254444
139861;764030;312660
139862;593147;296789
139863;636398;248198
139864;730740;306773
139865;743168;252091
139866;467381;287989
139867;563869;268498
139868;696339;324436
139869;695799;267281
139870;688764;263937
139871;500741;252027
139872;500272;298293
139873;702112;327221
139874;549616;282352
139875;686495;339983
139876;702061;283247
139877;586425;265880
139878;757316;255130
139879;515351;270206
139880;741183;242759
139881;656086;300885
139882;611507;265201
139883;542089;256538
139884;624051;257870
139885;640106;213566
139886;658306;297506
139887;711594;297628
139888;605911;309095
139889;747997;301621
139890;485592;325986
139891;572379;304983
139892;657353;263436
139893;512556;241732
139894;561744;215674
139895;642341;272800
139896;549848;312200
139897;563680;250062
139898;621506;226837
139899;728830;298197
139900;748544;294566
139901;534540;337826
139902;660485;237381
139903;594678;210026
139904;547365;296143
139905;612444;234886
139906;504719;255250
139907;628050;335272
139908;470307;296307
139909;692752;336564
139910;647726;238992
139911;683834;278876
139912;486242;320458
139913;559250;211707
139914;667023;273025
139915;716528;244154
139916;608001;254159
139917;545015;251860
139918;541003;291473
139919;468322;275057
139920;573337;273594
139921;573690;289678
139922;509537;352249
139923;492059;346623
139924;571842;258497
139925;483735;238499
139926;669761;261440
139927;495214;265526
139928;713032;253506
139929;675817;258287
139930;560433;265185
139931;663602;308101
139932;664151;340763
139933;483152;280862
139934;663709;309529
139935;480181;270216
139936;496155;291970
139937;543455;257565
139938;754511;273846
139939;553261;310318
139940;470015;254395
139941;616373;288150
139942;667125;251903
139943;740650;236095
139944;491672;325247
139945;698996;296896
139946;704711;257160
139947;573743;328760
139948;596882;249113
139949;597632;272289
139950;595045;244515
139951;582374;267109
139952;722518;220009
139953;649005;282113
139954;614914;303122
139955;610917;290321
139956;667365;233120
139957;557642;311398
139958;637494;316466
139959;664947;272056
139960;533585;335816
139961;770797;252826
139962;614253;263757
139963;752034;362039
139964;537125;269467
139965;672102;309723
139966;675133;285544
139967;487015;227022
139968;665510;296447
139969;744861;289848
139970;513106;284081
139971;688087;291300
139972;503135;279649
139973;659874;326675
139974;495841;333818
139975;619105;253016
139976;739159;275395
139977;570227;238815
139978;627776;300570
139979;593049;301688
139980;710960;238643
139981;623702;343003
139982;497864;274173
139983;512045;292966
139984;547805;235250
139985;729273;231784
139986;571651;305258
139987;757467;302488
139988;750328;322715
139989;641369;291354
139990;624080;298193
139991;676287;329347
139992;555959;333473
139993;703880;261694
139994;471790;264601
139995;545286;329133
139996;593147;273764
139997;542998;289413
139998;512634;259065
139999;521395;328338
140000;520263;316282
140001;377715;284024
140002;513832;226984
140003;542056;293724
140004;606224;230011
140005;581533;237684
140006;490881;248585
140007;566471;240868
140008;508268;330367
140009;574133;229756
140010;610690;269416
140011;479432;292623
140012;382373;335746
140013;458989;222323
140014;366963;337819
140015;599176;270580
140016;364795;321974
140017;387523;261504
140018;425869;284581
140019;466029;296814
140020;448223;227494
140021;513195;261203
140022;516654;262561
140023;551245;304611
140024;610047;273465
140025;416291;223504
140026;493045;279397
140027;489354;229371
140028;370615;316696
140029;552767;269069
140030;602081;301197
140031;519448;283699
140032;445795;275179
140033;465220;282752
140034;447003;245362
140035;562636;236469
140036;571102;314364
140037;382695;275858
140038;445101;312662
140039;536233;279980
140040;450003;334726
140041;466790;312800
140042;565379;243906
140043;380534;211376
140044;414993;255376
140045;536973;302737
140046;485210;230399
140047;519377;286495
140048;523314;272239
140049;476159;274854
140050;548715;313283
140051;513845;312919
140052;535805;298203
140053;532596;258494
140054;533845;259648
140055;412137;270545
140056;431206;307615
140057;605644;320760
140058;444199;340907
140059;570185;265215
140060;388226;263089
140061;518435;257891
140062;512620;315117
140063;510516;286844
140064;562072;289298
140065;478254;276705
140066;533229;314567
140067;505553;279072
140068;468554;321713
140069;441732;335542
140070;477386;300645
140071;551145;265730
140072;450233;321494
140073;423287;253856
140074;400068;277884
140075;500936;254337
140076;355552;270105
140077;587186;321921
140078;604691;302992
140079;583927;207528
140080;527531;294093
140081;539902;234419
140082;404655;303359
140083;582555;253839
140084;458742;265371
140085;509122;310772
140086;575915;325645
140087;554506;272161
140088;385769;313467
140089;564822;259378
140090;465021;320280
140091;386451;242284
140092;490141;356100
140093;433090;279219
140094;412412;287316
140095;559288;299747
140096;606962;307487
140097;398923;294270
140098;604509;237644
140099;506444;279673
140100;516192;289189
140101;605523;299775
140102;470828;258142
140103;481249;308047
140104;566667;247082
140105;399230;352585
140106;517312;276522
140107;609235;328163
140108;447711;352092
140109;460589;257258
140110;561908;271451
140111;561011;294685
140112;544032;346738
140113;510333;249291
140114;439112;242790
140115;381313;234977
140116;436369;264508
140117;406883;305983
140118;496115;290529
140119;367048;276644
140120;462379;255499
140121;573847;245479
140122;523569;274453
140123;397088;337815
140124;585760;275114
140125;349494;259789
140126;559654;342078
140127;443993;221374
140128;549943;258629
140129;467816;295386
140130;557192;315028
140131;512253;226429
140132;389156;286651
140133;459635;288877
140134;563280;219960
140135;454259;276194
140136;540784;320917
140137;582443;277788
140138;595371;269000
140139;484554;292343
140140;476220;280000
140141;413123;263195
140142;406194;290788
140143;577967;277063
140144;601017;267427
140145;368361;216956
140146;559020;287015
140147;413135;340692
140148;511567;346341
140149;425959;238063
140150;600871;336272
140151;475610;327741
140152;460809;290264
140153;387653;291865
140154;574577;276896
140155;557928;284457
140156;404973;267810
140157;494786;295842
140158;389693;320387
140159;477649;331921
140160;515129;259007
140161;379318;248010
140162;374155;259998
140163;578296;294754
140164;598416;226601
140165;432221;251326
140166;447349;268090
140167;517737;292369
140168;396630;209439
140169;590407;297921
140170;587666;287325
140171;506516;297572
140172;494227;239172
140173;568691;208763
140174;498267;269803
140175;505117;260181
140176;584066;235796
140177;566895;276362
140178;596699;303780
140179;425502;306595
140180;562661;247579
140181;378618;265467
140182;602806;282000
140183;489466;278406
140184;501267;315886
140185;594389;223827
140186;456650;263354
140187;570964;328540
140188;541031;317282
140189;448771;284652
140190;579880;299961
140191;463439;225750
140192;561655;248598
140193;528006;295685
140194;607449;285251
140195;549858;326863
140196;440171;234777
140197;369978;237921
140198;444798;309619
140199;489739;296366
140200;369289;288815
140201;412362;243450
140202;361809;258619
140203;525538;288938
140204;547450;287140
140205;497510;290298
140206;455290;275506
140207;468992;238438
140208;492099;280176
140209;496262;229842
140210;559700;223347
140211;443532;270276
140212;538233;249004
140213;383212;317520
140214;415001;246071
140215;574080;290787
140216;499030;219604
140217;445307;269340
140218;430802;285399
140219;538638;286901
140220;496328;282709
140221;500660;297576
140222;414491;306886
140223;383431;237954
140224;516573;331079
140225;600458;305465
140226;431953;282101
140227;587976;264917
140228;469370;268082
140229;564202;309737
140230;435213;333354
140231;470264;254496
140232;503416;278208
140233;525450;264647
140234;445705;236221
140235;599726;317368
140236;414834;269017
140237;543264;246371
140238;406019;294823
140239;555788;326622
140240;557242;284099
140241;411410;330346
140242;374409;271403
140243;470613;294811
140244;496685;224495
140245;368999;313513
140246;547565;244141
140247;382670;244025
140248;546836;281498
140249;432525;310169
140250;530126;254032
140251;451638;309989
140252;458170;324711
140253;445060;292080
140254;562264;292590
140255;563036;338549
140256;563760;309868
140257;444288;291466
140258;481568;295173
140259;474604;266258
140260;475798;351437
140261;471910;270078
140262;393266;275007
140263;496314;285201
140264;430208;333732
140265;536071;263794
140266;542829;248591
140267;395611;224836
140268;584885;271325
140269;454713;307531
140270;497557;274552
140271;581483;242595
140272;442803;239297
140273;409528;263624
140274;518128;304260
140275;494764;312943
140276;335623;315880
140277;419261;252689
140278;524557;258228
140279;556012;322749
140280;539589;286984
140281;371188;219726
140282;543775;297817
140283;530494;293857
140284;554717;325697
140285;366351;273112
140286;562304;266039
140287;578868;302312
140288;486655;233280
140289;431718;280397
140290;380137;236004
140291;582762;301802
140292;438449;226417
140293;531284;318545
140294;463950;278833
140295;571916;295003
140296;379289;290903
140297;475305;279227
140298;553312;277015
140299;573083;335299
140300;590770;255115
140301;374007;308395
140302;501656;298583
140303;496857;295736
140304;408198;259960
140305;556331;245473
140306;575801;305281
140307;414598;256859
140308;426891;359791
140309;373185;296237
140310;394998;291999
140311;407394;266015
140312;503761;300138
140313;574444;331923
140314;415268;233543
140315;419835;264655
140316;383978;250397
140317;565320;258399
140318;409141;308863
140319;421225;328710
140320;429987;307699
140321;416295;311238
140322;491408;313267
140323;446701;327013
140324;371976;299892
140325;512252;315773
140326;464286;297473
140327;532728;215677
140328;601952;329602
140329;411265;236840
140330;502661;288448
140331;477506;279181
140332;564648;321385
140333;559315;302457
140334;543833;235241
140335;531262;231281
140336;522038;294551
140337;569449;245142
140338;483340;287911
140339;486030;279090
140340;504759;274703
140341;580999;323774
140342;536224;263284
140343;459338;300206
140344;528987;267268
140345;513491;310351
140346;432675;295739
140347;576245;276638
140348;549506;278613
140349;443834;328944
140350;497875;220693
140351;445012;337268
140352;549167;282682
140353;400027;309547
140354;519777;294100
140355;489018;338146
140356;436048;241029
140357;578156;277145
140358;476232;318930
140359;521816;297630
140360;512117;273888
140361;469830;229157
140362;803041;264321
140363;973634;316332
140364;652011;312741
140365;894654;290821
140366;862215;303059
140367;814285;326660
140368;841425;306923
140369;891817;218058
140370;966568;265301
140371;791892;277907
140372;701647;236379
140373;815426;255462
140374;625199;263122
140375;843180;288553
140376;671374;303630
140377;665477;353932
140378;675232;264246
140379;701696;265317
140380;993215;308723
140381;825780;253073
140382;867236;319968
140383;973268;297595
140384;602414;321357
140385;881843;277156
140386;712781;275715
140387;970200;296744
140388;767775;343929
140389;962978;239296
140390;688702;320804
140391;693399;281948
140392;707303;306465
140393;884627;323021
140394;732404;269413
140395;700593;328607
140396;754241;304544
140397;697383;252753
140398;785383;248835
140399;831923;286862
140400;679277;291251
140401;716513;267242
140402;939981;260796
140403;803413;253607
140404;698539;258202
140405;604401;297866
140406;800742;277169
140407;879198;248926
140408;799558;274216
140409;613328;275020
140410;916843;302568
140411;712317;287798
140412;669729;253088
140413;888090;275202
140414;992598;315949
140415;602507;242714
140416;940950;301117
140417;852987;329699
140418;902741;289712
140419;696412;273401
140420;721832;285945
140421;660652;219991
140422;730488;317845
140423;754869;281900
140424;712954;318057
140425;713098;241924
140426;757361;305429
140427;854450;256692
140428;826957;290693
140429;658162;288314
140430;675279;319306
140431;961636;296600
140432;676680;293471
140433;739941;321908
140434;670510;339732
140435;875596;258349
140436;787299;312235
140437;771445;259937
140438;907581;292264
140439;739633;258123
140440;832110;280543
140441;742490;249868
140442;827415;315740
140443;942438;247337
140444;905250;299823
140445;625248;281462
140446;910730;255595
140447;761352;256968
140448;647132;304535
140449;931152;266690
140450;655522;306942
140451;895270;275660
140452;765752;284086
140453;987154;285929
140454;892132;311868
140455;655145;224648
140456;902924;279940
140457;632419;305899
140458;728103;306981
140459;672640;288876
140460;717528;239128
140461;688674;316328
140462;719699;311290
140463;926344;298756
140464;850612;339810
140465;807646;246232
140466;915356;239055
140467;755046;291578
140468;756580;206913
140469;932142;260400
140470;982106;263499
140471;992782;335739
140472;611573;289337
140473;825648;279523
140474;945839;256991
140475;762161;237946
140476;734352;295804
140477;685698;292465
140478;664834;261704
140479;693801;353913
140480;608106;285956
140481;839348;272128
140482;978038;342997
140483;739710;259865
140484;709483;278063
140485;755045;278842
140486;706263;253904
140487;947670;310687
140488;918078;209848
140489;829598;289857
140490;991236;294156
140491;619672;272584
140492;693162;304700
140493;842530;293380
140494;832147;279779
140495;810467;268246
140496;996819;267836
140497;905313;271091
140498;908788;297142
140499;633838;288852
140500;863064;327696
140501;981846;322488
140502;932702;279315
140503;928800;277012
140504;805742;251186
140505;736825;260572
140506;823199;241029
140507;875739;264877
140508;981968;301247
140509;758866;293840
140510;748446;342060
140511;711335;297675
140512;892116;318820
140513;634246;312279
140514;908338;273929
140515;737070;246059
140516;710002;327595
140517;738225;295289
140518;580407;266270
140519;859530;275912
140520;663108;292341
140521;722621;325496
140522;965127;283090
140523;811407;298357
140524;881848;258511
140525;628434;286490
140526;841199;239289
140527;763151;325505
140528;784876;246238
140529;647237;268425
140530;957556;257133
140531;848108;341405
140532;715424;319692
140533;951860;320472
140534;674451;304109
140535;958402;310082
140536;694495;227594
140537;616644;279649
140538;855539;280425
140539;603826;248238
140540;725195;289721
140541;665621;327086
140542;812104;355397
140543;616841;313499
140544;872839;268967
140545;926805;283562
140546;810033;311585
140547;699517;276019
140548;594998;257280
140549;871468;240781
140550;605741;289192
140551;891249;272696
140552;725428;302710
140553;648970;298303
140554;844375;344014
140555;988419;282420
140556;889874;316467
140557;714530;333870
140558;943583;268535
140559;675341;261106
140560;778562;300188
140561;603986;253327
140562;713859;280421
140563;759468;225949
140564;942093;350812
140565;751878;278184
140566;878456;260966
140567;777177;244351
140568;663907;268927
140569;886355;270263
140570;789376;279467
140571;627324;282798
140572;835954;270862
140573;912503;292770
140574;991364;352583
140575;600810;290952
140576;710573;321723
140577;809892;278329
140578;825814;237867
140579;974334;251597
140580;620017;281157
140581;863136;309108
140582;735261;244377
140583;914329;284436
140584;796988;221122
140585;954093;275291
140586;695477;312211
140587;797042;327153
140588;639743;316897
140589;873952;295016
140590;959396;306715
140591;705413;287710
140592;706527;245284
140593;895234;258047
140594;987225;279871
140595;827078;283856
140596;764892;248417
140597;833090;297085
140598;866440;297950
140599;953823;300537
140600;630368;283595
140601;985525;326869
140602;965996;277369
140603;618908;282140
140604;905641;302401
140605;931752;245390
140606;892463;275819
140607;683024;337965
140608;920147;303148
140609;895497;282430
140610;668147;318948
140611;937684;305049
140612;968312;335170
140613;746120;288489
140614;731227;327246
140615;875547;247473
140616;904879;328034
140617;837815;256186
140618;626853;307346
140619;605807;305067
140620;625476;216144
140621;797997;301580
140622;826984;233554
140623;706267;337566
140624;747885;274617
140625;778263;218010
140626;950236;335283
140627;906752;293524
140628;818814;247757
140629;896141;291939
140630;779880;263132
140631;600342;276725
140632;898655;222937
140633;927785;329716
140634;988745;279294
140635;612761;260038
140636;698326;256118
140637;652366;324627
140638;823110;323109
140639;895434;210849
140640;688333;241548
140641;914978;362751
140642;961859;305906
140643;869419;304018
140644;861163;304391
140645;785436;234227
140646;709330;274137
140647;879780;268773
140648;717602;243849
140649;835252;286073
140650;846433;243713
140651;853574;274857
140652;959318;288499
140653;597608;309699
140654;990713;226821
140655;658047;263631
140656;652953;280757
140657;853133;300813
140658;611028;221436
140659;832594;248608
140660;809756;270802
140661;948697;288587
140662;642280;266558
140663;616572;257058
140664;815542;363254
140665;864715;245816
140666;609177;289919
140667;797979;301159
140668;761412;239963
140669;879397;305263
140670;645651;249396
140671;681714;238021
140672;881628;259791
140673;697748;277095
140674;936056;258181
140675;831681;246101
140676;903735;320770
140677;866343;262410
140678;870121;281821
140679;850611;246070
140680;747004;362574
140681;923716;234541
140682;872795;256327
140683;946772;233030
140684;719903;242006
140685;601066;244728
140686;822827;269853
140687;916462;289095
140688;884012;209901
140689;889106;341596
140690;968852;290757
140691;651783;258800
140692;861425;240015
140693;624652;278305
140694;624816;314935
140695;605258;280780
140696;627301;269964
140697;980070;243903
140698;865937;283396
140699;718774;285969
140700;841823;288631
140701;834818;320256
140702;685608;281785
140703;740803;233511
140704;941172;264374
140705;818399;337440
140706;739965;225935
140707;689153;239312
140708;858602;297875
140709;866996;265379
140710;719250;221562
140711;945328;282456
140712;918065;298482
140713;741914;309286
140714;873407;311850
140715;850135;295070
140716;639516;286300
140717;922296;328949
140718;775813;250354
140719;795604;332493
140720;848872;290302
140721;820797;252759
140722;809787;267983
140723;679020;316516
140724;658942;326073
140725;685210;291894
140726;671916;309380
140727;686270;318729
140728;681004;326961
140729;697146;281734
140730;899634;236285
140731;746784;266383
140732;707996;346060
140733;813264;237183
140734;580847;279979
140735;842132;297272
140736;801409;300517
140737;793004;244194
140738;576277;302493
140739;822593;291354
140740;624241;282863
140741;930986;231745
140742;884184;314967
140743;887193;273362
140744;613999;325973
140745;658560;296604
140746;937726;276149
140747;947848;316927
140748;718204;250246
140749;693169;314319
140750;780509;346511
140751;685285;264290
140752;731604;296262
140753;626698;298303
140754;614062;316062
140755;640854;296201
140756;645745;293800
140757;921460;256219
140758;859978;295105
140759;619701;239002
140760;864936;298351
140761;604329;233216
140762;734692;283948
140763;579643;231439
140764;704089;239126
140765;739145;256203
140766;915460;298897
140767;726007;216047
140768;852922;228245
140769;718243;293980
140770;667528;281956
140771;808708;292266
140772;774053;319362
140773;880285;255708
140774;764840;312310
140775;860019;307511
140776;593241;266531
140777;796439;293997
140778;845462;320128
140779;630261;324899
140780;778310;274888
140781;595989;275888
140782;920927;212958
140783;598120;235287
140784;866202;254387
140785;693850;274152
140786;737788;231816
140787;715283;258967
140788;766421;282108
140789;661834;361536
140790;846299;250435
140791;869982;239246
140792;794685;315125
140793;791833;285097
140794;700104;261578
140795;699050;214950
140796;639884;261294
140797;847386;292952
140798;925772;272504
140799;651673;297349
140800;847376;290362
140801;912359;267012
140802;896132;258414
140803;767926;333370
140804;598930;257138
140805;612097;305289
140806;664090;306795
140807;674963;283118
140808;759528;272401
140809;800361;258770
140810;755466;238603
140811;582667;226378
140812;621239;321241
140813;783742;320282
140814;628398;232770
140815;573867;291748
140816;799257;282511
140817;645842;268694
140818;680952;270826
140819;645344;264314
140820;792219;289224
140821;800855;324228
140822;633859;316753
140823;695874;229212
140824;838964;228209
140825;688769;265072
140826;726268;247426
140827;789059;278344
140828;926606;229134
140829;618203;311368
140830;599403;279993
140831;758337;284092
140832;683225;315579
140833;697581;332351
140834;662946;286237
140835;636982;308798
140836;722243;283969
140837;733426;320196
140838;887970;288754
140839;947530;292489
140840;937610;329937
140841;696573;247341
140842;711476;254403
140843;644722;241930
140844;813790;253278
140845;935883;298389
140846;755580;287390
140847;595209;305143
140848;915006;275590
140849;648142;272651
140850;611911;232410
140851;829544;239579
140852;649213;248021
140853;928488;310828
140854;838796;241176
140855;648556;231604
140856;582265;316865
140857;699598;246996
140858;780743;301710
140859;631233;304836
140860;753813;321014
140861;872337;368458
140862;759354;311890
140863;638646;252083
140864;714588;259416
140865;665519;241598
140866;597089;253399
140867;705972;311667
140868;770562;308989
140869;786094;283530
140870;646111;268909
140871;662547;332791
140872;646694;266639
140873;773771;331930
140874;729513;291492
140875;709032;290653
140876;695743;233032
140877;885542;242233
140878;859684;293941
140879;752686;299355
140880;850420;335818
140881;804684;281599
140882;878326;270048
140883;731124;302308
140884;930469;286737
140885;839154;329015
140886;610494;327484
140887;662554;261410
140888;602578;307775
140889;849598;264112
140890;697641;268004
140891;687522;302348
140892;834523;233720
140893;653806;352413
140894;652841;271507
140895;896084;273120
140896;590231;299195
140897;838270;270155
140898;882069;315419
140899;791720;315529
140900;658646;276215
140901;599348;306026
140902;925865;305131
140903;612134;293521
140904;614230;292744
140905;625072;315495
140906;650313;307917
140907;773084;269785
140908;645769;297909
140909;749321;315576
140910;626495;311544
140911;887588;283764
140912;887846;306505
140913;900475;307027
140914;774952;251367
140915;796131;248164
140916;706004;262174
140917;786931;291805
140918;635555;296379
140919;875896;249599
140920;851058;324658
140921;613270;322975
140922;586190;294045
140923;743132;306279
140924;801172;219816
140925;845291;250997
140926;792922;273897
140927;796229;278928
140928;679433;260838
140929;769794;285448
140930;891873;331874
140931;908144;207526
140932;659110;248253
140933;767529;293303
140934;852490;274118
140935;713580;259760
140936;707180;288596
140937;627912;254148
140938;664458;270274
140939;809320;323165
140940;921751;278846
140941;611022;277453
140942;605200;260272
140943;773207;273148
140944;787862;292170
140945;746053;312031
140946;898674;279363
140947;863484;249995
140948;699820;274723
140949;669850;353577
140950;770235;292561
140951;691269;310575
140952;623021;220220
140953;893072;287514
140954;644109;262738
140955;800805;310415
140956;853592;242811
140957;932944;299119
140958;847923;256426
140959;899996;293945
140960;711243;244281
140961;654436;239426
140962;720272;255893
140963;769631;262601
140964;611417;255788
140965;621964;295635
140966;832112;315265
140967;883336;295508
140968;646758;282955
140969;771624;221227
140970;641219;279070
140971;729055;309961
140972;795331;269214
140973;810116;268029
140974;789338;309871
140975;791640;313208
140976;742319;271788
140977;786760;214027
140978;841032;238151
140979;726428;255057
140980;783831;267929
140981;604309;281095
140982;699198;243354
140983;860639;237319
140984;684830;323864
140985;781921;316518
140986;683081;282448
140987;869265;225453
140988;677423;233861
140989;701510;275718
140990;784575;254638
140991;608221;294292
140992;681793;296144
140993;580550;319825
140994;648551;314939
140995;855357;321423
140996;625188;229441
140997;638809;284634
140998;612773;229397
140999;831533;335267
141000;567764;316984
141001;614659;252032
141002;722434;281967
141003;884800;323774
141004;888104;301382
141005;970864;306762
141006;861028;328622
141007;682227;329993
141008;615832;241696
141009;851596;256955
141010;686342;284339
141011;574568;311050
141012;690353;286982
141013;668631;251130
141014;587965;331430
141015;825470;243945
141016;590490;293304
141017;679719;341021
141018;795339;294928
141019;931251;234633
141020;745071;210163
141021;615477;296781
141022;683038;288548
141023;689913;339980
141024;942089;268554
141025;856777;294409
141026;951679;295781
141027;739069;234797
141028;942365;284018
141029;576237;275501
141030;793901;318258
141031;908407;277947
141032;641519;303262
141033;682208;279849
141034;779597;275035
141035;712804;320003
141036;715573;274883
141037;697761;265984
141038;854099;319768
141039;904660;282337
141040;719287;230820
141041;782824;241626
141042;738898;227341
141043;548150;288651
141044;609473;276181
141045;656895;264777
141046;808073;291399
141047;723921;304831
141048;522950;320510
141049;607592;284104
141050;734867;312950
141051;715648;236185
141052;786114;272732
141053;644739;252651
141054;540174;253225
141055;516746;287895
141056;837880;272187
141057;662086;286240
141058;762493;254760
141059;521716;291016
141060;540118;223955
141061;598988;242846
141062;781242;225379
141063;578544;289413
141064;552801;280340
141065;690695;259946
141066;544498;251585
141067;620372;278734
141068;688771;294376
141069;767770;319464
141070;624642;275703
141071;648854;303070
141072;617728;293718
141073;725104;313954
141074;544469;279553
141075;809708;299322
141076;649649;278903
141077;614464;296092
141078;680056;325702
141079;626608;325962
141080;840785;288035
141081;822871;299075
141082;764077;321784
141083;672737;300549
141084;816690;343746
141085;604367;293736
141086;585786;282412
141087;569242;278136
141088;517738;307009
141089;691462;279345
141090;544992;346941
141091;502934;277563
141092;533084;254063
141093;817250;243052
141094;511671;231591
141095;745139;341886
141096;559550;285893
141097;640363;212378
141098;531179;316156
141099;737095;309765
141100;781793;303199
141101;523317;274217
141102;761698;319015
141103;704023;260026
141104;570149;330207
141105;610457;281337
141106;749347;239822
141107;503383;317942
141108;744282;223494
141109;822724;241551
141110;548126;243462
141111;504402;320382
141112;595854;250328
141113;786568;234080
141114;568918;346935
141115;531285;350270
141116;751971;250457
141117;559943;320169
141118;816603;302607
141119;738293;328134
141120;560966;313093
141121;640366;252096
141122;551198;270573
141123;548765;276011
141124;715500;236577
141125;801091;275304
141126;556666;258675
141127;679709;302401
141128;594614;278321
141129;558568;289108
141130;714932;219928
141131;672747;265507
141132;674129;358424
141133;591751;222096
141134;781908;227129
141135;524160;237139
141136;758839;245936
141137;738131;307786
141138;575170;242651
141139;806630;317586
141140;707616;290899
141141;664938;270030
141142;740385;303138
141143;725310;296971
141144;610617;244062
141145;711991;272080
141146;523850;309580
141147;569649;306717
141148;754452;283948
141149;697521;299275
141150;500160;288765
141151;661827;286997
141152;603498;296576
141153;748032;338824
141154;634998;334425
141155;781638;260794
141156;622705;257219
141157;816964;248395
141158;536806;315141
141159;514130;306130
141160;747768;277623
141161;753231;328310
141162;620639;276045
141163;615620;317962
141164;791608;254628
141165;573340;273214
141166;648588;271661
141167;802807;260038
141168;746790;270225
141169;788832;270208
141170;758021;287826
141171;791589;290600
141172;716140;224143
141173;599103;243917
141174;521186;277190
141175;600790;238297
141176;715840;284830
141177;650086;307818
141178;644418;270107
141179;567849;297830
141180;627108;305092
141181;633591;297164
141182;773246;235329
141183;630228;269774
141184;538403;295757
141185;603951;325865
141186;769276;293066
141187;563249;335565
141188;500677;222465
141189;639820;254006
141190;516187;242297
141191;807600;337899
141192;712330;287833
141193;540021;276406
141194;666692;329178
141195;794130;258350
141196;564024;242483
141197;747723;231124
141198;592739;284969
141199;593869;267413
141200;638195;253434
141201;550737;312769
141202;547387;281896
141203;715905;268509
141204;542170;263453
141205;518950;310665
141206;605450;278178
141207;807387;313644
141208;591572;208378
141209;734972;309379
141210;537371;316839
141211;513448;343172
141212;557914;237698
141213;629265;352414
141214;608660;252036
141215;524773;285355
141216;656595;256820
141217;645212;316728
141218;597920;272131
141219;547292;330779
141220;602452;300225
141221;714434;262511
141222;558272;263288
141223;697635;320645
141224;710474;262074
141225;703915;253689
141226;524644;289958
141227;759164;307652
141228;632964;302011
141229;553440;285988
141230;499036;268431
141231;666506;225195
141232;707260;300006
141233;730862;258119
141234;541305;278381
141235;523564;244601
141236;750172;248664
141237;825859;301291
141238;703242;328005
141239;608823;285703
141240;648059;250036
141241;508704;316062
141242;723363;272505
141243;504037;318459
141244;576812;250388
141245;644316;208950
141246;515148;308972
141247;614543;350874
141248;747593;328369
141249;666379;335194
141250;546000;267218
141251;633630;319517
141252;744589;304179
141253;522137;253935
141254;549981;269521
141255;525962;275686
141256;703632;265192
141257;721561;250435
141258;513941;315690
141259;625952;301619
141260;523962;331253
141261;750852;228288
141262;513554;287035
141263;644098;252741
141264;594560;248677
141265;503876;286986
141266;811150;286825
141267;684037;281826
141268;822683;209490
141269;727778;283239
141270;625556;326843
141271;646092;237456
141272;748424;319507
141273;676923;322402
141274;787188;314452
141275;520935;275825
141276;631408;278657
141277;803927;256092
141278;577826;285619
141279;810298;297838
141280;719561;303077
141281;702745;230872
141282;830839;313756
141283;678610;255862
141284;531978;314572
141285;725089;267365
141286;746197;214050
141287;705462;250143
141288;811637;320450
141289;574094;292192
141290;626616;328492
141291;518714;246108
141292;772493;328509
141293;786459;317137
141294;729617;313884
141295;720114;218279
141296;584680;317306
141297;775010;248775
141298;543931;215706
141299;555154;305081
141300;655755;306624
141301;514501;286624
141302;645040;288301
141303;731930;253008
141304;753410;279725
141305;555177;239587
141306;510105;270553
141307;745036;248666
141308;756112;294970
141309;658057;254185
141310;525647;262006
141311;536076;334997
141312;761569;258073
141313;581561;306570
141314;675965;260114
141315;626251;281343
141316;515392;260265
141317;522913;239002
141318;820341;284828
141319;809743;332793
141320;695354;267211
141321;528789;277678
141322;778779;268841
141323;775023;347294
141324;684397;325398
141325;668284;242819
141326;696297;321775
141327;603795;288358
141328;573510;304761
141329;804820;338866
141330;786976;295474
141331;805339;303603
141332;624258;213833
141333;712956;244372
141334;664835;270050
141335;671680;283239
141336;711228;228947
141337;667289;254928
141338;720866;304604
141339;541333;296700
141340;642907;281861
141341;678356;204832
141342;585349;232913
141343;662604;294858
141344;776937;246216
141345;555994;245620
141346;787574;255136
141347;772455;274061
141348;549834;309613
141349;522715;240722
141350;813523;333094
141351;748765;302991
141352;693735;320457
141353;803966;233331
141354;752110;296744
141355;884753;260611
141356;734139;316519
141357;602698;294983
141358;642731;294842
141359;756761;304426
141360;814861;257515
141361;850112;267868
141362;746223;280411
141363;745983;245485
141364;607655;273297
141365;616265;348353
141366;649141;330736
141367;520299;263299
141368;801776;308262
141369;655007;247015
141370;567878;233781
141371;774477;266475
141372;793432;270918
141373;542114;273590
141374;582554;276432
141375;565565;257907
141376;528986;288788
141377;585405;306010
141378;716596;282225
141379;639633;246546
141380;333716;308655
141381;304808;311709
141382;302734;266244
141383;253672;244020
141384;323005;264201
141385;324414;320821
141386;316231;304275
141387;256301;271979
141388;296154;314901
141389;313329;275907
141390;227734;298445
141391;330559;248139
141392;242494;244961
141393;356197;309781
141394;306581;276874
141395;304836;278241
141396;295845;228164
141397;322186;311479
141398;251857;307148
141399;358995;303483
141400;227901;258158
141401;301377;262752
141402;244718;280004
141403;273140;313680
141404;347409;298483
141405;343379;271515
141406;321066;299131
141407;359721;294959
141408;332611;324048
141409;227390;261733
141410;374574;300779
141411;230124;259841
141412;352910;248860
141413;272972;294096
141414;335078;228589
141415;319675;344372
141416;294236;271263
141417;323122;298065
141418;335217;287139
141419;345380;292089
141420;366764;310961
141421;327379;290697
141422;298862;310042
141423;351926;303324
141424;315080;323182
141425;273565;323057
141426;353478;259392
141427;255685;271699
141428;338714;291427
141429;342244;288477
141430;345806;251700
141431;249173;307049
141432;274988;287505
141433;273213;282705
141434;366229;302921
141435;377451;280962
141436;369662;225349
141437;341846;285072
141438;334428;258865
141439;342530;280914
141440;237154;298319
141441;340779;229349
141442;338219;323143
141443;297245;309850
141444;270416;290682
141445;236877;232914
141446;231940;326086
141447;367689;333055
141448;359840;265114
141449;327071;296623
141450;260774;242478
141451;321647;295249
141452;301772;295686
141453;277182;298702
141454;322832;326482
141455;272204;269762
141456;367841;281682
141457;306652;298518
141458;365735;235618
141459;271012;326269
141460;302031;250304
141461;283163;286469
141462;347140;290821
141463;338080;325084
141464;241187;329995
141465;229475;322171
141466;300428;258307
141467;297660;271157
141468;261568;314237
141469;270385;239947
141470;302964;327936
141471;298974;292517
141472;245010;241212
141473;277462;321640
141474;369536;246570
141475;232998;288409
141476;375284;242236
141477;262654;278179
141478;262883;304055
141479;317038;281648
141480;367818;232470
141481;277871;294988
141482;369843;301471
141483;370516;257262
141484;278963;307754
141485;318516;258396
141486;344411;291385
141487;317817;272007
141488;330178;284445
141489;293687;257148
141490;329329;333543
141491;371642;237991
141492;288105;278297
141493;268186;336296
141494;310316;305922
141495;329756;301211
141496;348534;319092
141497;248480;230771
141498;323548;317110
141499;337943;232227
141500;303306;358244
141501;273390;312744
141502;371847;286751
141503;279984;223650
141504;299699;238894
141505;351839;276292
141506;276348;296919
141507;254669;333282
141508;260610;227604
141509;277665;328442
141510;366433;274311
141511;289495;229840
141512;312335;337606
141513;297757;341892
141514;236279;260649
141515;268740;264331
141516;323011;313659
141517;338938;303665
141518;236284;312127
141519;248278;293835
141520;318431;319400
141521;350662;319540
141522;318961;237908
141523;377954;262527
141524;347687;281659
141525;260434;349997
141526;300813;356762
141527;338580;283862
141528;259669;337981
141529;353120;284266
141530;363351;273648
141531;277465;333052
141532;252946;306328
141533;280358;272610
141534;370611;237140
141535;233131;253625
141536;231422;227580
141537;247019;278457
141538;280729;228591
141539;380197;279550
141540;318679;339980
141541;370193;294052
141542;289796;304857
141543;236998;242776
141544;356686;220656
141545;290294;290657
141546;312788;318843
141547;346081;278540
141548;341717;303312
141549;375280;269604
141550;267282;252674
141551;260883;310423
141552;330834;285223
141553;297847;272404
141554;344769;293773
141555;273430;249805
141556;342676;333562
141557;273381;233559
141558;247568;251784
141559;300643;284150
141560;301583;290823
141561;379009;307525
141562;375331;311639
141563;330208;259442
141564;343963;295408
141565;304232;269133
141566;247562;259391
141567;318985;286190
141568;334785;281967
141569;257803;304905
141570;340211;248206
141571;367062;282107
141572;345001;289488
141573;278294;314597
141574;271610;302800
141575;341489;218902
141576;352641;344916
141577;239799;334436
141578;307370;256196
141579;338667;307525
141580;322664;256391
141581;324259;299043
141582;326148;257880
141583;369807;301358
141584;296384;284499
141585;343119;320142
141586;376319;231562
141587;236000;269985
141588;268125;229145
141589;238563;276718
141590;341268;289642
141591;296727;268124
141592;274871;272893
141593;320361;235627
141594;280186;218138
141595;363123;259227
141596;272803;289821
141597;304179;297586
141598;284750;251570
141599;359747;293716
141600;346212;287267
141601;324535;274833
141602;343094;311635
141603;240695;225764
141604;293141;311799
141605;329777;333198
141606;310951;301010
141607;348276;266844
141608;352415;315020
141609;368132;296119
141610;288357;312105
141611;285483;303799
141612;236330;292411
141613;253416;240312
141614;243399;252997
141615;242042;293944
141616;233406;305220
141617;284401;268538
141618;259564;232360
141619;334209;318667
141620;244909;230212
141621;250727;278723
141622;319425;278400
141623;240264;276711
141624;374886;222805
141625;354987;308870
141626;268620;284338
141627;300035;339771
141628;344308;258063
141629;332867;280252
141630;261794;252673
141631;324087;291954
141632;315718;300832
141633;335744;346713
141634;363847;282736
141635;248929;229908
141636;280104;265379
141637;262542;309614
141638;275002;301044
141639;338728;244347
141640;303700;223561
141641;240602;256081
141642;374991;296242
141643;302165;334469
141644;273292;311914
141645;234007;342520
141646;245436;304087
141647;339743;321297
141648;313920;255611
141649;267025;291903
141650;225874;235165
141651;351867;282174
141652;235732;246151
141653;290744;318862
141654;271511;297306
141655;240681;250378
141656;245639;275045
141657;319821;328429
141658;267535;309078
141659;321560;259346
141660;363462;255757
141661;298172;278109
141662;276228;278323
141663;344174;280853
141664;322658;341987
141665;358055;240265
141666;366901;279020
141667;417816;213935
141668;236661;287670
141669;281694;247050
141670;269402;267107
141671;338406;275580
141672;373424;283374
141673;250784;343972
141674;359521;224506
141675;310139;307656
141676;327695;294912
141677;298122;251426
141678;238500;278834
141679;239359;277181
141680;326243;294341
141681;291866;262330
141682;255278;234637
141683;371225;249179
141684;256706;268643
141685;304026;336536
141686;334686;281721
141687;366297;227579
141688;306855;312340
141689;350654;255366
141690;318849;290979
141691;242844;317819
141692;285486;243071
141693;306666;271237
141694;302584;329215
141695;293918;327508
141696;259496;307024
141697;254442;312741
141698;282228;235010
141699;313073;248101
141700;329689;256161
141701;240736;247913
141702;321629;284254
141703;236212;282133
141704;282195;287012
141705;253279;312546
141706;305476;288555
141707;371987;242281
141708;266531;336450
141709;299578;244841
141710;298175;250183
141711;288090;304892
141712;367898;299655
141713;260557;307629
141714;361885;272756
141715;246250;243580
141716;340465;293720
141717;336226;315656
141718;307298;266072
141719;295408;257043
141720;325570;215828
141721;263345;282466
141722;304522;242091
141723;341186;308289
141724;283186;249973
141725;227618;267727
141726;360024;332736
141727;300303;308771
141728;378066;301457
141729;356363;226334
141730;279866;253256
141731;230095;261253
141732;320160;330441
141733;344913;310246
141734;251881;289052
141735;246305;310479
141736;292201;327417
141737;327969;270256
141738;291701;304522
141739;346019;285259
141740;302135;251082
141741;359441;252149
141742;247938;301662
141743;334281;224338
141744;233822;260414
141745;254600;264292
141746;252888;303844
141747;327447;291764
141748;277660;311484
141749;332278;281024
141750;358649;231018
141751;306988;303476
141752;339352;296777
141753;315206;235563
141754;323950;259375
141755;263193;264798
141756;281882;314948
141757;280486;269752
141758;311738;325882
141759;228695;297274
141760;375831;334039
141761;326439;223320
141762;359314;265813
141763;131336;311321
141764;170438;260427
141765;213133;309144
141766;147661;325187
141767;204031;348985
141768;138947;283841
141769;147646;265457
141770;185536;320967
141771;137139;334624
141772;189443;279095
141773;135596;218055
141774;152269;259589
141775;153509;312427
141776;187436;232462
141777;199387;356294
141778;158383;273557
141779;141528;320899
141780;206966;275509
141781;130892;246525
141782;161729;339394
141783;133029;249706
141784;195261;272360
141785;211130;305792
141786;201564;273705
141787;154765;291950
141788;181064;250266
141789;141338;310061
141790;207072;338281
141791;202039;215941
141792;152238;279789
141793;176172;281670
141794;161020;311380
141795;190869;266120
141796;156195;259738
141797;209688;319036
141798;145192;285009
141799;158461;290977
141800;181426;252428
141801;186718;287404
141802;173834;330071
141803;164232;356552
141804;139498;237310
141805;142502;319673
141806;172136;251387
141807;167889;267731
141808;198991;219497
141809;141857;262745
141810;141470;318180
141811;158695;311323
141812;189873;257708
141813;172921;274146
141814;149586;254566
141815;207116;250536
141816;206770;298583
141817;177480;267301
141818;131443;264523
141819;164981;321512
141820;165846;284699
141821;215435;300934
141822;206842;264038
141823;184252;265846
141824;183956;268259
141825;181794;240247
141826;156710;321639
141827;144173;249595
141828;215332;243244
141829;154166;277475
141830;184619;263547
141831;194064;352427
141832;162932;296104
141833;180788;242839
141834;138079;315553
141835;182113;315310
141836;156875;265989
141837;210285;315721
141838;202785;282003
141839;133477;241454
141840;131781;274811
141841;174586;268622
141842;130697;298349
141843;190528;287637
141844;134575;249008
141845;204633;269424
141846;212309;306869
141847;169207;256773
141848;138956;252827
141849;190750;332398
141850;193801;241760
141851;163533;320778
141852;163220;232463
141853;146182;283201
141854;158948;263048
141855;169836;321172
141856;185161;304970
141857;157175;282952
141858;184812;283916
141859;132990;285333
141860;148034;284189
141861;201847;243437
141862;194799;249176
141863;192550;329893
141864;145813;267251
141865;157014;317646
141866;190364;270709
141867;213609;281687
141868;209297;227366
141869;139459;299482
141870;186239;283166
141871;191736;274113
141872;148192;291840
141873;160539;317416
141874;179614;297962
141875;207429;305452
141876;203356;264323
141877;152565;335529
141878;203631;317505
141879;182663;241323
141880;149420;288356
141881;150271;264064
141882;152252;225467
141883;167488;270579
141884;131788;249209
141885;145467;326993
141886;164009;311153
141887;190067;256506
141888;210747;292815
141889;137603;292838
141890;185554;244217
141891;180948;319813
141892;147199;308561
141893;175871;321417
141894;212456;255694
141895;200327;260091
141896;138201;245841
141897;184390;266034
141898;143425;256655
141899;171179;223383
141900;156946;257431
141901;179786;323243
141902;211467;268114
141903;175430;292971
141904;150392;270888
141905;185123;271422
141906;174583;308442
141907;156597;267275
141908;166618;314538
141909;176491;256872
141910;151910;298751
141911;157974;263567
141912;138583;327569
141913;191493;227832
141914;174919;318887
141915;185570;248460
141916;197882;300739
141917;160294;315735
141918;169277;284562
141919;152848;250379
141920;209422;255104
141921;212724;242928
141922;211333;301286
141923;189930;258377
141924;212787;248195
141925;194333;280270
141926;211665;275335
141927;156637;244818
141928;194709;349107
141929;145611;293334
141930;154029;254147
141931;147839;333737
141932;149772;264511
141933;140561;313406
141934;186001;229150
141935;187230;311931
141936;154255;248534
141937;205297;333581
141938;205699;245754
141939;185361;340846
141940;131988;280211
141941;158284;272514
141942;131038;224931
141943;151446;261236
141944;177705;336673
141945;181570;341887
141946;209281;331182
141947;142342;242264
141948;186839;237703
141949;133260;314536
141950;175726;262877
141951;205903;295911
141952;132236;246568
141953;165963;276654
141954;209773;221199
141955;170990;248608
141956;195102;258359
141957;202290;262821
141958;136577;287801
141959;203412;317454
141960;179136;295011
141961;186880;313607
141962;185340;327438
141963;136697;331335
141964;163636;302442
141965;201148;276795
141966;171120;282478
141967;143351;259854
141968;168047;265938
141969;210800;258779
141970;208161;264886
141971;143007;334244
141972;177852;316907
141973;142400;302535
141974;202197;301428
141975;169910;258818
141976;211250;215932
141977;164158;333937
141978;172118;228484
141979;161890;302211
141980;164932;283657
141981;183753;241813
141982;209603;324253
141983;202134;354797
141984;169497;253584
141985;180741;260449
141986;142373;256140
141987;183228;296589
141988;147749;228941
141989;169481;323135
141990;195137;246096
141991;155358;267856
141992;155947;301550
141993;141309;305436
141994;153473;298788
141995;151305;252000
141996;137444;254481
141997;193655;264733
141998;215090;291676
141999;173553;280152
142000;130890;245421
142001;202993;248441
142002;190212;316906
142003;215957;292829
142004;199237;286679
142005;158676;309953
142006;178398;221904
142007;209954;297122
142008;190864;327325
142009;204345;292427
142010;155261;296448
142011;146965;274408
142012;200074;317690
142013;165055;261676
142014;203092;290973
142015;191229;278268
142016;182994;315730
142017;181782;228883
142018;207247;269828
142019;167436;303190
142020;156783;254756
142021;142731;239897
142022;201165;240820
142023;210506;291444
142024;211726;346664
142025;184035;262716
142026;147470;303663
142027;189882;285850
142028;182676;244031
142029;157188;293742
142030;164500;252188
142031;196823;243877
142032;185048;300172
142033;206720;261200
142034;197571;289077
142035;144849;296290
142036;197492;294724
142037;137318;277086
142038;210217;321046
142039;162018;313634
142040;162036;335635
142041;167844;211002
142042;141937;277478
142043;136158;220290
142044;138620;240177
142045;186784;256498
142046;148544;288017
142047;214476;268434
142048;144583;255523
142049;165737;293026
142050;216091;274894
142051;171684;322341
142052;178158;294982
142053;205385;308955
142054;205492;278860
142055;215187;235661
142056;134376;286351
142057;184278;241656
142058;131123;287337
142059;168570;275026
142060;215153;262321
142061;186058;271010
142062;214409;277420
142063;158019;245860
142064;173141;273648
142065;197913;286629
142066;143517;287860
142067;132908;283585
142068;135795;294233
142069;196244;285933
142070;131084;311535
142071;195448;302328
142072;167805;247218
142073;210268;262571
142074;189561;319221
142075;185637;282565
142076;180419;268739
142077;164940;254147
142078;172490;226238
142079;188090;342496
142080;149190;309080
142081;197646;276957
142082;215998;321006
142083;130909;269937
142084;178817;265809
142085;183473;292514
142086;183193;343872
142087;183205;278495
142088;136373;315737
142089;206299;340451
142090;153127;336168
142091;209541;312292
142092;137084;280963
142093;211647;231028
142094;199873;343118
142095;151084;277817
142096;141308;330153
142097;150743;221610
142098;132809;365143
142099;188166;246870
142100;194883;289953
142101;174114;300944
142102;132898;310222
142103;165645;249810
142104;146968;290199
142105;192467;330069
142106;182738;285431
142107;189322;276450
142108;143994;275685
142109;150934;314268
142110;137443;305746
142111;195879;274287
142112;134516;227606
142113;212303;242921
142114;207826;222244
142115;208986;257067
142116;158511;218671
142117;184649;262353
142118;160043;315486
142119;173553;295503
142120;137415;302558
142121;154517;310079
142122;148688;275832
142123;132723;275214
142124;172498;297785
142125;138481;212193
142126;165556;344719
142127;199443;243694
142128;151050;334737
142129;136741;228863
142130;196490;302529
142131;197198;233684
142132;180369;285151
142133;168055;224624
142134;142600;258354
142135;191377;301223
142136;212337;228711
142137;187565;325939
142138;211130;249756
142139;212009;281677
142140;191818;257275
142141;159010;290795
142142;178798;244084
142143;182541;305284
142144;139919;288974
142145;186664;252081
142146;189349;316199
142147;167943;267289
142148;190195;238570
142149;205310;253924
142150;177255;301245
142151;198768;249943
142152;177475;252175
142153;157904;319523
142154;180164;284424
142155;181790;292182
142156;189280;312768
142157;196720;272543
142158;194560;282844
142159;210842;277338
142160;194091;214345
142161;168349;257838
142162;162395;334918
142163;215327;304206
142164;206842;273849
142165;144885;317303
142166;150879;328533
142167;137623;314169
142168;196483;261604
142169;180606;290531
142170;173587;263712
142171;139637;278572
142172;181199;210975
142173;187658;318585
142174;168622;291963
142175;155895;243478
142176;206922;218502
142177;166752;298766
142178;148017;245483
142179;202732;301629
142180;156918;249672
142181;154708;260467
142182;205943;258539
142183;187417;306045
142184;140830;234682
142185;145535;336437
142186;154798;277019
142187;174332;286976
142188;159288;242238
142189;152633;268964
142190;209736;286591
142191;196431;309077
142192;196153;293789
142193;199207;323220
142194;213853;350020
142195;151291;246060
142196;189186;317201
142197;195099;275744
142198;164140;273826
142199;164459;296396
142200;157965;294071
142201;161264;334960
142202;143981;313029
142203;130259;322594
142204;166032;275333
142205;139844;314162
142206;180759;296688
142207;162134;225129
142208;213195;302841
142209;155822;220767
142210;167914;282830
142211;185976;262458
142212;137675;322029
142213;135297;261293
142214;196173;260784
142215;137301;264950
142216;158748;252916
142217;191743;284330
142218;187394;279464
142219;199298;250158
142220;344782;262865
142221;311318;302994
142222;297227;326005
142223;236767;281770
142224;283962;295401
142225;358504;306223
142226;367236;258335
142227;315796;277230
142228;358553;300201
142229;334204;339797
142230;289164;272728
142231;349473;247948
142232;276270;223963
142233;342395;244471
142234;386318;277969
142235;323137;269375
142236;388048;289888
142237;267303;300296
142238;334604;307181
142239;377289;256967
142240;301044;238663
142241;361698;306500
142242;325066;254633
142243;323565;246081
142244;348523;271405
142245;288880;322577
142246;372474;297322
142247;292221;239201
142248;309255;253033
142249;304704;280605
142250;244206;260769
142251;370158;309865
142252;310473;315363
142253;305777;217321
142254;328115;286440
142255;251308;343837
142256;283082;308768
142257;312324;343459
142258;287266;302834
142259;279670;266220
142260;257993;347116
142261;288469;313361
142262;242649;249481
142263;267447;310028
142264;277659;238568
142265;291463;301246
142266;256947;353938
142267;300870;266053
142268;346063;322252
142269;324869;242465
142270;308771;275511
142271;362203;277290
142272;366300;356187
142273;258737;276475
142274;289311;261788
142275;274488;316291
142276;243331;311005
142277;239553;285266
142278;312269;229112
142279;278565;246475
142280;322845;279636
142281;311729;264605
142282;309227;302489
142283;299849;268913
142284;386313;297232
142285;345191;245574
142286;333150;247268
142287;296716;312708
142288;286932;255304
142289;238720;314292
142290;351500;299119
142291;337916;278775
142292;302224;316708
142293;358278;257158
142294;312746;298440
142295;370776;254156
142296;234174;263378
142297;314358;334765
142298;297905;269989
142299;341990;288673
142300;352743;289075
142301;288289;335574
142302;336037;314988
142303;254658;274072
142304;277214;313679
142305;331036;310887
142306;368042;304288
142307;235399;303383
142308;292651;296360
142309;358484;255609
142310;252237;292150
142311;265775;250060
142312;330214;306763
142313;244930;262722
142314;282292;263977
142315;247605;252617
142316;330102;306120
142317;242525;254237
142318;286224;301819
142319;292374;312612
142320;344479;313630
142321;379514;292832
142322;330085;261113
142323;284507;325199
142324;386208;253263
142325;328034;326603
142326;275893;329733
142327;255390;275269
142328;279577;263200
142329;315324;327396
142330;307100;224945
142331;388049;272404
142332;324619;242196
142333;367659;228860
142334;312613;263587
142335;290747;222921
142336;366732;263153
142337;377812;269498
142338;290839;246922
142339;282286;309907
142340;347261;279926
142341;375182;326678
142342;326860;278767
142343;373882;234622
142344;375033;286077
142345;254637;245910
142346;295722;294577
142347;235603;350346
142348;257382;333511
142349;273744;303510
142350;390103;298109
142351;248853;218093
142352;299742;268262
142353;243351;227916
142354;325082;248573
142355;307839;244051
142356;276263;309774
142357;387814;254212
142358;377903;362289
142359;270953;250372
142360;363374;277313
142361;308517;221301
142362;356599;258492
142363;344472;291645
142364;364879;299621
142365;286422;286119
142366;304398;253960
142367;382560;274327
142368;245228;328217
142369;241011;228973
142370;365631;240786
142371;272566;220023
142372;388869;259170
142373;396634;290276
142374;293786;347367
142375;373356;261988
142376;333532;307753
142377;340594;306486
142378;338724;304500
142379;241155;319348
142380;361426;295427
142381;353030;267428
142382;301510;216444
142383;291746;239151
142384;310290;326667
142385;302180;301976
142386;388807;276897
142387;358721;293008
142388;239872;271892
142389;374475;280398
142390;257415;280950
142391;298669;264103
142392;296224;320278
142393;344308;277542
142394;372380;274633
142395;240748;257606
142396;330514;247236
142397;366898;326293
142398;338822;236607
142399;235524;228449
142400;351197;298804
142401;334473;233504
142402;293360;248915
142403;284400;234453
142404;269560;316006
142405;347185;313165
142406;324798;307042
142407;334752;293680
142408;312517;271483
142409;345713;264699
142410;287691;320403
142411;276333;270570
142412;355473;358423
142413;315813;266161
142414;304423;284262
142415;321781;216846
142416;363414;301077
142417;355403;261889
142418;296344;339183
142419;394020;300780
142420;250347;300867
142421;293176;282762
142422;243951;289794
142423;324392;315926
142424;297108;338605
142425;320052;302457
142426;271296;252562
142427;390378;261653
142428;247807;228763
142429;371026;317811
142430;357882;317827
142431;314682;331119
142432;284378;273972
142433;365041;242528
142434;236624;260286
142435;265855;309349
142436;254855;251961
142437;326846;261430
142438;390137;263233
142439;279166;262444
142440;285284;296439
142441;372183;258464
142442;240877;349169
142443;245748;257943
142444;281751;246345
142445;338327;245090
142446;378647;306507
142447;291668;303099
142448;259364;271790
142449;386570;276065
142450;349103;324819
142451;362713;296045
142452;291896;277041
142453;353009;268184
142454;273419;263409
142455;245700;290537
142456;365371;208926
142457;255340;283166
142458;244292;348689
142459;381526;287505
142460;299611;334561
142461;235959;338455
142462;358173;303505
142463;326536;257696
142464;268204;256279
142465;337987;271234
142466;323133;252469
142467;279498;296785
142468;271581;271867
142469;374763;265386
142470;329768;258071
142471;332506;333286
142472;284003;221648
142473;321447;267401
142474;300496;226885
142475;374056;241147
142476;262777;304695
142477;348029;262954
142478;249485;263615
142479;305327;303469
142480;270288;245532
142481;263237;285153
142482;357507;253971
142483;263983;269230
142484;311744;287302
142485;260252;295367
142486;271760;268743
142487;302853;260369
142488;316646;235035
142489;345178;244164
142490;305229;287123
142491;313110;232339
142492;315299;258854
142493;296198;291045
142494;267556;241103
142495;314715;242110
142496;270127;258994
142497;244497;245986
142498;321794;272606
142499;243479;327869
142500;365483;289167
142501;391032;250439
142502;242081;319920
142503;277815;212353
142504;318312;260174
142505;297423;241282
142506;255109;274357
142507;353354;295938
142508;266952;264010
142509;327788;262400
142510;314601;259976
142511;280119;306114
142512;249794;309342
142513;283056;291462
142514;252068;267235
142515;241609;266507
142516;289197;263335
142517;248482;281192
142518;328551;254061
142519;338504;279901
142520;348693;337794
142521;360255;293387
142522;329572;327126
142523;228152;226459
142524;349895;277039
142525;313445;223415
142526;297565;317542
142527;330396;268047
142528;237243;258560
142529;317027;334411
142530;282709;241226
142531;340279;290804
142532;313675;294715
142533;261408;272694
142534;353646;225934
142535;355336;270078
142536;309994;271013
142537;248593;296347
142538;310717;290116
142539;294245;328364
142540;356431;301426
142541;365008;248931
142542;232938;308817
142543;369328;295718
142544;240053;246840
142545;224707;359453
142546;303405;255642
142547;357344;249707
142548;283866;226437
142549;328333;300939
142550;229994;290123
142551;334460;298272
142552;245369;246344
142553;244992;277172
142554;271775;246559
142555;226148;231332
142556;366862;339543
142557;341312;355332
142558;288633;263484
142559;235035;296493
142560;233002;252684
142561;304463;250851
142562;246783;313723
142563;350649;253090
142564;272947;241992
142565;313907;340624
142566;329220;318697
142567;289713;260204
142568;293097;298332
142569;271571;309567
142570;267415;282155
142571;262381;313907
142572;347128;306915
142573;356465;244172
142574;252609;241444
142575;297460;252592
142576;288173;303425
142577;317864;267996
142578;286994;257674
142579;281007;225189
142580;305108;285618
142581;298297;281268
142582;257610;322292
142583;334405;266704
142584;289334;301399
142585;360262;286980
142586;333546;331267
142587;334048;253749
142588;273918;289322
142589;270263;267206
142590;231971;314639
142591;267144;292158
142592;349349;281860
142593;317955;320571
142594;346941;302096
142595;328579;252724
142596;307994;244677
142597;298098;219830
142598;367336;306319
142599;333375;326746
142600;247099;308611
142601;266605;211393
142602;277221;338126
142603;339430;301590
142604;229367;241391
142605;266036;292063
142606;297758;303816
142607;263517;243922
142608;297735;313430
142609;329181;302551
142610;228144;265902
142611;331278;251578
142612;282106;298626
142613;298841;308362
142614;324850;252516
142615;280907;244353
142616;265979;237987
142617;240578;259092
142618;287048;290913
142619;238923;353427
142620;250314;333140
142621;345715;317029
142622;223650;238419
142623;329214;302526
142624;352358;258356
142625;297074;268184
142626;343550;254305
142627;336839;331355
142628;333294;334283
142629;289421;270354
142630;241254;252101
142631;284436;297185
142632;294926;291297
142633;343481;245907
142634;324252;222017
142635;282249;344374
142636;356794;314760
142637;339936;254371
142638;249763;329629
142639;262484;343730
142640;313357;280452
142641;282029;285036
142642;342158;344594
142643;355603;283902
142644;315703;316869
142645;317421;292629
142646;351713;303322
142647;234565;359266
142648;292020;294265
142649;316062;293224
142650;273505;287542
142651;371736;310106
142652;254908;270492
142653;264127;294077
142654;234935;233850
142655;252898;235357
142656;359179;310754
142657;360039;310097
142658;286151;255944
142659;255170;243911
142660;277282;247328
142661;245410;270316
142662;235868;302439
142663;325818;266440
142664;236482;233588
142665;230980;307060
142666;221277;277038
142667;282111;245469
142668;335723;339389
142669;340869;268533
142670;239355;312902
142671;230110;236272
142672;268774;270645
142673;227715;306636
142674;224951;323285
142675;360257;242821
142676;238421;338097
142677;262024;308700
142678;349883;311418
142679;244886;249917
142680;335711;336877
142681;347214;310790
142682;336596;285332
142683;324897;297042
142684;374728;268897
142685;256287;275038
142686;248110;328202
142687;322651;289848
142688;264079;303184
142689;339555;260361
142690;330685;307480
142691;295530;321792
142692;340892;288644
142693;351373;269959
142694;334833;265035
142695;303317;258649
142696;265255;252265
142697;336977;283855
142698;361993;281917
142699;256194;284618
142700;282714;234565
142701;280387;228047
142702;350081;227472
142703;301827;306187
142704;248271;303954
142705;359755;278845
142706;296425;259265
142707;218057;270099
142708;286112;246071
142709;261935;322129
142710;225065;252006
142711;302736;298375
142712;249153;262283
142713;358286;273666
142714;338800;280192
142715;301139;286584
142716;327939;303104
142717;303202;289577
142718;269800;337683
142719;291172;282817
142720;338690;243562
142721;265328;300595
142722;337755;233050
142723;342379;284607
142724;264236;259055
142725;362585;256884
142726;249465;281705
142727;322732;312549
142728;345950;315998
142729;293740;304137
142730;297926;268705
142731;357796;287797
142732;220677;310423
142733;232679;263512
142734;336999;279959
142735;334035;283083
142736;358678;279752
142737;310940;292767
142738;265197;310450
142739;278057;295337
142740;296470;259775
142741;239350;332167
142742;248757;256001
142743;258001;303038
142744;229738;225805
142745;287435;246370
142746;276803;232259
142747;272742;266262
142748;259368;266054
142749;370194;304641
142750;321948;226370
142751;325898;328856
142752;229832;342750
142753;330272;257132
142754;332952;299980
142755;279679;265958
142756;301831;246009
142757;339956;228401
142758;334147;339853
142759;345768;333082
142760;306011;306547
142761;363880;271813
142762;358971;335732
142763;373568;264001
142764;265515;283611
142765;225350;313067
142766;369591;301798
142767;352998;347862
142768;351205;224731
142769;272908;299110
142770;259726;311642
142771;241543;209308
142772;324948;290706
142773;230803;319805
142774;253734;269809
142775;281627;290450
142776;335546;284602
142777;244941;299742
142778;341229;276220
142779;250458;299226
142780;292571;240358
142781;366652;330040
142782;310906;267654
142783;334077;236576
142784;243069;247095
142785;245773;323523
142786;250745;265121
142787;240692;316120
142788;293006;312622
142789;315812;327423
142790;302801;260050
142791;316033;236013
142792;264170;289421
142793;362586;293523
142794;252511;273572
142795;235583;285939
142796;361377;240824
142797;300704;291862
142798;247369;297014
142799;326207;250385
142800;303181;336338
142801;340900;257805
142802;315102;271172
142803;317907;315311
142804;248540;319429
142805;225504;293720
142806;366973;294219
142807;261542;332405
142808;297087;287859
142809;359642;320388
142810;364815;328931
142811;301800;311673
142812;356466;284941
142813;249233;274275
142814;227676;338055
142815;317845;232310
142816;225482;272398
142817;339324;288679
142818;358807;310390
142819;364474;245903
142820;339941;316177
142821;322044;316698
142822;358037;297411
142823;294972;265556
142824;328863;254912
142825;321176;282604
142826;222461;285541
142827;357278;280794
142828;244757;309312
142829;258579;271725
142830;235699;256842
142831;340200;211222
142832;346478;277785
142833;356453;263712
142834;239087;284016
142835;239598;338252
142836;295565;331758
142837;355508;261705
142838;222524;286940
142839;302187;328921
142840;371188;287837
142841;280790;244579
142842;299547;315996
142843;365696;235188
142844;314868;316152
142845;334032;297897
142846;291902;301802
142847;335821;268628
142848;271561;253213
142849;296530;287247
142850;297304;265219
142851;281500;315339
142852;317232;302531
142853;359693;316260
142854;340514;321278
142855;308798;334045
142856;294400;314988
142857;228534;257398
142858;275211;334054
142859;346657;303406
142860;345616;337642
142861;299830;295318
142862;269921;297333
142863;229735;260487
142864;247252;291066
142865;341238;308149
142866;448886;297796
142867;409632;257062
142868;330031;264562
142869;456023;240011
142870;301047;354478
142871;440952;284274
142872;293139;276881
142873;313619;302237
142874;292676;305505
142875;423028;273899
142876;397653;246215
142877;281826;308298
142878;329702;322539
142879;392981;273487
142880;457982;287621
142881;384799;256228
142882;413778;249548
142883;312942;247320
142884;322564;283018
142885;377031;215103
142886;293437;254102
142887;384987;298948
142888;423766;283657
142889;279633;282492
142890;346732;234620
142891;401386;292239
142892;305748;246552
142893;316048;307347
142894;331552;289136
142895;413225;317553
142896;291663;350461
142897;294172;305519
142898;405304;226802
142899;327471;266272
142900;336984;296528
142901;364050;277504
142902;308001;328048
142903;289241;297356
142904;449929;298495
142905;322557;254396
142906;368211;341378
142907;351138;259266
142908;318201;234772
142909;351436;275865
142910;420506;272396
142911;401077;281409
142912;344103;232554
142913;363166;263667
142914;464534;277188
142915;383908;309770
142916;381010;277615
142917;356686;289195
142918;354537;317261
142919;376330;303125
142920;394576;234556
142921;464935;239896
142922;324806;244385
142923;450131;224606
142924;278599;249976
142925;281986;296807
142926;384089;244560
142927;416933;250532
142928;450423;330133
142929;370768;302508
142930;285993;306130
142931;400377;325356
142932;455920;311858
142933;391166;238913
142934;307796;248594
142935;370880;223112
142936;415092;217128
142937;453627;325429
142938;329919;300914
142939;379646;315678
142940;456618;306569
142941;277438;245412
142942;294229;289869
142943;452774;248952
142944;444647;224599
142945;425371;247527
142946;443242;302666
142947;399437;271798
142948;311041;269590
142949;348616;296426
142950;317076;305378
142951;325883;319454
142952;326982;338048
142953;378829;325119
142954;331269;214385
142955;315372;287332
142956;327570;269737
142957;294289;257704
142958;445997;297104
142959;349476;243131
142960;335869;301257
142961;459652;275551
142962;375503;235759
142963;340498;314611
142964;400004;238958
142965;363203;262827
142966;368252;314080
142967;395687;282352
142968;454609;281337
142969;346680;235860
142970;381188;308524
142971;422348;268772
142972;375186;257431
142973;373339;221600
142974;416943;258727
142975;328733;334257
142976;412375;308792
142977;369593;296324
142978;290958;287177
142979;345745;331000
142980;297280;316195
142981;417983;322884
142982;341309;306203
142983;350355;278235
142984;299636;273350
142985;304690;294530
142986;424452;287173
142987;355943;315404
142988;401963;282950
142989;406699;359275
142990;449543;272544
142991;327162;227343
142992;398819;276778
142993;291782;266869
142994;326744;261399
142995;352449;228639
142996;369492;313493
142997;354766;291780
142998;289670;250588
142999;366251;274458
143000;301446;245465
143001;439008;303881
143002;342359;256045
143003;333690;283854
143004;422009;332847
143005;490468;307702
143006;295974;258428
143007;411688;303063
143008;395267;331500
143009;422868;307168
143010;455263;252362
143011;422784;293057
143012;350060;270725
143013;369630;270850
143014;407503;289514
143015;361952;249155
143016;408286;268547
143017;351683;309034
143018;344561;301005
143019;293631;329777
143020;444096;326578
143021;450782;243758
143022;315821;357699
143023;304694;278398
143024;334028;290973
143025;292870;289017
143026;446020;276135
143027;396946;289153
143028;428264;270414
143029;404377;297324
143030;412073;289462
143031;367450;243016
143032;281856;237585
143033;300733;253754
143034;385029;261925
143035;291170;262518
143036;362780;320361
143037;446913;259792
143038;302828;239797
143039;304139;261366
143040;458546;255043
143041;330906;330720
143042;310328;239405
143043;437191;218828
143044;354016;296723
143045;472145;273385
143046;440966;258772
143047;415842;262314
143048;344809;310841
143049;462042;234559
143050;391026;266626
143051;362081;230493
143052;425795;262080
143053;315202;277984
143054;328092;295219
143055;340717;248124
143056;423547;232493
143057;342074;316572
143058;420070;299488
143059;279710;244411
143060;441683;292394
143061;385024;317852
143062;281445;266120
143063;425909;255010
143064;305569;303253
143065;365813;254649
143066;444638;299407
143067;414218;211996
143068;446972;347778
143069;303006;307596
143070;360726;335127
143071;372324;258532
143072;319238;253437
143073;458598;295144
143074;359937;289784
143075;379319;249903
143076;398914;289526
143077;310161;231010
143078;330781;299471
143079;292002;284392
143080;403753;304095
143081;412643;318130
143082;417228;280958
143083;418240;257978
143084;306492;274250
143085;289712;254233
143086;341871;204853
143087;394453;266844
143088;333962;353621
143089;389492;291489
143090;331380;306929
143091;290519;294245
143092;432242;282249
143093;432404;275632
143094;338282;288576
143095;424316;310873
143096;417859;303545
143097;436806;329109
143098;423943;307116
143099;432957;258932
143100;297376;253484
143101;289823;336308
143102;319831;294059
143103;378968;291507
143104;348531;258199
143105;312394;309377
143106;410611;303403
143107;341568;275365
143108;340146;219834
143109;327479;290496
143110;428684;264327
143111;447511;283697
143112;399928;229761
143113;373993;329079
143114;355143;273931
143115;349080;284166
143116;387759;230601
143117;377052;286305
143118;417254;261150
143119;328629;314133
143120;368664;250259
143121;340148;266041
143122;346541;344762
143123;379280;226296
143124;398326;312641
143125;351222;230669
143126;354872;275322
143127;420276;271948
143128;346890;244148
143129;410987;302300
143130;443107;285214
143131;313750;278045
143132;293547;285243
143133;364787;308901
143134;301425;335801
143135;315691;271150
143136;382156;284072
143137;434235;305241
143138;443453;282805
143139;396270;285243
143140;300863;276310
143141;464515;300031
143142;319423;335846
143143;298662;328115
143144;407400;261840
143145;363559;258655
143146;321223;269992
143147;332630;339909
143148;387338;268944
143149;306450;288895
143150;385428;307412
143151;283390;323813
143152;331400;306616
143153;351195;279241
143154;388316;244139
143155;308390;312767
143156;303221;308218
143157;383355;263813
143158;360584;313407
143159;366331;335000
143160;360667;312882
143161;300651;265202
143162;380652;310172
143163;315909;306374
143164;257756;278955
143165;348996;306526
143166;376089;241399
143167;251474;242631
143168;312006;278222
143169;393143;318453
143170;301259;279088
143171;304972;316752
143172;405010;279226
143173;273728;302734
143174;395037;218369
143175;329542;325653
143176;310977;304113
143177;305173;280751
143178;287546;312078
143179;248765;258711
143180;399744;309260
143181;388701;238072
143182;293425;310424
143183;372843;214014
143184;376491;253408
143185;262657;289179
143186;372573;258723
143187;316210;296661
143188;330635;310657
143189;387282;305623
143190;371771;298908
143191;270414;285971
143192;381277;291054
143193;265660;263809
143194;390672;279124
143195;299135;347792
143196;343302;322596
143197;402432;262350
143198;334543;304719
143199;277842;277218
143200;367455;213967
143201;308421;336455
143202;400399;315544
143203;410720;310673
143204;285481;328295
143205;339429;280545
143206;388058;230620
143207;254221;279316
143208;253364;294660
143209;285529;292774
143210;389256;259910
143211;265964;259767
143212;344667;295641
143213;376307;269813
143214;385284;215621
143215;380524;311618
143216;310665;307663
143217;285695;284078
143218;409017;264463
143219;381802;330611
143220;338988;319242
143221;264637;310606
143222;284407;267931
143223;339817;294296
143224;348553;258699
143225;324352;305637
143226;348906;286932
143227;274914;339277
143228;401388;295486
143229;385964;298367
143230;414474;320120
143231;336943;238863
143232;268304;299675
143233;342391;256937
143234;267077;302147
143235;380031;300148
143236;252639;300830
143237;288843;337756
143238;266655;298016
143239;370103;261191
143240;342641;321209
143241;384004;280610
143242;350508;238594
143243;411881;275746
143244;311774;261153
143245;388752;243137
143246;343589;317260
143247;316079;238375
143248;256961;318177
143249;299656;234029
143250;269780;298917
143251;332122;301913
143252;261207;242228
143253;336543;290299
143254;356658;318433
143255;394126;242167
143256;365997;306179
143257;319069;252115
143258;279784;283431
143259;344222;235691
143260;408954;252181
143261;388832;301346
143262;372503;298988
143263;271986;301059
143264;325068;227818
143265;381765;244091
143266;291564;263280
143267;256096;226790
143268;375228;313315
143269;412372;233635
143270;282458;225840
143271;382842;224960
143272;285920;247195
143273;252921;291868
143274;387804;240184
143275;248756;292921
143276;358668;281561
143277;403847;298753
143278;325382;280778
143279;324354;326487
143280;403269;280891
143281;267528;309652
143282;386178;281786
143283;317940;281195
143284;272515;286358
143285;255769;258052
143286;355273;303893
143287;321771;302737
143288;317732;287712
143289;393800;295107
143290;387633;267114
143291;329226;277667
143292;305724;240508
143293;338705;265302
143294;296651;301733
143295;336887;295274
143296;412111;229372
143297;301472;324668
143298;365961;226676
143299;326631;261437
143300;281800;278653
143301;255888;306003
143302;315383;339614
143303;383989;269725
143304;256456;291969
143305;331095;242564
143306;265739;307264
143307;407219;270832
143308;391112;252293
143309;365962;297208
143310;255569;235064
143311;251866;298803
143312;381326;256395
143313;327382;223812
143314;301762;243109
143315;266534;326932
143316;253506;292485
143317;393699;301989
143318;316595;306312
143319;410383;266783
143320;379972;266899
143321;279495;257427
143322;329773;318774
143323;267545;271816
143324;302685;247780
143325;269349;322040
143326;365841;262665
143327;299649;344431
143328;253815;292644
143329;325243;291689
143330;263438;319008
143331;380755;292878
143332;325373;319997
143333;267623;257464
143334;364637;320076
143335;365481;256790
143336;272142;247699
143337;282950;296725
143338;328398;320496
143339;264235;343002
143340;299837;344409
143341;339599;262187
143342;292314;309857
143343;344970;235639
143344;325791;331263
143345;392920;252640
143346;346733;269280
143347;310930;331386
143348;351680;258279
143349;353065;326856
143350;281373;298823
143351;392330;246934
143352;284228;309480
143353;329579;323987
143354;250429;241404
143355;347110;227065
143356;326443;245053
143357;280142;284895
143358;262754;298754
143359;264304;281306
143360;405394;297321
143361;362262;303954
143362;399385;243710
143363;317897;317543
143364;351741;267621
143365;287949;288383
143366;322887;235901
143367;275009;270516
143368;399256;342370
143369;294681;286920
143370;395781;294032
143371;356751;245495
143372;314374;290311
143373;256327;273470
143374;344706;290540
143375;339992;307154
143376;405536;312027
143377;305337;265781
143378;379760;237414
143379;364366;291928
143380;387449;282549
143381;381432;231031
143382;326196;323720
143383;344030;274577
143384;319416;233868
143385;294120;273697
143386;316332;279809
143387;290074;245223
143388;409671;350746
143389;337124;247865
143390;319799;232307
143391;353035;330865
143392;285267;253660
143393;332416;332075
143394;252068;269540
143395;335264;323133
143396;282406;253391
143397;332085;263564
143398;411688;286241
143399;365488;269015
143400;367754;232387
143401;329473;290248
143402;322951;311945
143403;317876;329523
143404;329616;323410
143405;295581;330428
143406;383088;303585
143407;401867;248824
143408;367799;288476
143409;303159;216244
143410;388308;274990
143411;349676;288742
143412;269581;328994
143413;318389;253899
143414;332279;310459
143415;406623;253100
143416;270648;226259
143417;298491;339890
143418;379121;291071
143419;268444;239802
143420;332603;337697
143421;372989;317927
143422;258985;346493
143423;346029;277573
143424;326879;253700
143425;281934;228546
143426;349405;230844
143427;391351;251600
143428;316585;255350
143429;304343;270644
143430;256339;257561
143431;327733;283169
143432;341846;241575
143433;269804;323461
143434;256411;296446
143435;281462;283194
143436;373159;307949
143437;282012;282722
143438;322617;252145
143439;303596;243482
143440;266082;312716
143441;322273;315188
143442;278050;220058
143443;329169;239531
143444;344560;297832
143445;289940;239761
143446;324889;269882
143447;281631;320065
143448;350561;280049
143449;260952;312993
143450;296433;293936
143451;396428;285217
143452;284922;327628
143453;369233;280666
143454;399141;292162
143455;406326;261805
143456;313008;234934
143457;373428;251503
143458;347099;273539
143459;267171;272224
143460;401463;317128
143461;376129;280886
143462;253204;261678
143463;326857;213692
143464;268480;259085
143465;369635;275299
143466;273767;236557
143467;279827;242013
143468;320651;266550
143469;338613;235037
143470;403712;355971
143471;274559;268014
143472;388599;318789
143473;370290;230725
143474;412667;312056
143475;289942;268977
143476;305040;304956
143477;374349;314098
143478;295633;248327
143479;396332;265695
143480;361373;217835
143481;351471;330611
143482;330396;255676
143483;253631;301528
143484;333171;304607
143485;320217;295836
143486;275093;311218
143487;322425;275235
143488;292167;332098
143489;315084;286279
143490;362514;267453
143491;362025;302211
143492;400737;256294
143493;259680;259516
143494;405441;266738
143495;282011;250641
143496;325991;265408
143497;333917;347546
143498;330323;319738
143499;284034;308579
143500;382914;333752
143501;347763;253208
143502;386926;287746
143503;311930;308905
143504;306058;228260
143505;373474;309293
143506;256799;282941
143507;395775;299299
143508;384752;326078
143509;283438;346519
143510;401708;267249
143511;398089;269433
143512;271979;275689
143513;298931;279865
143514;351445;286880
143515;261593;245033
143516;353991;338331
143517;262664;299396
143518;375417;309038
143519;370917;275157
143520;319731;205263
143521;251159;254038
143522;265062;268286
143523;304075;254944
143524;326606;271596
143525;316556;244304
143526;405232;257292
143527;308017;283537
143528;374891;223582
143529;402475;292609
143530;307988;311372
143531;299392;344498
143532;277526;266239
143533;306897;292066
143534;414002;300395
143535;300385;293066
143536;315126;241738
143537;361156;286504
143538;365357;278033
143539;330314;241477
143540;382886;236346
143541;368027;315129
143542;304795;322383
143543;360385;278765
143544;386891;251700
143545;269806;271613
143546;290825;275662
143547;337326;311184
143548;269962;246957
143549;322930;228260
143550;280764;331968
143551;326659;284550
143552;384064;249161
143553;277421;322913
143554;384579;242426
143555;250917;270102
143556;375911;287010
143557;302824;322045
143558;263850;293836
143559;296993;321480
143560;271741;257895
143561;389411;262689
143562;376159;309357
143563;284968;256555
143564;351724;248987
143565;376052;252326
143566;394254;250882
143567;369306;310208
143568;321509;247004
143569;252606;287651
143570;380859;317632
143571;390493;350804
143572;272396;293257
143573;295266;255456
143574;411036;278233
143575;377941;257278
143576;315110;251231
143577;300244;308240
143578;301644;245621
143579;267827;260401
143580;325876;288601
143581;375524;258538
143582;379997;245414
143583;303020;251467
143584;289837;303729
143585;338274;307156
143586;321386;224530
143587;312646;247890
143588;372189;308382
143589;280158;267355
143590;412508;302394
143591;482509;279443
143592;391087;292923
143593;403954;231628
143594;404437;308821
143595;478852;269916
143596;578228;281350
143597;417808;273718
143598;493117;259220
143599;451529;296132
143600;376008;289590
143601;536208;227105
143602;441360;315006
143603;438687;260763
143604;495461;308582
143605;609339;253575
143606;487157;298595
143607;593984;267646
143608;489448;248696
143609;437916;290531
143610;631243;319652
143611;371410;237764
143612;428217;352740
143613;428931;338756
143614;413676;261457
143615;429696;246991
143616;515082;275217
143617;555052;282921
143618;593100;304148
143619;461390;317190
143620;606951;263608
143621;421542;258116
143622;557814;262957
143623;548404;276314
143624;432288;274633
143625;417690;261712
143626;510424;272442
143627;402008;279825
143628;477361;255226
143629;381309;337527
143630;385923;216112
143631;454968;281668
143632;500609;227044
143633;522977;309143
143634;449309;290664
143635;529371;275074
143636;533558;305995
143637;542956;339459
143638;480020;285978
143639;446342;282651
143640;560709;315025
143641;507222;257024
143642;496812;248357
143643;610000;278225
143644;492028;265935
143645;566334;267263
143646;396089;310486
143647;554859;282420
143648;389822;238003
143649;575567;234677
143650;410697;267291
143651;431161;331865
143652;582418;297491
143653;535134;236937
143654;540840;346184
143655;534212;312235
143656;502800;225603
143657;432970;288686
143658;532052;248155
143659;582539;259638
143660;559767;259291
143661;501139;280155
143662;475789;271715
143663;408811;288202
143664;407295;279665
143665;579440;242370
143666;373582;295902
143667;380596;297162
143668;456475;267470
143669;502617;224868
143670;578224;231683
143671;494330;275195
143672;405673;307170
143673;544139;316280
143674;547708;289979
143675;402922;244829
143676;417279;240104
143677;532919;302108
143678;431905;226902
143679;435841;268281
143680;521472;267025
143681;473076;278605
143682;483241;294515
143683;514899;216918
143684;598889;321532
143685;579211;268458
143686;387031;257074
143687;547715;319495
143688;489674;318211
143689;426764;270817
143690;455068;252016
143691;548499;264771
143692;515509;266979
143693;481803;294073
143694;400701;264150
143695;580393;292533
143696;535896;294309
143697;574960;271487
143698;524617;225120
143699;371735;248188
143700;467891;304158
143701;374858;225283
143702;506446;311691
143703;497414;301069
143704;519361;296868
143705;472385;278587
143706;570512;324978
143707;489323;251288
143708;543302;251706
143709;576347;245814
143710;519728;256249
143711;383621;309890
143712;544875;283196
143713;547790;246650
143714;424025;253420
143715;539419;248038
143716;405638;256085
143717;385547;337522
143718;590229;304708
143719;458828;239804
143720;599288;288848
143721;486490;273252
143722;584831;319336
143723;444736;292440
143724;575109;244785
143725;451763;250459
143726;391727;349798
143727;597164;367353
143728;401314;234773
143729;404205;239378
143730;464284;314572
143731;576949;303445
143732;499040;322589
143733;526423;232857
143734;487797;314617
143735;424711;307131
143736;535078;234579
143737;453581;224307
143738;489886;308158
143739;598479;271941
143740;536842;220552
143741;587654;279985
143742;418396;257738
143743;536206;342513
143744;398300;286498
143745;578327;266283
143746;505924;264447
143747;499033;323897
143748;477926;309234
143749;473375;327713
143750;578620;228533
143751;392172;288365
143752;569196;259602
143753;601114;330942
143754;487675;297924
143755;511262;264210
143756;484893;222613
143757;400749;251308
143758;382949;282864
143759;387576;238507
143760;585076;263462
143761;493354;234607
143762;495908;268445
143763;565402;290825
143764;546709;357626
143765;380730;250025
143766;548607;292212
143767;448878;250797
143768;407293;246099
143769;575234;261495
143770;396739;309078
143771;540743;289245
143772;521841;330578
143773;608573;282298
143774;596664;343472
143775;546395;237477
143776;504669;275353
143777;489529;250326
143778;409118;306786
143779;505928;254309
143780;489808;241750
143781;396345;316398
143782;412114;278991
143783;574670;314984
143784;458816;244658
143785;463100;250823
143786;417621;290972
143787;452913;247997
143788;392237;327550
143789;537204;244786
143790;523176;260116
143791;590048;264305
143792;602725;267484
143793;484653;341018
143794;410421;289743
143795;526648;268133
143796;436281;300162
143797;401052;275491
143798;450014;325907
143799;470385;293230
143800;377652;341637
143801;568570;322084
143802;600008;300584
143803;506633;341693
143804;410945;312585
143805;570398;244245
143806;465577;267234
143807;546732;293618
143808;483852;287796
143809;530373;279053
143810;577838;304654
143811;456494;314502
143812;496006;272311
143813;561399;236423
143814;585275;309264
143815;552524;214961
143816;446782;266089
143817;436204;286017
143818;577240;321773
143819;366499;280372
143820;525772;307126
143821;400794;210053
143822;421537;231679
143823;485113;319982
143824;401326;339997
143825;492420;247763
143826;465217;280232
143827;424117;345231
143828;440428;296809
143829;525045;257139
143830;561176;302531
143831;601216;263798
143832;490857;296661
143833;604243;254667
143834;495538;265782
143835;406143;294030
143836;435324;255760
143837;481000;254254
143838;574491;335170
143839;437847;262215
143840;378522;252078
143841;530749;264029
143842;398762;278806
143843;460050;321447
143844;402261;270671
143845;567416;258812
143846;381892;259040
143847;566827;266303
143848;382437;273511
143849;546298;260199
143850;378313;305979
143851;485356;225321
143852;561503;293139
143853;594942;315248
143854;489629;313445
143855;435944;278823
143856;375865;312835
143857;481359;282138
143858;463004;292703
143859;456151;256065
143860;479105;307917
143861;572406;259247
143862;576225;323380
143863;547138;265110
143864;432312;254191
143865;528406;320250
143866;419919;275519
143867;389358;321393
143868;396230;303872
143869;410409;296660
143870;440356;257976
143871;386326;252381
143872;491042;278033
143873;548906;292009
143874;419851;260225
143875;507539;338276
143876;500795;262345
143877;434399;311587
143878;477786;262663
143879;544402;255887
143880;513307;319665
143881;461375;267181
143882;585401;299433
143883;568050;252861
143884;472208;290041
143885;430258;296713
143886;528897;278689
143887;488713;325011
143888;562077;293812
143889;512030;295094
143890;430613;250177
143891;585511;286742
143892;407057;287242
143893;438872;305267
143894;591027;290167
143895;399595;232075
143896;406333;297248
143897;494365;307447
143898;414270;287360
143899;510099;277073
143900;511982;316464
143901;559375;301434
143902;403702;261136
143903;389397;284790
143904;550040;244924
143905;496731;225097
143906;584996;303673
143907;581394;233659
143908;401978;312076
143909;406428;322689
143910;572259;284361
143911;511573;280722
143912;591318;292360
143913;550308;252928
143914;490457;260428
143915;474026;290045
143916;468199;335669
143917;427954;248752
143918;435363;342860
143919;590554;321968
143920;530230;310721
143921;367295;293609
143922;385742;314500
143923;505141;280522
143924;458617;297098
143925;544186;298485
143926;539873;286453
143927;534744;328052
143928;367423;306769
143929;574952;278527
143930;462106;268522
143931;552100;284264
143932;399958;225091
143933;406232;261494
143934;527974;290578
143935;456675;219401
143936;560637;282499
143937;554301;258973
143938;589446;320388
143939;531494;270630
143940;480721;323604
143941;467706;260495
143942;533440;280766
143943;455771;292343
143944;408983;314966
143945;601098;229834
143946;523974;278030
143947;590395;228619
143948;584324;312939
143949;562652;318983
143950;365967;252893
143951;451249;231577
143952;460758;287775
143953;386918;283635
143954;371452;344906
143955;464074;230305
143956;382071;255993
143957;436420;268281
143958;419616;331450
143959;484770;330707
143960;368199;287118
143961;448480;317848
143962;444927;225396
143963;396045;268143
143964;553805;217604
143965;444576;278840
143966;490642;272160
143967;460643;315766
143968;476277;270220
143969;439885;263546
143970;387773;245243
143971;593030;259492
143972;569025;309359
143973;473161;315148
143974;478148;270087
143975;511032;334510
143976;551507;289851
143977;373976;332372
143978;416857;273605
143979;388703;226315
143980;561708;336569
143981;424217;312493
143982;374499;282912
143983;391384;316286
143984;542985;249566
143985;401975;334937
143986;382507;339023
143987;457676;227566
143988;366658;251364
143989;432717;277128
143990;504070;230813
143991;529367;300414
143992;494372;237773
143993;494099;244532
143994;473671;343761
143995;482755;258502
143996;335523;236259
143997;354986;220013
143998;385959;332047
143999;491701;244714
144000;485476;297464
144001;496595;265167
144002;434338;245615
144003;464356;292886
144004;379800;300932
144005;365060;280610
144006;411543;277139
144007;338158;253834
144008;393171;303337
144009;491879;287952
144010;515441;346030
144011;512190;287032
144012;443608;330320
144013;457533;303965
144014;380463;333432
144015;446729;335994
144016;387613;279376
144017;337555;276280
144018;476770;242576
144019;395032;219027
144020;448629;342638
144021;497663;238082
144022;418236;277663
144023;481120;255553
144024;331954;305508
144025;485767;305511
144026;459072;273996
144027;413915;252572
144028;508678;290951
144029;501604;319420
144030;380398;238790
144031;528802;313222
144032;484065;274276
144033;537696;297420
144034;505510;244380
144035;392932;238622
144036;419585;243651
144037;342919;298471
144038;450382;260593
144039;463740;295020
144040;511957;271826
144041;325909;350163
144042;341478;267369
144043;538786;286284
144044;376402;350272
144045;526252;319758
144046;454145;251648
144047;476080;342347
144048;456432;213794
144049;480203;217179
144050;472800;305454
144051;387072;284814
144052;507803;302036
144053;504922;273703
144054;508565;351679
144055;499035;309888
144056;482625;237006
144057;524270;331260
144058;486781;262543
144059;517205;323225
144060;467590;318792
144061;407986;263050
144062;471029;298121
144063;372959;301155
144064;517771;326973
144065;341911;350126
144066;390594;299858
144067;416613;226609
144068;476794;313586
144069;323967;298597
144070;355673;313351
144071;546543;207392
144072;538370;344926
144073;452876;248135
144074;328336;275853
144075;502820;301252
144076;528056;320027
144077;478161;311539
144078;350291;255030
144079;441312;308535
144080;348041;319791
144081;486521;232691
144082;362191;303479
144083;336182;279473
144084;519132;335905
144085;413724;308967
144086;488601;323336
144087;530233;312731
144088;345215;280635
144089;422116;304429
144090;440288;276146
144091;369043;309589
144092;465925;306341
144093;522503;272937
144094;333628;277635
144095;427832;323627
144096;455604;258534
144097;439524;233552
144098;419990;319066
144099;336860;250210
144100;361740;314317
144101;464452;253458
144102;334484;260672
144103;508342;273542
144104;497839;298101
144105;345238;279992
144106;486226;286832
144107;469446;277748
144108;434339;260318
144109;357049;286247
144110;381899;271798
144111;396690;226022
144112;457435;291450
144113;353643;293554
144114;372496;286687
144115;531763;307065
144116;445065;296613
144117;480603;240670
144118;468012;298758
144119;352341;317609
144120;474354;302724
144121;462275;255400
144122;533219;230201
144123;497574;327457
144124;382328;301430
144125;522781;322272
144126;478756;257481
144127;440304;266810
144128;340059;255375
144129;459821;344859
144130;355971;341945
144131;451351;274393
144132;445575;279308
144133;391591;272413
144134;537647;293400
144135;492934;244036
144136;501697;286880
144137;456584;309200
144138;371881;304980
144139;484859;257345
144140;432375;277742
144141;429007;318302
144142;432652;307682
144143;498558;242537
144144;469121;336857
144145;348658;232258
144146;517382;265874
144147;381373;286062
144148;363174;305100
144149;437533;242744
144150;501643;327369
144151;462542;308601
144152;435591;297981
144153;351952;237016
144154;494670;220220
144155;462687;261695
144156;384442;226312
144157;366262;301838
144158;425672;306657
144159;335810;276936
144160;520987;267041
144161;427726;268575
144162;408537;340022
144163;401091;251762
144164;513973;282895
144165;355569;265668
144166;498193;243505
144167;410493;274583
144168;405030;257857
144169;555846;267185
144170;470916;283444
144171;380206;347581
144172;432163;242241
144173;423868;268696
144174;345921;313956
144175;425106;264704
144176;490871;299770
144177;340515;259819
144178;471624;282480
144179;380128;332845
144180;420911;296332
144181;473837;301376
144182;364468;263714
144183;505361;305955
144184;358337;336017
144185;437152;302008
144186;527747;286316
144187;433562;230828
144188;467355;266524
144189;331316;304201
144190;501499;277263
144191;538905;243205
144192;490576;278318
144193;372985;316281
144194;463584;228052
144195;460456;287651
144196;410329;273675
144197;390876;277529
144198;375786;287655
144199;483583;253421
144200;407473;280959
144201;449801;333801
144202;441485;268593
144203;535630;270046
144204;406273;268160
144205;420458;300930
144206;366377;234476
144207;459720;249839
144208;368315;280129
144209;331822;273152
144210;341589;289563
144211;515061;282651
144212;522884;300389
144213;505166;308506
144214;358223;300619
144215;480729;239679
144216;512297;240106
144217;431818;242083
144218;510568;306775
144219;386837;253081
144220;429177;229971
144221;371501;334568
144222;355182;276593
144223;418381;326478
144224;536458;237201
144225;377937;338598
144226;456942;319643
144227;492603;357728
144228;463995;325741
144229;390802;286514
144230;383997;283741
144231;384895;310732
144232;344749;269548
144233;540249;325178
144234;412438;291104
144235;355659;317777
144236;388456;248289
144237;354684;314257
144238;416113;237268
144239;340944;305231
144240;478296;301205
144241;472095;245754
144242;409709;281501
144243;477121;307794
144244;502461;314803
144245;487058;318273
144246;416414;283603
144247;410904;245659
144248;420053;252878
144249;461422;322248
144250;521550;274384
144251;351937;245644
144252;393322;273641
144253;380371;285256
144254;429635;330269
144255;408953;291070
144256;513508;278667
144257;517568;279883
144258;410406;309571
144259;531026;293482
144260;359505;277200
144261;346451;276538
144262;437364;284681
144263;470418;260004
144264;399454;303714
144265;421289;296321
144266;457652;257971
144267;433688;295591
144268;527763;260785
144269;341749;376591
144270;495456;303540
144271;510864;305098
144272;359833;259425
144273;395660;290837
144274;347201;242352
144275;339708;307701
144276;395284;241955
144277;365206;287144
144278;327257;294121
144279;344683;281907
144280;506148;278911
144281;376817;325591
144282;442437;296443
144283;425846;260773
144284;346736;295000
144285;403511;299139
144286;431464;316034
144287;520605;248213
144288;440204;285518
144289;539706;264887
144290;404172;272039
144291;363967;210744
144292;426350;347315
144293;390366;236708
144294;446203;281165
144295;426171;251813
144296;440556;323252
144297;494949;278448
144298;365460;284401
144299;367825;266165
144300;437727;337490
144301;372113;219163
144302;469377;248558
144303;538459;241437
144304;356484;257747
144305;386252;340646
144306;545133;289824
144307;442752;318927
144308;519157;274306
144309;511844;292827
144310;499517;234856
144311;339103;247879
144312;453039;299650
144313;468253;273535
144314;375209;281503
144315;419287;226350
144316;486481;260748
144317;476679;258402
144318;333310;297005
144319;350283;279417
144320;476135;282696
144321;377682;284697
144322;328221;311040
144323;418194;283268
144324;508692;337460
144325;346884;234167
144326;546988;269105
144327;483625;319749
144328;528154;297330
144329;373474;222293
144330;398740;244901
144331;408252;307253
144332;512540;261534
144333;534848;284221
144334;442599;324455
144335;330909;314289
144336;539945;313086
144337;518405;258553
144338;505067;262572
144339;352507;300691
144340;333776;322010
144341;418912;273340
144342;352142;350747
144343;363190;262383
144344;457908;234599
144345;537539;328753
144346;367625;245799
144347;484023;313228
144348;457024;246958
144349;454570;219323
144350;478734;282399
144351;524698;300070
144352;426241;240768
144353;343392;311910
144354;400783;235401
144355;343685;287328
144356;526884;323429
144357;503040;268750
144358;435671;246860
144359;358276;284612
144360;440600;290346
144361;494590;265546
144362;350030;265726
144363;335666;340429
144364;501281;304713
144365;477401;315502
144366;336874;306891
144367;447440;308366
144368;355925;232197
144369;504102;241165
144370;534906;336899
144371;472752;304155
144372;502890;286003
144373;345621;243675
144374;448299;287561
144375;469451;278193
144376;365211;257407
144377;478097;303734
144378;510024;232962
144379;331539;271208
144380;514688;249166
144381;468293;351983
144382;496047;258521
144383;361044;318766
144384;538480;274169
144385;485794;282496
144386;542431;334513
144387;426322;284980
144388;488038;337774
144389;351683;288511
144390;353566;302746
144391;475150;331141
144392;366493;271867
144393;396139;296517
144394;377129;320927
144395;435032;227134
144396;386889;269051
144397;407664;264257
144398;543915;238430
144399;340744;352144
144400;523953;272784
144401;446934;276845
144402;332683;316975
144403;388078;311442
144404;540139;231083
144405;482385;229445
144406;309530;245094
144407;330028;267061
144408;420415;314559
144409;268278;321110
144410;418494;286552
144411;269907;307999
144412;418937;240666
144413;330716;279167
144414;359361;285979
144415;298049;251213
144416;394044;303226
144417;309212;325830
144418;294525;332270
144419;325739;217920
144420;368697;250731
144421;345633;301948
144422;352241;327158
144423;310770;214428
144424;273038;291084
144425;419359;237901
144426;352091;255325
144427;261833;291351
144428;272365;272631
144429;400041;267214
144430;302677;268061
144431;385650;263877
144432;355704;342088
144433;408896;291803
144434;364028;286587
144435;271119;260883
144436;360879;301547
144437;412902;285844
144438;354750;274516
144439;417580;294043
144440;299381;252003
144441;323158;282477
144442;321829;284252
144443;384424;265629
144444;370117;208638
144445;377546;282729
144446;297497;311326
144447;334492;246958
144448;402327;340385
144449;340865;306792
144450;422033;268425
144451;393429;292412
144452;420173;271346
144453;311820;297832
144454;314210;298218
144455;279517;257092
144456;393473;269420
144457;271198;276980
144458;310920;241539
144459;426497;265711
144460;335476;291316
144461;258809;261078
144462;343163;337878
144463;415656;238239
144464;407343;305456
144465;269317;264694
144466;355446;214058
144467;343475;250783
144468;305980;325855
144469;386061;289923
144470;317051;295597
144471;366772;247452
144472;259756;323592
144473;270061;306596
144474;329858;235934
144475;394128;265615
144476;409372;324939
144477;405113;335157
144478;358982;298446
144479;288545;219191
144480;350582;240240
144481;361524;278480
144482;275925;272778
144483;369101;284657
144484;412694;288469
144485;311511;290316
144486;360239;288040
144487;376256;272632
144488;294902;315868
144489;289748;300416
144490;349072;232441
144491;327805;239994
144492;287781;310178
144493;302298;279645
144494;418891;309144
144495;400829;272171
144496;299773;313296
144497;315672;260100
144498;348670;291477
144499;420363;247052
144500;318222;279452
144501;400413;336327
144502;381534;297176
144503;327786;270670
144504;326458;291078
144505;271998;275452
144506;393685;289701
144507;272776;304748
144508;332544;301024
144509;423875;233627
144510;415407;301444
144511;371993;318386
144512;427419;283649
144513;314581;263494
144514;412539;300142
144515;378094;275524
144516;293301;245977
144517;301189;314048
144518;302764;305108
144519;328800;250013
144520;389948;260174
144521;304218;336383
144522;396092;265800
144523;318149;275804
144524;359351;278562
144525;313103;220446
144526;403030;323736
144527;371010;284395
144528;295652;306475
144529;369456;253750
144530;262319;257886
144531;333283;243486
144532;308714;270271
144533;414876;296553
144534;421248;299766
144535;276882;314300
144536;291131;298141
144537;284045;287581
144538;288445;308462
144539;389295;349548
144540;371691;318399
144541;287879;233345
144542;374822;222409
144543;310759;309652
144544;260171;274946
144545;283577;287087
144546;372923;246168
144547;283523;325418
144548;294811;274045
144549;362701;317596
144550;398888;282788
144551;284363;286066
144552;326704;311491
144553;299228;255534
144554;266505;317335
144555;375694;253264
144556;372029;231985
144557;290223;256960
144558;409614;284778
144559;349623;263182
144560;420414;314561
144561;370439;312477
144562;393017;292181
144563;262039;255540
144564;372937;232198
144565;274457;272257
144566;401048;274094
144567;271296;354282
144568;329915;296673
144569;302855;234724
144570;380081;312159
144571;416293;297476
144572;368651;260001
144573;421074;271118
144574;407549;284038
144575;365036;322371
144576;376271;259383
144577;383251;273028
144578;385547;297719
144579;286636;224546
144580;287701;276801
144581;373773;289181
144582;336301;268304
144583;348379;281384
144584;297905;264236
144585;395359;258220
144586;416729;261789
144587;334664;282301
144588;271278;357257
144589;419381;263076
144590;259762;264159
144591;329305;279391
144592;422225;308557
144593;399950;280289
144594;311173;325797
144595;351497;255343
144596;331062;212479
144597;360899;270263
144598;393271;272841
144599;370278;285980
144600;321981;234815
144601;325640;292078
144602;317912;274921
144603;295335;304681
144604;352306;278065
144605;405473;276575
144606;315613;210092
144607;255960;247133
144608;323143;286259
144609;375215;276349
144610;256352;229615
144611;276627;325018
144612;308803;300050
144613;274072;219583
144614;423143;314500
144615;305052;273214
144616;323754;265383
144617;424249;297527
144618;303373;279853
144619;360599;275060
144620;345207;281956
144621;355408;333264
144622;390818;334166
144623;410320;268847
144624;268728;319749
144625;391962;265563
144626;334692;295334
144627;384031;303164
144628;281882;322085
144629;413333;284125
144630;405290;299529
144631;268609;305202
144632;329898;291926
144633;359597;347740
144634;352481;217616
144635;333510;287340
144636;318809;269071
144637;297825;240739
144638;420071;310720
144639;331556;311169
144640;396504;294697
144641;374775;270372
144642;300093;264767
144643;342312;266537
144644;363499;283457
144645;331699;251464
144646;360482;282054
144647;309922;320898
144648;415509;237608
144649;353821;285969
144650;324483;306319
144651;429360;277995
144652;421294;297575
144653;301648;245967
144654;377796;317779
144655;288193;276119
144656;288532;335114
144657;417800;328158
144658;293781;346657
144659;395428;254883
144660;352421;299065
144661;285030;299610
144662;336277;298568
144663;329192;319804
144664;403867;237595
144665;327134;276254
144666;389182;250424
144667;362907;260685
144668;428764;259897
144669;282847;213568
144670;300327;223558
144671;304555;297182
144672;394424;286335
144673;422187;246168
144674;326134;288658
144675;327682;313103
144676;388942;337223
144677;423649;275445
144678;320853;262533
144679;327394;354289
144680;260560;331967
144681;337692;289327
144682;418392;324381
144683;287440;285227
144684;253211;284465
144685;312306;254817
144686;407336;239484
144687;301480;269366
144688;326802;247450
144689;344647;259550
144690;421429;320829
144691;341234;314633
144692;346947;281275
144693;371200;229485
144694;416808;302596
144695;343041;286336
144696;327533;286874
144697;403826;286958
144698;342871;337589
144699;307582;286981
144700;265451;325442
144701;314374;232557
144702;280791;316553
144703;344458;308270
144704;293162;315687
144705;338295;228432
144706;342322;327077
144707;294293;279934
144708;260589;325513
144709;374173;292130
144710;346268;263093
144711;422046;295181
144712;336614;285421
144713;359904;244431
144714;260896;335344
144715;325122;298597
144716;345783;309046
144717;399029;322946
144718;344234;305153
144719;400988;276318
144720;336573;334846
144721;416938;251383
144722;368210;224856
144723;337341;294419
144724;406769;253320
144725;368777;297675
144726;385162;306652
144727;278743;275682
144728;385890;241966
144729;324299;251676
144730;372017;339308
144731;370420;278909
144732;387907;317255
144733;312899;306546
144734;365449;261951
144735;325419;265623
144736;355049;289832
144737;366218;232277
144738;290904;288083
144739;327124;317218
144740;416899;257949
144741;354551;286913
144742;381811;323832
144743;414181;276379
144744;335186;236665
144745;404272;289594
144746;292930;348690
144747;324278;347166
144748;314069;319822
144749;402246;292840
144750;259138;245799
144751;297559;265487
144752;292766;288091
144753;277191;268942
144754;290753;270061
144755;385753;298896
144756;344276;235512
144757;316803;230136
144758;376943;233640
144759;338050;295950
144760;315408;309591
144761;342336;314226
144762;421567;259128
144763;295746;318874
144764;260481;315765
144765;421412;286641
144766;378815;255210
144767;264818;285547
144768;407705;268044
144769;267960;307236
144770;289245;236539
144771;304000;284992
144772;297951;275013
144773;390545;301876
144774;418714;281181
144775;317178;273762
144776;387304;295692
144777;358146;252110
144778;344594;322934
144779;304408;237985
144780;406831;298193
144781;368050;295667
144782;367170;260652
144783;322664;341852
144784;333735;294833
144785;365623;312998
144786;267311;263045
144787;320782;313676
144788;406347;271661
144789;395394;291676
144790;258112;269464
144791;398762;281072
144792;363681;328575
144793;330963;248709
144794;348767;257229
144795;384383;316601
144796;361702;324309
144797;420987;283517
144798;404463;300915
144799;423776;255208
144800;358931;282810
144801;350449;291826
144802;288188;318017
144803;352623;304379
144804;262377;277247
144805;286069;286579
144806;354461;315905
144807;323170;287160
144808;368424;341571
144809;370240;291453
144810;412706;231463
144811;377972;294195
144812;275725;291519
144813;301492;229921
144814;362240;301290
144815;282413;300026
144816;296460;205013
144817;309013;272102
144818;328409;300012
144819;283705;324891
144820;344021;270933
144821;411477;329521
144822;421497;256378
144823;268157;312329
144824;421525;342012
144825;351779;277836
144826;351807;317559
144827;321764;266947
144828;354118;257799
144829;345372;302553
144830;390857;345714
144831;262673;340440
144832;363493;253240
144833;364186;310093
144834;297128;219597
144835;405857;290772
144836;295362;248907
144837;307403;301274
144838;299858;335209
144839;406468;276709
144840;348805;266361
144841;351948;278545
144842;394167;311334
144843;350938;347825
144844;420994;293306
144845;265441;246925
144846;249208;319931
144847;259088;274470
144848;233976;238162
144849;272215;261956
144850;374239;351510
144851;316940;299229
144852;376140;301867
144853;286067;303294
144854;307768;303887
144855;384120;304889
144856;330389;293465
144857;370027;329907
144858;373005;317300
144859;349021;298300
144860;385981;291863
144861;371526;253826
144862;370588;220463
144863;356171;265366
144864;283949;267963
144865;407019;280088
144866;402189;307369
144867;424242;339991
144868;303620;277011
144869;279943;277778
144870;294913;251295
144871;289813;330578
144872;350795;220131
144873;289744;273061
144874;349203;245232
144875;428284;280162
144876;364075;293746
144877;289912;245509
144878;374222;261731
144879;446535;265812
144880;386093;295876
144881;310534;273284
144882;323458;329433
144883;383964;255797
144884;369488;261911
144885;331483;249421
144886;286776;247441
144887;291594;321681
144888;426243;259941
144889;288770;269524
144890;376026;334066
144891;439371;286619
144892;462163;231510
144893;346828;273779
144894;318666;283280
144895;396046;228572
144896;367502;243631
144897;318971;289490
144898;334753;271718
144899;332716;293996
144900;377654;321877
144901;456827;242413
144902;447425;271649
144903;415994;240893
144904;400331;328688
144905;393822;321381
144906;322021;318741
144907;282444;266860
144908;279784;240960
144909;340752;305368
144910;387640;288952
144911;342014;294954
144912;360843;284721
144913;332184;277093
144914;374729;257313
144915;289558;244798
144916;328009;299749
144917;434467;236070
144918;339688;255738
144919;427923;293460
144920;391767;297770
144921;289480;211433
144922;341060;265441
144923;342118;260109
144924;334531;301620
144925;404448;242251
144926;435981;255942
144927;272347;294565
144928;317779;254195
144929;338046;253821
144930;329190;234014
144931;383846;240402
144932;360561;280388
144933;316606;323865
144934;375635;250068
144935;365403;250037
144936;308932;244550
144937;431302;269753
144938;280875;243435
144939;415017;261057
144940;334041;325774
144941;462924;249129
144942;398221;291887
144943;415570;284844
144944;282100;311310
144945;303806;300222
144946;408874;258748
144947;390447;317726
144948;358467;292402
144949;346030;288290
144950;279641;245365
144951;437572;228238
144952;345590;284247
144953;393688;322680
144954;338382;269633
144955;294358;295878
144956;369826;315820
144957;332509;240941
144958;343886;256880
144959;292217;331957
144960;443013;287599
144961;463751;300719
144962;296353;304530
144963;368096;296177
144964;339381;298663
144965;309871;332493
144966;344074;261175
144967;352401;247898
144968;303255;238457
144969;372356;268382
144970;400305;303026
144971;356095;288140
144972;297454;256211
144973;341855;318963
144974;392021;263580
144975;330035;326391
144976;386313;240566
144977;373136;301863
144978;351073;273666
144979;379929;280839
144980;424401;297694
144981;404467;245415
144982;368287;287880
144983;383515;230206
144984;360121;290192
144985;276880;308083
144986;353529;251183
144987;443198;300821
144988;413402;328543
144989;416668;252312
144990;376462;266261
144991;362159;324652
144992;332013;312848
144993;324393;316521
144994;447472;284534
144995;356644;317875
144996;369380;278267
144997;286673;331104
144998;400021;252670
144999;360507;324764
145000;292174;330081
145001;420724;290400
145002;395306;235459
145003;271743;315506
145004;401086;237871
145005;320833;332603
145006;314815;295042
145007;344078;321863
145008;372010;304162
145009;360725;318843
145010;375140;349903
145011;312155;270646
145012;430211;311520
145013;366366;248699
145014;269858;319759
145015;305043;296852
145016;450132;285178
145017;402740;272135
145018;320054;251464
145019;330642;300109
145020;349760;307251
145021;397332;275037
145022;308796;213784
145023;383439;347545
145024;445023;243692
145025;441128;297929
145026;297035;248671
145027;435579;281536
145028;458132;320830
145029;404031;282052
145030;332785;280294
145031;319147;255522
145032;323188;311795
145033;369710;265668
145034;368996;272136
145035;340370;321167
145036;372475;280468
145037;354170;240211
145038;329547;257822
145039;301027;283327
145040;281510;316629
145041;444943;208054
145042;296083;276388
145043;280296;259482
145044;418950;302056
145045;404466;252885
145046;308295;259768
145047;372265;241679
145048;314397;289397
145049;274426;238704
145050;356677;248177
145051;330451;293039
145052;339257;318253
145053;415728;255554
145054;388666;318655
145055;363090;268507
145056;452676;256187
145057;346846;251713
145058;308638;321746
145059;298122;206743
145060;329922;316432
145061;313336;307361
145062;342157;259233
145063;323283;312102
145064;411884;306420
145065;390594;334231
145066;443568;283659
145067;391961;233463
145068;344531;245616
145069;362668;251515
145070;330970;265578
145071;335968;269765
145072;329582;279781
145073;442781;298855
145074;344373;315248
145075;445289;325107
145076;400589;248281
145077;258620;271370
145078;308674;318466
145079;273725;269154
145080;394577;322195
145081;375029;270938
145082;368643;289770
145083;283402;237954
145084;412571;303468
145085;307937;331200
145086;375702;261831
145087;377876;226979
145088;387719;237751
145089;396203;252217
145090;309738;329703
145091;361274;241603
145092;308421;290888
145093;332257;239273
145094;323850;226106
145095;383389;282093
145096;325663;299361
145097;401972;286345
145098;357323;347702
145099;389022;311980
145100;287843;250260
145101;431346;287962
145102;407580;268494
145103;354816;254053
145104;432345;279340
145105;292796;331734
145106;384885;276492
145107;441145;234289
145108;404662;318649
145109;394197;261168
145110;292311;251016
145111;301426;220460
145112;452225;245729
145113;394694;265090
145114;294484;273927
145115;299755;260870
145116;314457;290896
145117;338551;266704
145118;407338;261670
145119;388466;277117
145120;334055;323599
145121;371011;309668
145122;357252;249848
145123;415072;257281
145124;318511;321484
145125;417332;308361
145126;313677;263255
145127;459592;285612
145128;327431;258199
145129;409575;317913
145130;315781;293841
145131;352963;269257
145132;307170;290798
145133;378456;277423
145134;312776;283829
145135;359988;300695
145136;300639;327235
145137;449488;270632
145138;330138;256564
145139;345600;251535
145140;411986;311387
145141;303100;297619
145142;361920;325592
145143;425758;231606
145144;418058;302706
145145;302010;286003
145146;393504;273937
145147;314249;233942
145148;401421;219086
145149;303637;228678
145150;337740;276114
145151;304664;280507
145152;287531;312565
145153;271320;294062
145154;281756;328177
145155;350371;249898
145156;358999;287387
145157;316473;238927
145158;418038;303841
145159;405206;300609
145160;318681;257032
145161;403673;260988
145162;288316;284887
145163;305077;234404
145164;218295;284522
145165;266909;311022
145166;297647;332578
145167;222697;270232
145168;313733;306646
145169;273093;314968
145170;320550;319403
145171;286354;320267
145172;316336;295873
145173;317005;307068
145174;287555;275183
145175;296874;302392
145176;340534;241231
145177;213898;280362
145178;257170;258906
145179;244489;279072
145180;223402;234270
145181;225211;238128
145182;246674;331731
145183;212918;290170
145184;345836;264601
145185;222419;298232
145186;278016;260495
145187;213126;331257
145188;261473;286712
145189;321722;256088
145190;276301;246939
145191;281476;321203
145192;213549;231064
145193;213806;247154
145194;237013;263320
145195;276404;308756
145196;284263;265478
145197;223546;230956
145198;229145;262881
145199;350299;294664
145200;237069;324213
145201;216366;297043
145202;320763;341112
145203;238448;313865
145204;321249;368896
145205;278769;324619
145206;260901;239360
145207;326890;300924
145208;335025;342281
145209;213150;297994
145210;254042;302230
145211;250188;298769
145212;281358;281478
145213;350938;258445
145214;287983;247801
145215;248802;333507
145216;281213;265029
145217;278813;260775
145218;310521;249350
145219;293691;310453
145220;338505;338356
145221;212047;252006
145222;271872;338064
145223;284060;330698
145224;288792;298263
145225;268850;267730
145226;270247;317865
145227;236578;248634
145228;312758;246175
145229;344290;232140
145230;322234;334937
145231;342663;300489
145232;232892;308889
145233;328439;298327
145234;288404;288816
145235;250108;296624
145236;256447;249524
145237;348070;277569
145238;251210;294730
145239;323144;283947
145240;287475;306411
145241;319784;244667
145242;294417;263176
145243;250554;282167
145244;278943;280654
145245;242330;327421
145246;309552;311746
145247;246577;279176
145248;336930;241094
145249;308651;288876
145250;211629;256917
145251;270007;254287
145252;263089;265506
145253;249799;288668
145254;317539;260889
145255;251857;277426
145256;281793;252895
145257;326729;222019
145258;215205;285452
145259;339325;322055
145260;274144;314460
145261;264637;308583
145262;329949;293024
145263;256792;313913
145264;274049;235572
145265;218946;310330
145266;258672;309889
145267;260796;267667
145268;232746;231223
145269;337963;288753
145270;226976;254129
145271;348644;248331
145272;301126;288441
145273;255011;239738
145274;249333;314227
145275;342649;284742
145276;253661;293452
145277;288178;281711
145278;224759;244899
145279;288489;345338
145280;231522;261138
145281;300140;235014
145282;276966;322903
145283;219966;288689
145284;279325;324968
145285;291365;243678
145286;299151;278621
145287;309173;306641
145288;311872;218378
145289;313970;249100
145290;230649;285233
145291;344499;242918
145292;268320;331637
145293;340270;264386
145294;230077;318845
145295;305825;337101
145296;221668;287424
145297;275062;330822
145298;233215;245160
145299;346744;251693
145300;312436;280743
145301;343700;214148
145302;237711;271204
145303;258101;254675
145304;306251;275064
145305;330917;255741
145306;272191;312303
145307;228871;277194
145308;231572;305556
145309;286098;251998
145310;316091;236738
145311;281969;328847
145312;211871;255899
145313;299287;320483
145314;348982;245547
145315;272105;348702
145316;343731;309344
145317;292416;321287
145318;243214;268663
145319;293977;244780
145320;341705;319887
145321;287115;246312
145322;263338;254586
145323;221099;255542
145324;271950;348639
145325;310433;280088
145326;238137;284201
145327;238679;288606
145328;263704;225160
145329;320241;263246
145330;230176;296215
145331;286616;294911
145332;227869;335747
145333;278369;305541
145334;239428;241592
145335;345292;253421
145336;321998;258069
145337;224789;260720
145338;319644;306237
145339;218062;245924
145340;266287;265506
145341;244280;266740
145342;330683;321491
145343;261593;233494
145344;294513;317567
145345;251121;279891
145346;310582;304445
145347;335282;318424
145348;323431;297352
145349;329555;290579
145350;322506;294904
145351;237682;339881
145352;330957;303701
145353;315415;288145
145354;318636;280294
145355;339963;260331
145356;264286;322199
145357;235725;334570
145358;303036;279321
145359;307735;341932
145360;314761;277782
145361;342954;274965
145362;314612;260939
145363;232829;335217
145364;218754;244511
145365;322978;239925
145366;220209;247176
145367;310723;299799
145368;268290;237948
145369;346278;290996
145370;345489;331084
145371;307070;333222
145372;219401;283425
145373;326693;318077
145374;233824;291893
145375;240262;254289
145376;307332;276048
145377;328272;297583
145378;312637;293281
145379;355579;240730
145380;233558;290176
145381;285403;314127
145382;231679;275482
145383;311637;276403
145384;343850;248178
145385;224496;252312
145386;261477;314939
145387;219022;317068
145388;319009;265361
145389;217058;220914
145390;255005;225649
145391;336092;314678
145392;337218;257548
145393;346399;273162
145394;348076;223571
145395;221783;343805
145396;333034;276078
145397;226178;278345
145398;339893;306375
145399;217296;333653
145400;226942;296524
145401;259672;267824
145402;355571;268594
145403;317121;244326
145404;332064;285429
145405;262002;340019
145406;225810;266926
145407;303492;341973
145408;342137;281835
145409;298992;289567
145410;302233;359877
145411;251826;318224
145412;336346;233368
145413;314152;267518
145414;345833;283106
145415;223823;280473
145416;332118;214226
145417;340219;238884
145418;250225;334855
145419;251152;280595
145420;212342;312438
145421;321124;302772
145422;220367;301306
145423;230510;287498
145424;228652;246520
145425;248005;306917
145426;334396;296564
145427;278145;323457
145428;284525;216134
145429;307138;280051
145430;306252;244626
145431;255954;317227
145432;267124;260979
145433;338880;319001
145434;296303;266658
145435;303811;296954
145436;323631;232969
145437;279303;316978
145438;272481;293868
145439;262013;297385
145440;316067;255874
145441;238872;308115
145442;304369;252608
145443;323275;337721
145444;248883;255317
145445;313069;265333
145446;330002;233016
145447;263161;318078
145448;313501;264853
145449;278774;211624
145450;298703;276955
145451;283085;275985
145452;312998;297375
145453;280005;226371
145454;244318;306544
145455;253629;332503
145456;265900;311180
145457;338826;246047
145458;317388;265440
145459;248145;222500
145460;306348;259995
145461;295597;305121
145462;275661;266533
145463;345787;227408
145464;316111;314001
145465;295332;262930
145466;334335;275467
145467;287897;305992
145468;311318;273489
145469;214146;328035
145470;256614;328899
145471;328893;337592
145472;229728;250645
145473;286454;290064
145474;320814;297579
145475;318984;307373
145476;329229;258841
145477;254523;250506
145478;276708;328690
145479;218848;251355
145480;302970;267742
145481;337427;230512
145482;232641;261905
145483;225981;303798
145484;316299;252367
145485;328344;312592
145486;243599;299600
145487;255026;267799
145488;340923;220236
145489;228639;320518
145490;318404;263788
145491;330951;306138
145492;292027;278828
145493;250340;315300
145494;236230;286222
145495;335768;270010
145496;285017;267244
145497;286059;265603
145498;301890;327541
145499;217184;235752
145500;229550;276512
145501;319517;330299
145502;234492;258183
145503;293740;275316
145504;329069;266935
145505;312358;311603
145506;273173;265991
145507;279018;264665
145508;218867;282212
145509;304429;317533
145510;266239;258752
145511;260977;260404
145512;278926;288855
145513;252314;223769
145514;352141;259971
145515;338367;282950
145516;268605;217639
145517;349154;232431
145518;270645;312370
145519;238561;317795
145520;276059;232976
145521;217539;293219
145522;264005;334715
145523;343645;278030
145524;282546;300717
145525;214961;272671
145526;310247;258185
145527;252322;278301
145528;237800;288785
145529;308110;308906
145530;263905;230232
145531;252345;298885
145532;248759;293888
145533;231082;287996
145534;217357;244135
145535;313659;281686
145536;301766;245432
145537;218990;287610
145538;340730;232683
145539;292279;323541
145540;347706;241794
145541;343653;248683
145542;252553;285866
145543;270770;255118
145544;297010;207413
145545;346273;301552
145546;268992;295697
145547;228345;294539
145548;277786;289444
145549;325865;330823
145550;224584;205735
145551;246882;334596
145552;299383;270343
145553;225712;264714
145554;305686;299214
145555;281232;332250
145556;267560;260006
145557;318175;307154
145558;291465;349992
145559;224765;253568
145560;253063;237750
145561;270489;336731
145562;219390;229240
145563;233311;307105
145564;228573;306499
145565;337198;234751
145566;226337;297122
145567;319766;282561
145568;309919;264484
145569;291533;281873
145570;329305;335072
145571;431545;327713
145572;547262;287108
145573;616994;259153
145574;459058;302906
145575;438263;238440
145576;438308;302101
145577;649165;307759
145578;529328;336510
145579;650479;291298
145580;486613;241943
145581;582942;310459
145582;594763;249773
145583;493873;305911
145584;418786;251194
145585;415788;281596
145586;685779;272029
145587;436708;272820
145588;414661;287624
145589;508152;331716
145590;638702;307948
145591;569990;297724
145592;666772;284903
145593;589555;248550
145594;527356;242491
145595;477814;260202
145596;610038;303100
145597;492632;223477
145598;489592;236651
145599;484831;305530
145600;479067;212161
145601;677838;297048
145602;591657;271630
145603;589735;303712
145604;516581;243129
145605;530743;271218
145606;692293;308847
145607;600007;299240
145608;458109;305101
145609;434950;309248
145610;573160;306380
145611;573610;295152
145612;510173;341436
145613;489532;309499
145614;677575;256715
145615;669365;302390
145616;558835;337889
145617;587527;311589
145618;505371;312139
145619;618189;295643
145620;551258;248858
145621;551666;256290
145622;541099;283728
145623;551931;337362
145624;451769;302525
145625;641394;289595
145626;605150;241230
145627;658304;238184
145628;629940;308877
145629;655622;267970
145630;688961;325399
145631;441918;325319
145632;514214;274808
145633;695576;305445
145634;510781;259234
145635;635526;287191
145636;551333;274986
145637;536589;248608
145638;589418;291526
145639;518228;258678
145640;459340;257294
145641;425208;308416
145642;505705;306318
145643;499201;213413
145644;466029;244537
145645;561822;331638
145646;602910;245310
145647;454107;320774
145648;563015;268988
145649;640476;294959
145650;619799;250469
145651;478107;296979
145652;585723;306429
145653;604021;304097
145654;621051;292676
145655;461836;293703
145656;473184;327633
145657;478122;291087
145658;515209;325451
145659;578074;231331
145660;470244;277733
145661;611769;292767
145662;469303;281584
145663;558735;263942
145664;649867;231679
145665;664894;351719
145666;557021;262403
145667;422676;327015
145668;491428;293240
145669;632295;287428
145670;417693;299963
145671;429773;222226
145672;600092;244725
145673;521924;287747
145674;608940;281049
145675;440551;257658
145676;543301;300161
145677;486155;306310
145678;608130;251016
145679;678679;255594
145680;594264;285537
145681;448494;239315
145682;575242;234651
145683;665097;268864
145684;485454;284504
145685;686025;214874
145686;504068;326899
145687;484395;217418
145688;622739;291055
145689;415730;287311
145690;423745;296358
145691;681485;279916
145692;662772;300295
145693;542531;278349
145694;522681;331901
145695;603603;307286
145696;634591;278802
145697;540208;310889
145698;454961;234854
145699;511232;298002
145700;497371;293956
145701;482436;250499
145702;520661;280929
145703;469393;230957
145704;614937;275894
145705;660017;266274
145706;541342;276922
145707;634748;295359
145708;496481;218627
145709;666614;240651
145710;591863;304299
145711;531220;318007
145712;479349;276848
145713;647324;312778
145714;663063;339619
145715;485493;329105
145716;500601;231718
145717;694298;272216
145718;668400;278939
145719;612165;289789
145720;447344;278409
145721;592910;267737
145722;437624;276194
145723;586811;250586
145724;580211;296543
145725;416405;223178
145726;540634;269972
145727;475122;243430
145728;611945;280597
145729;536662;270717
145730;666768;303724
145731;496897;264912
145732;650623;252510
145733;520930;277958
145734;615838;310850
145735;632824;303886
145736;589984;211694
145737;626203;264789
145738;559763;288962
145739;613049;348253
145740;449679;274925
145741;422630;283027
145742;452315;324772
145743;517947;242549
145744;525395;292222
145745;640402;278766
145746;604634;297870
145747;591029;250628
145748;550539;285942
145749;478525;265057
145750;476905;273926
145751;604104;310977
145752;430425;294370
145753;663658;239159
145754;475398;256464
145755;462381;322353
145756;657177;254366
145757;661463;293782
145758;606744;306154
145759;457306;307860
145760;495018;303137
145761;475289;297863
145762;564948;267007
145763;471028;262271
145764;461316;275306
145765;428424;230196
145766;629937;295013
145767;636153;341696
145768;670813;323554
145769;543748;254303
145770;691738;325856
145771;584837;323532
145772;644247;293010
145773;617128;282652
145774;662735;247867
145775;431128;280681
145776;668625;296748
145777;590684;293606
145778;626110;294444
145779;487442;307766
145780;481013;300628
145781;499098;235650
145782;457445;207463
145783;618688;281250
145784;501936;272680
145785;511662;283319
145786;640301;310770
145787;546458;291184
145788;628613;310500
145789;448268;277477
145790;515576;235803
145791;430699;321190
145792;653649;214710
145793;488985;244061
145794;422993;298222
145795;537646;303275
145796;649600;286591
145797;595443;283936
145798;603158;321862
145799;587917;277743
145800;508302;269139
145801;474562;280188
145802;680266;256087
145803;433378;307828
145804;574120;213196
145805;567196;315407
145806;541574;276717
145807;684836;271753
145808;653450;267454
145809;577823;264233
145810;613338;282959
145811;557766;290382
145812;554412;268977
145813;541261;264483
145814;507127;226714
145815;537091;333030
145816;667161;320269
145817;622198;303162
145818;480665;315250
145819;439792;267443
145820;645202;214910
145821;522616;250846
145822;652862;292512
145823;415648;278882
145824;658014;319352
145825;661802;233602
145826;490466;306901
145827;485734;307017
145828;605888;282627
145829;426533;314613
145830;668558;297945
145831;477697;282485
145832;601277;244645
145833;531525;252843
145834;666919;225157
145835;542893;243177
145836;558345;281485
145837;627612;314735
145838;575835;295725
145839;675762;320570
145840;560472;248831
145841;616200;298116
145842;519014;314382
145843;452308;221811
145844;444169;317839
145845;511490;345565
145846;633025;271367
145847;478842;250493
145848;551489;350852
145849;560601;341288
145850;464446;293078
145851;679276;284129
145852;486163;237481
145853;437440;294071
145854;499661;269560
145855;554166;271444
145856;448133;341951
145857;414682;280947
145858;513650;310163
145859;462942;318445
145860;418812;297887
145861;652249;282767
145862;629450;306159
145863;556144;321764
145864;622405;329120
145865;638278;243055
145866;635051;226453
145867;568421;289529
145868;507288;265203
145869;704639;274799
145870;602851;254008
145871;595875;252788
145872;617650;268145
145873;597951;308567
145874;470065;345239
145875;547500;256406
145876;656398;288571
145877;525458;237872
145878;509237;288127
145879;404319;263754
145880;510879;269780
145881;575540;258945
145882;386586;288738
145883;486501;283001
145884;483622;327727
145885;413230;282575
145886;416751;269232
145887;503970;284969
145888;507872;287537
145889;568705;238552
145890;580447;254390
145891;434772;315143
145892;477421;278971
145893;555588;224712
145894;444451;327685
145895;553107;234270
145896;532003;302612
145897;482551;261280
145898;594994;243673
145899;496341;235354
145900;402358;331056
145901;497374;264218
145902;527153;288255
145903;403069;289286
145904;403616;285594
145905;553783;311805
145906;602103;260073
145907;390675;303357
145908;451768;313746
145909;513348;316933
145910;366491;220909
145911;595674;326077
145912;567145;242503
145913;575457;300794
145914;535159;303350
145915;531071;216702
145916;369592;249151
145917;490450;215206
145918;563932;229497
145919;428574;291988
145920;473247;250698
145921;530443;285358
145922;604696;269963
145923;394804;252299
145924;474865;266272
145925;592070;254518
145926;503827;291220
145927;398918;326002
145928;436740;218091
145929;517270;261192
145930;410307;264859
145931;488741;345431
145932;500570;282131
145933;541041;245536
145934;544461;306959
145935;559607;246508
145936;456317;279978
145937;420180;268806
145938;551765;257662
145939;598420;259305
145940;382871;331269
145941;384455;268185
145942;417637;257287
145943;402124;314805
145944;438908;292183
145945;482853;322035
145946;408740;295568
145947;537513;242208
145948;569138;255250
145949;560026;246511
145950;367234;298763
145951;543991;303215
145952;416126;224578
145953;507552;213774
145954;432425;301980
145955;420572;268610
145956;398458;235693
145957;454493;289925
145958;529667;302041
145959;516687;301504
145960;516223;310442
145961;479725;209379
145962;540412;306300
145963;503292;216796
145964;540801;276602
145965;445452;286080
145966;430546;241161
145967;575616;260474
145968;365993;323285
145969;388771;306728
145970;573617;262060
145971;483131;222812
145972;503945;262395
145973;504858;242744
145974;568867;316898
145975;490581;279315
145976;493836;293902
145977;483357;345417
145978;482453;284133
145979;370403;252398
145980;384694;268845
145981;419695;284182
145982;561984;326377
145983;474780;312985
145984;578500;238057
145985;500729;294436
145986;507104;278763
145987;608318;297311
145988;462724;292071
145989;508491;328332
145990;597841;235115
145991;509271;247643
145992;397630;221517
145993;437643;326968
145994;581735;309992
145995;603667;261519
145996;416067;323105
145997;429977;294108
145998;545475;258564
145999;537573;316285
146000;371864;269844
146001;548528;217692
146002;446191;329022
146003;503964;294211
146004;429406;213886
146005;603956;308885
146006;541011;342427
146007;533964;264665
146008;458712;295577
146009;473534;271800
146010;454081;248600
146011;487745;291340
146012;496295;332104
146013;404503;316994
146014;460749;294109
146015;514349;321744
146016;501227;263899
146017;538799;262481
146018;421258;269069
146019;555064;291947
146020;485442;282029
146021;435440;235859
146022;433624;243528
146023;486904;264993
146024;520523;299489
146025;384410;305470
146026;383212;274968
146027;529209;274146
146028;444047;278194
146029;449845;295388
146030;608296;352049
146031;382768;293883
146032;432273;234739
146033;511679;277475
146034;428519;263589
146035;478725;260607
146036;406545;302158
146037;454351;223722
146038;516680;328783
146039;465419;315904
146040;545313;256451
146041;399485;334852
146042;564043;347168
146043;587666;270874
146044;541362;242080
146045;611503;265199
146046;381304;269898
146047;496973;281191
146048;407409;319447
146049;383979;280899
146050;591685;265457
146051;586613;270577
146052;585941;263616
146053;584263;215520
146054;570452;282305
146055;379710;326411
146056;543470;284946
146057;517332;253798
146058;589341;288906
146059;460995;313953
146060;369474;299677
146061;406153;323326
146062;559481;275044
146063;398606;244274
146064;535853;280836
146065;401615;317290
146066;571627;294150
146067;593222;323017
146068;496576;266418
146069;566608;250827
146070;412189;251645
146071;606694;276980
146072;387266;311633
146073;446602;267815
146074;425848;232436
146075;415899;250751
146076;586507;249826
146077;460615;273285
146078;556571;249158
146079;571424;296375
146080;470360;289082
146081;415141;224958
146082;502712;310682
146083;530247;314243
146084;549387;317270
146085;533713;233065
146086;444570;294149
146087;544711;280033
146088;486434;307986
146089;422296;303724
146090;446654;305118
146091;374425;257837
146092;429873;283781
146093;464428;257249
146094;568219;230259
146095;378495;269938
146096;385736;288855
146097;387423;259324
146098;469619;318455
146099;477193;223722
146100;478256;269948
146101;475394;201858
146102;374734;323976
146103;516565;290086
146104;548492;335864
146105;545474;304206
146106;382298;293993
146107;369337;230865
146108;554399;294625
146109;530877;328593
146110;547594;269891
146111;480579;299882
146112;478944;344667
146113;598590;292482
146114;524640;257249
146115;429418;222018
146116;411875;246780
146117;444913;327735
146118;466848;214550
146119;525586;260160
146120;411228;278347
146121;529198;295491
146122;380693;328592
146123;481316;245842
146124;372596;299741
146125;415861;320435
146126;507268;224763
146127;533542;285525
146128;403811;264633
146129;575947;220930
146130;503031;222443
146131;537238;270014
146132;507576;284778
146133;594753;234553
146134;558784;242112
146135;490930;292090
146136;578797;325015
146137;447285;270770
146138;439828;315730
146139;584202;289802
146140;436507;258480
146141;598912;261092
146142;505958;280130
146143;601544;310125
146144;405052;257008
146145;512153;351816
146146;552138;223789
146147;380886;257490
146148;516463;259712
146149;393496;288735
146150;582050;275927
146151;594115;241651
146152;583555;234250
146153;524712;303358
146154;397648;296335
146155;426628;285579
146156;564368;336996
146157;576990;303820
146158;490327;247033
146159;369204;287615
146160;379563;300935
146161;507314;290877
146162;519630;315937
146163;598579;301651
146164;532980;242078
146165;396406;307012
146166;443077;294264
146167;437514;309023
146168;469276;248522
146169;597487;281617
146170;456521;247749
146171;515304;312121
146172;608356;252043
146173;515132;272055
146174;486842;288122
146175;585289;276738
146176;515470;304606
146177;542866;250211
146178;552618;295921
146179;434247;295640
146180;545744;297439
146181;403037;310641
146182;444473;303969
146183;450907;334209
146184;470238;254275
146185;603199;296363
146186;473914;211580
146187;482382;259626
146188;601083;211323
146189;544790;285613
146190;561729;316371
146191;369583;293387
146192;511106;327992
146193;462449;237784
146194;560682;310037
146195;491569;257972
146196;526786;327670
146197;532967;262042
146198;524294;295509
146199;556745;247135
146200;507003;331853
146201;425081;347759
146202;539792;222740
146203;561978;285507
146204;506517;273143
146205;478469;274553
146206;391784;317592
146207;554913;352180
146208;476335;279117
146209;469547;275052
146210;494680;245162
146211;365305;295141
146212;514152;264412
146213;525282;233313
146214;444470;258119
146215;518244;288002
146216;372453;292669
146217;431711;267152
146218;523421;322596
146219;324624;229870
146220;417071;261832
146221;337819;300791
146222;392926;304627
146223;349698;311020
146224;385125;312109
146225;421467;258016
146226;478775;291572
146227;399298;223231
146228;466668;333952
146229;354596;306553
146230;438848;360440
146231;425022;288327
146232;408793;240810
146233;498790;294101
146234;474507;316605
146235;422443;271929
146236;395197;302327
146237;446114;254519
146238;377727;294500
146239;401220;295754
146240;415324;237181
146241;422235;247465
146242;535631;239290
146243;481433;315022
146244;509703;239777
146245;416195;311973
146246;455274;292070
146247;313305;294905
146248;405831;322682
146249;361835;323431
146250;444143;226271
146251;356789;302630
146252;520582;317891
146253;383775;347994
146254;326492;301222
146255;503337;340439
146256;415726;247199
146257;321615;249909
146258;501402;291128
146259;454140;225332
146260;494361;315624
146261;427092;279315
146262;419749;295062
146263;416431;251199
146264;378378;210113
146265;365778;276161
146266;420161;262062
146267;446754;240078
146268;474808;289017
146269;347606;241302
146270;324140;309534
146271;494514;214635
146272;397143;255156
146273;428663;255643
146274;407075;281954
146275;489321;257496
146276;475447;282868
146277;506374;305672
146278;364946;280827
146279;403826;318469
146280;395144;289690
146281;400125;341245
146282;450957;246406
146283;361402;225210
146284;377840;247014
146285;474330;321071
146286;336519;245952
146287;340608;285940
146288;519129;247466
146289;358097;288614
146290;431992;277888
146291;471234;265937
146292;328017;309454
146293;448458;288846
146294;427524;341658
146295;507012;267069
146296;440716;252745
146297;445913;237888
146298;411735;288259
146299;387746;347192
146300;334502;341487
146301;355132;330440
146302;327425;292782
146303;393999;305223
146304;471891;237611
146305;522034;243773
146306;315503;269377
146307;419467;291321
146308;322028;220718
146309;440098;301230
146310;432653;244240
146311;379785;277837
146312;453729;250631
146313;417229;276373
146314;405944;310906
146315;456722;314270
146316;417850;310324
146317;328453;290718
146318;359605;321615
146319;323467;307585
146320;468011;264776
146321;403282;277049
146322;321585;295559
146323;379042;289165
146324;511760;268379
146325;348173;260665
146326;384155;324283
146327;363084;328890
146328;350173;341003
146329;429443;260906
146330;317607;209400
146331;415609;282894
146332;445595;319064
146333;430278;336689
146334;435926;212152
146335;418771;324289
146336;366868;301351
146337;383739;329740
146338;484351;261961
146339;317810;244019
146340;365762;244121
146341;337886;343543
146342;434440;260339
146343;428691;286091
146344;409241;261865
146345;391404;324918
146346;445940;267458
146347;317607;284719
146348;457178;258687
146349;332982;218610
146350;351310;252784
146351;451445;331512
146352;422370;309217
146353;481293;248070
146354;383924;287756
146355;333169;296048
146356;512790;243814
146357;425706;269896
146358;467224;262382
146359;445876;278861
146360;504175;277941
146361;503440;259655
146362;468866;261752
146363;392978;325822
146364;418315;262351
146365;449351;285534
146366;320992;309905
146367;392769;296204
146368;345596;302025
146369;332161;251853
146370;472278;293655
146371;506811;316263
146372;475588;259122
146373;367075;229896
146374;350884;236247
146375;402136;276062
146376;437128;263418
146377;404818;241404
146378;453758;290646
146379;471114;339266
146380;370383;318653
146381;338114;279092
146382;513044;259696
146383;446575;257826
146384;380785;318704
146385;474265;261826
146386;390146;257174
146387;341686;280303
146388;365853;309427
146389;513928;218594
146390;439585;304698
146391;368836;223347
146392;369373;273372
146393;474065;275719
146394;320707;257837
146395;357013;320551
146396;324973;271353
146397;481624;245606
146398;374063;295973
146399;399707;244332
146400;381786;284739
146401;360687;268334
146402;370629;252212
146403;449461;231852
146404;409358;306713
146405;331445;310198
146406;498938;268140
146407;483196;238610
146408;360736;251116
146409;368093;265923
146410;389051;339032
146411;522251;304399
146412;381634;331775
146413;395433;292548
146414;337744;279615
146415;395232;291431
146416;345745;274518
146417;483979;331379
146418;314390;330560
146419;436508;233848
146420;506344;214529
146421;413532;313891
146422;322861;249367
146423;509958;251114
146424;325412;225200
146425;348009;321266
146426;498617;303462
146427;346392;221832
146428;335413;351460
146429;473915;269448
146430;369596;330883
146431;406274;340417
146432;384727;203593
146433;429576;225799
146434;333966;271172
146435;429396;234817
146436;327114;229583
146437;372273;295926
146438;401848;292617
146439;417040;306676
146440;387692;309857
146441;413169;281367
146442;430811;284852
146443;507071;273399
146444;413995;282919
146445;505781;304258
146446;321117;318949
146447;446454;242108
146448;429259;293946
146449;476801;337627
146450;425814;274659
146451;493059;280321
146452;314800;295491
146453;508049;304222
146454;420567;298252
146455;483582;257166
146456;407245;325769
146457;418418;261308
146458;332668;268282
146459;406573;263022
146460;372662;303159
146461;321338;260802
146462;349679;293223
146463;462177;230759
146464;363507;275375
146465;492960;257269
146466;432003;239285
146467;320155;292647
146468;355725;228796
146469;347308;312870
146470;501092;311826
146471;455182;239749
146472;370224;234808
146473;426827;229780
146474;430559;273299
146475;400530;252147
146476;318522;292350
146477;414218;272164
146478;324543;277948
146479;334625;315095
146480;413889;218241
146481;433282;246174
146482;476115;253209
146483;493738;246701
146484;345095;282322
146485;334181;224940
146486;366311;250647
146487;360088;291697
146488;355186;238490
146489;504337;334658
146490;470012;240892
146491;504491;239753
146492;492667;277769
146493;372567;268185
146494;383453;322719
146495;359363;239869
146496;385473;289452
146497;350527;281059
146498;361908;250086
146499;511563;230261
146500;417150;323056
146501;520829;280332
146502;431229;269504
146503;425978;291002
146504;385821;257440
146505;348150;248612
146506;469638;244872
146507;477568;267473
146508;355320;236868
146509;513958;257685
146510;452724;215285
146511;497209;314793
146512;515797;273752
146513;337670;261144
146514;363921;283030
146515;379203;230400
146516;365215;249738
146517;465192;265250
146518;420098;258805
146519;494048;256270
146520;443737;254037
146521;411801;253751
146522;363332;295799
146523;422049;256810
146524;400459;223080
146525;408638;290334
146526;513662;274908
146527;415458;288912
146528;498596;236607
146529;513942;314601
146530;465926;233233
146531;359402;292476
146532;361653;310416
146533;445616;293801
146534;447814;326538
146535;404037;275216
146536;405858;299853
146537;374138;296594
146538;348997;274701
146539;351962;293948
146540;524777;266738
146541;423455;305484
146542;324427;312654
146543;422237;293978
146544;389584;339871
146545;388652;274163
146546;504221;250956
146547;405135;345409
146548;464817;240493
146549;361709;298801
146550;376979;307297
146551;455260;262150
146552;319281;310558
146553;449282;291543
146554;463578;243699
146555;477388;286400
146556;556411;296126
146557;429980;271192
146558;488820;321082
146559;404802;238956
146560;319386;326209
146561;331867;279776
146562;428768;302866
146563;478439;224473
146564;371386;272868
146565;365753;234271
146566;348153;260619
146567;519005;247062
146568;449450;283179
146569;464990;272964
146570;470201;234501
146571;426564;250853
146572;420278;329955
146573;466297;331731
146574;431460;217513
146575;338912;323037
146576;385169;253093
146577;423754;317018
146578;409141;343603
146579;435663;268040
146580;530801;234116
146581;381748;322137
146582;511086;307652
146583;364764;272612
146584;500974;304561
146585;423298;281052
146586;491893;305424
146587;389262;286851
146588;419869;235187
146589;346241;250048
146590;340536;340357
146591;324633;305610
146592;363271;252851
146593;415690;275932
146594;522898;322878
146595;519558;255898
146596;332676;307144
146597;331373;313088
146598;361634;314658
146599;422459;257842
146600;365184;276189
146601;499593;302762
146602;368865;258290
146603;366212;231578
146604;373002;278527
146605;390485;274714
146606;365291;338350
146607;487170;318913
146608;375910;304213
146609;316667;240606
146610;526639;293182
146611;386089;297334
146612;471127;282032
146613;324718;206299
146614;407801;278177
146615;497138;269430
146616;434157;264530
146617;358547;306899
146618;396458;282559
146619;447748;259064
146620;354584;298771
146621;371711;297228
146622;469182;300137
146623;394604;315703
146624;353097;255342
146625;435347;271066
146626;502893;262607
146627;418185;314695
146628;356244;295415
146629;396248;279684
146630;539086;330774
146631;453640;310964
146632;482044;248808
146633;320796;299951
146634;502376;249459
146635;499255;305999
146636;548512;229062
146637;337942;329774
146638;344166;281895
146639;375285;261225
146640;507349;311972
146641;397453;258543
146642;425783;345467
146643;408586;252774
146644;434335;261506
146645;321060;312253
146646;360735;235034
146647;340704;294433
146648;418917;277144
146649;427516;288066
146650;417989;248936
146651;390373;233562
146652;503171;235589
146653;342688;230201
146654;431181;278521
146655;367763;326666
146656;361440;256714
146657;327906;283378
146658;417816;276978
146659;514551;288317
146660;376609;284280
146661;491974;316635
146662;475038;273017
146663;345355;281257
146664;369338;281893
146665;364629;274832
146666;215562;245406
146667;204366;289270
146668;320912;253956
146669;292832;259717
146670;254241;294663
146671;287238;278847
146672;295267;303345
146673;283926;285571
146674;207926;242493
146675;280657;273133
146676;229374;231120
146677;276831;300355
146678;265387;254385
146679;234204;290589
146680;275221;342395
146681;267532;307910
146682;320126;307712
146683;239147;274538
146684;293370;327838
146685;312387;252162
146686;286579;256557
146687;250623;281100
146688;210722;260769
146689;262611;294043
146690;198877;272853
146691;199439;274701
146692;312748;292278
146693;211967;271313
146694;230129;294484
146695;197566;324733
146696;314889;309751
146697;250480;250467
146698;226953;240859
146699;306874;277369
146700;220969;322096
146701;295556;315813
146702;241140;334284
146703;235117;282631
146704;254351;303512
146705;271293;336684
146706;244823;295057
146707;281748;325251
146708;272320;260315
146709;276648;218053
146710;254061;276853
146711;276492;256162
146712;271803;317221
146713;277548;332740
146714;221815;283077
146715;293557;297384
146716;254165;328047
146717;203892;280969
146718;253402;344260
146719;245738;271972
146720;225780;305834
146721;282947;296207
146722;215554;287573
146723;274089;267484
146724;219935;248347
146725;305022;303005
146726;222943;234827
146727;270643;310936
146728;214582;314598
146729;284161;226156
146730;198974;318620
146731;254099;249254
146732;302152;314289
146733;307603;320515
146734;320445;251425
146735;273232;294024
146736;236547;229857
146737;232747;262758
146738;286496;257339
146739;208281;252489
146740;217091;263565
146741;283621;256406
146742;218717;285064
146743;285817;250167
146744;202767;224282
146745;322352;319753
146746;227720;245728
146747;288039;344049
146748;256577;251542
146749;306657;330638
146750;295838;292373
146751;237681;313619
146752;211299;279446
146753;289240;289136
146754;199444;354805
146755;308016;288552
146756;324424;238169
146757;317277;238204
146758;260787;300102
146759;231256;297070
146760;294554;307555
146761;301330;311102
146762;226857;287509
146763;216907;314798
146764;303539;318577
146765;299905;266332
146766;262173;310055
146767;328095;292345
146768;202849;295569
146769;258504;241541
146770;233799;234650
146771;314399;265051
146772;242871;281664
146773;270697;304916
146774;206746;258965
146775;281881;324314
146776;301564;302324
146777;264267;287022
146778;219713;269588
146779;266890;341684
146780;256163;266020
146781;302944;255184
146782;317522;324511
146783;229451;242190
146784;206340;211203
146785;309758;228050
146786;281662;312925
146787;225790;312127
146788;230590;240850
146789;311890;295068
146790;225394;239157
146791;206727;253660
146792;199760;333157
146793;207680;301200
146794;242746;241911
146795;266360;234907
146796;195877;329304
146797;222599;269479
146798;251078;335560
146799;289934;294084
146800;225469;228914
146801;223677;240830
146802;264414;222004
146803;308033;277378
146804;279232;263550
146805;245554;330166
146806;270858;251186
146807;298093;322320
146808;254398;277892
146809;288985;339467
146810;262621;324401
146811;226500;276351
146812;249218;239992
146813;222576;260570
146814;249016;328374
146815;264958;298085
146816;227709;280503
146817;203305;258668
146818;210122;316756
146819;221095;242097
146820;295682;305491
146821;319075;345512
146822;310499;277458
146823;322175;244392
146824;195984;272966
146825;237031;297540
146826;264843;301895
146827;275142;279915
146828;234609;320686
146829;196837;274790
146830;231648;266709
146831;211406;316142
146832;293613;317045
146833;277361;304137
146834;306841;288579
146835;209393;289888
146836;284209;317087
146837;214140;319497
146838;291685;218967
146839;280596;307514
146840;274458;282581
146841;281981;269740
146842;294333;314884
146843;308696;277909
146844;207111;326867
146845;224753;331712
146846;289541;312369
146847;262757;301266
146848;283647;246436
146849;219503;248105
146850;202215;287291
146851;296814;338523
146852;290055;226659
146853;263769;244596
146854;219005;279707
146855;302425;307587
146856;322578;300664
146857;232000;314471
146858;228638;266895
146859;271106;329778
146860;205744;317665
146861;242494;231648
146862;257887;345929
146863;263192;291930
146864;253057;310277
146865;264320;306687
146866;253692;268119
146867;313720;269676
146868;261041;330540
146869;314497;276136
146870;321386;288000
146871;272886;312224
146872;285673;298616
146873;212052;344630
146874;205547;280126
146875;276538;302842
146876;243495;302300
146877;285749;288022
146878;212127;262501
146879;241290;289588
146880;293216;270474
146881;321772;260359
146882;205995;242104
146883;227893;277001
146884;230618;250775
146885;199019;231192
146886;280093;229852
146887;269825;306496
146888;275705;287511
146889;302891;326333
146890;294758;252689
146891;202626;324381
146892;290692;256020
146893;323345;304145
146894;205802;233215
146895;275345;300701
146896;252555;248969
146897;277824;295564
146898;243108;308186
146899;320306;284506
146900;343783;292824
146901;246972;254416
146902;287219;255179
146903;254483;224188
146904;239939;283342
146905;197752;274871
146906;230635;298665
146907;314958;241838
146908;297082;289222
146909;272613;282561
146910;211075;262023
146911;312532;333525
146912;214530;305374
146913;258499;213639
146914;324237;333183
146915;276231;271388
146916;210640;210773
146917;294736;332898
146918;283099;315168
146919;285576;300229
146920;285221;326153
146921;324220;212901
146922;231168;279138
146923;318078;233133
146924;319532;265549
146925;288721;283527
146926;311482;226678
146927;213751;257932
146928;196755;326657
146929;213404;264854
146930;218319;284890
146931;197906;247078
146932;325602;304592
146933;264551;270236
146934;275970;231822
146935;286454;238643
146936;221673;301559
146937;282311;344826
146938;286083;343007
146939;244787;274993
146940;252395;291621
146941;321647;266517
146942;316469;250937
146943;293210;256421
146944;230705;245806
146945;251717;248507
146946;216337;277817
146947;262978;301272
146948;217717;236602
146949;233267;250371
146950;277964;281226
146951;237643;297009
146952;293794;291956
146953;205896;247682
146954;220242;253941
146955;280639;308650
146956;247099;284410
146957;246474;224548
146958;200588;283548
146959;259031;300227
146960;271214;295339
146961;258327;257908
146962;255985;230973
146963;317869;315552
146964;266570;345509
146965;317980;249000
146966;309325;246743
146967;240682;292511
146968;213859;319043
146969;310925;337777
146970;231037;234267
146971;312586;306752
146972;242776;215682
146973;196788;247684
146974;294874;278161
146975;232871;325661
146976;323863;280610
146977;276469;261968
146978;285746;262599
146979;301563;297659
146980;293979;286235
146981;278444;240752
146982;207304;339058
146983;201881;325160
146984;285829;302437
146985;203062;258687
146986;232664;289147
146987;251773;243748
146988;282321;282939
146989;249208;273154
146990;305304;312170
146991;313560;245764
146992;214590;330156
146993;247088;258053
146994;298481;278205
146995;264020;284569
146996;198254;301008
146997;229397;220615
146998;327916;328922
146999;234372;231639
147000;297633;301776
147001;322364;250689
147002;227060;244591
147003;219631;310633
147004;293088;309703
147005;219244;251889
147006;264507;235883
147007;266218;298345
147008;213877;253962
147009;277644;282108
147010;264870;269738
147011;292090;265524
147012;323824;256095
147013;201527;301717
147014;319948;285638
147015;302862;223553
147016;250173;276092
147017;324084;215903
147018;266571;315098
147019;322971;297848
147020;251888;280219
147021;310210;272341
147022;306574;251728
147023;284507;346824
147024;233905;335202
147025;320078;258802
147026;276412;258042
147027;265998;306930
147028;208042;228219
147029;256177;303327
147030;209620;256617
147031;282663;314094
147032;323112;307905
147033;250626;223184
147034;290483;314146
147035;298738;244303
147036;232134;307673
147037;286830;225366
147038;296179;241005
147039;287679;253644
147040;283703;299195
147041;197508;309157
147042;218063;248313
147043;305326;247304
147044;256295;242448
147045;204167;329972
147046;310605;251225
147047;199512;287284
147048;208782;309715
147049;245969;234334
147050;250097;276463
147051;298236;216595
147052;199916;267317
147053;230454;289133
147054;216448;287893
147055;282549;274376
147056;242117;269551
147057;269966;300647
147058;215549;266763
147059;209514;301562
147060;313015;234104
147061;197361;307696
147062;293618;320020
147063;245014;341547
147064;263560;266743
147065;197943;258706
147066;305276;312021
147067;280618;288399
147068;228508;256898
147069;201840;333348
147070;275970;307440
147071;317979;273030
147072;212640;316039
147073;209331;319722
147074;261783;268906
147075;241419;256389
147076;265187;280411
147077;232845;322206
147078;236606;260512
147079;212222;272090
147080;287505;255834
147081;391647;304888
147082;442963;255506
147083;389991;312450
147084;393660;303951
147085;430140;319611
147086;315849;290390
147087;312187;238238
147088;329529;313595
147089;483227;251945
147090;484783;267963
147091;331815;324875
147092;469274;298073
147093;373088;296073
147094;414589;305123
147095;430991;240174
147096;413633;281447
147097;471322;289730
147098;335367;263396
147099;491610;253917
147100;358435;298057
147101;339214;293660
147102;335315;307562
147103;498877;240998
147104;437854;288775
147105;483991;273856
147106;449928;230691
147107;465144;211062
147108;322109;343947
147109;352289;329752
147110;483279;263708
147111;355648;274921
147112;344990;245991
147113;392654;224581
147114;332916;315813
147115;431632;275256
147116;308964;279537
147117;439037;231094
147118;352711;259106
147119;301171;237271
147120;449628;240144
147121;319319;323192
147122;388297;326251
147123;363696;246851
147124;339175;333013
147125;392323;264025
147126;329257;327828
147127;374301;340435
147128;442901;324671
147129;403098;337061
147130;304464;312636
147131;323984;315308
147132;360159;313803
147133;338014;254672
147134;427967;229499
147135;362690;312911
147136;453378;295446
147137;402198;314515
147138;375190;286600
147139;309874;288666
147140;415757;270116
147141;483960;291066
147142;434501;286784
147143;349712;312569
147144;341333;271829
147145;394878;271530
147146;368138;290063
147147;446009;303901
147148;491822;264785
147149;414469;322069
147150;319691;273435
147151;304766;241690
147152;472805;264363
147153;410503;317868
147154;433571;227101
147155;432952;294789
147156;322417;311354
147157;347293;307817
147158;395444;243705
147159;400409;310566
147160;380744;258810
147161;450003;215297
147162;395769;303992
147163;440363;307836
147164;501991;276850
147165;391531;310233
147166;411381;260424
147167;455149;351760
147168;346132;257997
147169;462794;257514
147170;449903;234876
147171;430728;249415
147172;366614;303144
147173;318153;248658
147174;384453;319386
147175;501379;278448
147176;445406;298839
147177;399289;241991
147178;348180;261348
147179;298846;228515
147180;302357;249045
147181;461575;300875
147182;417734;311303
147183;453975;264606
147184;449144;253191
147185;473166;314990
147186;440294;255803
147187;398346;299798
147188;392151;316557
147189;474284;287078
147190;305193;282681
147191;343273;251404
147192;390211;335664
147193;435373;334517
147194;430696;265684
147195;409614;243818
147196;499947;277535
147197;305845;302395
147198;350449;260983
147199;482329;269193
147200;375437;348867
147201;464931;277173
147202;313116;262805
147203;349448;309180
147204;367821;269403
147205;453574;329814
147206;471606;302326
147207;374703;257194
147208;463712;256295
147209;326975;308716
147210;419329;327074
147211;393575;278197
147212;348703;257058
147213;463077;310711
147214;467161;226091
147215;328151;300396
147216;458346;311350
147217;304035;281838
147218;442094;299410
147219;349660;244157
147220;346317;264185
147221;352565;258851
147222;355475;254782
147223;483176;260246
147224;378707;317292
147225;408640;265998
147226;447491;328242
147227;417021;258427
147228;453471;247393
147229;439742;293469
147230;444914;312332
147231;361836;294109
147232;357757;312560
147233;440254;223663
147234;342442;285406
147235;305466;243236
147236;317006;312044
147237;360050;276849
147238;448662;266303
147239;418929;333259
147240;445041;285396
147241;462405;244619
147242;366553;308518
147243;430156;261897
147244;484510;278605
147245;500585;243702
147246;456476;236576
147247;327537;277453
147248;482230;243871
147249;427416;276317
147250;384937;246907
147251;436809;228622
147252;408448;247560
147253;369132;344080
147254;399607;296991
147255;437463;222995
147256;371419;263196
147257;409772;297983
147258;480691;272782
147259;480261;259506
147260;309753;301052
147261;445499;290702
147262;410599;232337
147263;447277;317809
147264;339502;302699
147265;488414;305522
147266;506183;330475
147267;429102;311692
147268;338449;339331
147269;431666;309844
147270;382866;222622
147271;372753;286251
147272;325604;226649
147273;323809;228956
147274;337180;242543
147275;495974;256946
147276;446778;294683
147277;489629;260102
147278;441794;278397
147279;439387;328311
147280;465664;283094
147281;340897;338650
147282;409176;262930
147283;498233;312851
147284;422534;326632
147285;373488;309706
147286;402979;294755
147287;413957;288326
147288;482579;247275
147289;486785;296483
147290;439333;318599
147291;334305;303440
147292;481116;305447
147293;446000;286185
147294;419913;280145
147295;413263;307021
147296;325914;314561
147297;477839;276683
147298;500198;356138
147299;320055;362981
147300;319165;286380
147301;309277;302073
147302;392208;291765
147303;470931;270671
147304;439105;268797
147305;378778;286697
147306;504286;319667
147307;454881;286174
147308;499461;242385
147309;377189;325476
147310;425855;245566
147311;360472;318937
147312;422642;282126
147313;348612;311201
147314;449347;289307
147315;421017;340709
147316;442873;326601
147317;478143;307943
147318;457798;226807
147319;303090;305561
147320;469800;259005
147321;450844;255664
147322;493370;334480
147323;276520;269819
147324;307122;272212
147325;469275;260929
147326;331408;248386
147327;321046;339106
147328;317893;260358
147329;494969;260479
147330;454424;246472
147331;347703;256494
147332;486954;297703
147333;377510;326296
147334;349281;295678
147335;373629;232934
147336;438878;338347
147337;316413;275518
147338;330154;299851
147339;302729;281700
147340;351252;334157
147341;344084;304740
147342;308994;264758
147343;467505;284644
147344;499833;355582
147345;456651;297052
147346;412131;283285
147347;454899;312568
147348;421817;334343
147349;364628;289117
147350;432279;328316
147351;454466;274134
147352;382424;276943
147353;451586;260162
147354;475203;296079
147355;412427;269963
147356;321058;274488
147357;498646;279353
147358;402462;301095
147359;309942;298445
147360;317454;281820
147361;459250;304964
147362;388430;238783
147363;362162;313586
147364;348213;339049
147365;401525;295230
147366;315440;302863
147367;410120;260117
147368;482589;287482
147369;371970;228884
147370;393592;310524
147371;380444;240156
147372;455191;272546
147373;465117;263684
147374;366395;259288
147375;351923;250285
147376;354368;263274
147377;385827;280829
147378;457546;289031
147379;429230;249960
147380;488050;282040
147381;472360;270581
147382;358767;300996
147383;407697;219077
147384;399782;309836
147385;445521;354032
147386;372858;320046
147387;360306;226460
147388;478383;327916
147389;427075;230524
147390;308091;307372
147391;443569;311286
147392;367565;273585
147393;446098;238315
147394;345140;266246
147395;344390;240063
147396;487679;307970
147397;485967;279389
147398;386582;304826
147399;482142;230350
147400;396251;298318
147401;317825;332346
147402;382270;223230
147403;341219;225467
147404;378224;270777
147405;304941;277901
147406;482785;257715
147407;470816;222957
147408;342465;251449
147409;342785;289418
147410;401670;338454
147411;385601;247439
147412;319557;331639
147413;422064;285294
147414;379518;274406
147415;349624;316045
147416;345101;272454
147417;341104;240179
147418;456501;327507
147419;457977;260881
147420;382262;299231
147421;403961;254610
147422;379162;289852
147423;379697;256145
147424;440369;281329
147425;369347;223019
147426;423523;344476
147427;355057;254804
147428;410415;249913
147429;341113;256099
147430;433069;311267
147431;336706;224267
147432;423671;319167
147433;374516;283173
147434;433764;259211
147435;302033;326123
147436;312029;260943
147437;360579;296630
147438;413792;254396
147439;341748;259876
147440;415183;317133
147441;337857;339792
147442;326589;293095
147443;360584;268336
147444;494120;270097
147445;484557;302063
147446;498151;332596
147447;339545;252559
147448;495619;290517
147449;311781;329497
147450;316854;321196
147451;305936;299120
147452;361049;213062
147453;348508;315368
147454;308021;225557
147455;310915;289896
147456;441661;296898
147457;477690;249533
147458;326266;282471
147459;368873;328479
147460;561756;285682
147461;477975;309493
147462;406492;318786
147463;371520;274270
147464;393594;293948
147465;478805;291069
147466;389170;239307
147467;526687;278622
147468;488652;223086
147469;514696;338565
147470;458777;322485
147471;455730;261003
147472;568464;329323
147473;412203;252519
147474;556693;312896
147475;579902;273424
147476;391116;211426
147477;543442;279313
147478;455892;239662
147479;401565;287183
147480;557852;307128
147481;361149;299787
147482;553664;275820
147483;552059;313105
147484;484896;251405
147485;543481;313887
147486;372826;291894
147487;388701;303756
147488;392669;241569
147489;554211;321790
147490;396313;296131
147491;502141;288542
147492;456633;283766
147493;364692;284404
147494;424105;285899
147495;561560;301688
147496;442474;230746
147497;473937;224449
147498;453709;299194
147499;614389;288451
147500;394408;238022
147501;541408;317130
147502;477205;240810
147503;450391;245811
147504;377458;289277
147505;460181;341564
147506;417499;317435
147507;366011;315887
147508;465902;294623
147509;395692;222286
147510;557206;333279
147511;426098;278695
147512;469807;283268
147513;481736;269103
147514;515191;215393
147515;398561;279339
147516;478253;236629
147517;563956;315229
147518;407795;263532
147519;525427;215633
147520;537086;295234
147521;565016;298954
147522;373789;313962
147523;549343;271777
147524;370132;296493
147525;483945;260495
147526;589423;288539
147527;573122;296873
147528;375088;310476
147529;553049;274719
147530;573952;305300
147531;543807;329478
147532;367780;242961
147533;552594;292455
147534;536545;295563
147535;483859;276882
147536;369624;292562
147537;433742;280157
147538;445832;321723
147539;536149;261393
147540;419502;343741
147541;531252;304063
147542;484401;251986
147543;562451;290429
147544;390886;278883
147545;561830;287907
147546;577615;257943
147547;383531;291552
147548;484564;257885
147549;485482;239111
147550;529791;320067
147551;402571;280433
147552;381542;319402
147553;403450;265201
147554;543120;261654
147555;428232;273068
147556;412043;303505
147557;403956;312055
147558;377013;282972
147559;432243;288083
147560;545505;256808
147561;400428;336462
147562;465340;243640
147563;488251;344463
147564;550075;240244
147565;462579;249655
147566;451829;242621
147567;472022;255410
147568;555349;267699
147569;369360;256654
147570;391207;230513
147571;353484;210606
147572;400318;297743
147573;458310;242643
147574;474209;308107
147575;394910;285076
147576;453729;339154
147577;468744;275053
147578;457398;226471
147579;482067;254480
147580;397925;304095
147581;505034;243962
147582;455473;324779
147583;505407;254257
147584;391018;349431
147585;396814;292189
147586;507165;310696
147587;525066;301207
147588;516120;299685
147589;466402;321244
147590;538938;298207
147591;529169;298649
147592;429926;229579
147593;537553;295755
147594;574221;279016
147595;474256;326448
147596;391586;302100
147597;412009;297954
147598;511797;265335
147599;397192;303470
147600;363495;273059
147601;480458;219998
147602;584619;286773
147603;378447;255581
147604;498279;260957
147605;470896;301846
147606;456566;258332
147607;368100;244799
147608;560462;242548
147609;414078;272463
147610;567022;228028
147611;547255;308816
147612;369597;303139
147613;441978;289839
147614;451886;311753
147615;506191;281694
147616;532558;287267
147617;467889;237677
147618;370210;294072
147619;511678;275582
147620;510990;323310
147621;484738;324189
147622;396467;268274
147623;426752;316148
147624;370866;321170
147625;582961;361309
147626;560388;305180
147627;551324;233734
147628;579821;306678
147629;585858;260410
147630;496120;282900
147631;361144;264284
147632;451584;385093
147633;447919;324465
147634;533475;269911
147635;462051;284776
147636;581035;305462
147637;357999;215859
147638;552816;298616
147639;564437;311458
147640;355022;268120
147641;580614;291949
147642;375006;308464
147643;527677;224631
147644;410382;256754
147645;429031;284103
147646;553933;251056
147647;580140;283068
147648;477572;315492
147649;439457;262654
147650;509657;294445
147651;580686;320750
147652;470116;302276
147653;422268;226394
147654;493478;249360
147655;363925;347884
147656;392973;274658
147657;443483;240649
147658;526181;282091
147659;455115;314071
147660;546357;323749
147661;425675;323567
147662;379764;329024
147663;421910;290921
147664;571145;311439
147665;448454;238302
147666;558472;257266
147667;538124;333092
147668;370966;244925
147669;473363;308572
147670;566877;271974
147671;540911;272410
147672;545244;318832
147673;417136;306062
147674;360094;291066
147675;401853;231301
147676;484468;334793
147677;524148;289485
147678;567441;313717
147679;581484;318685
147680;374999;356212
147681;465895;309439
147682;574027;337711
147683;458724;220580
147684;363824;239191
147685;354678;257620
147686;379303;231233
147687;373268;278849
147688;654981;314888
147689;399665;265175
147690;435285;297733
147691;583950;265059
147692;438323;288390
147693;499114;271228
147694;420337;313828
147695;586530;270121
147696;532026;294720
147697;521001;309910
147698;498519;255883
147699;364640;275478
147700;527111;255486
147701;475237;320487
147702;525471;256796
147703;451016;301045
147704;582580;222009
147705;461146;296067
147706;519614;255195
147707;395757;273966
147708;496400;287520
147709;474557;293757
147710;568962;299647
147711;395807;287411
147712;433591;230062
147713;479131;309206
147714;352447;241302
147715;585116;308729
147716;477786;258346
147717;453136;287068
147718;494067;316643
147719;527347;332369
147720;359373;289821
147721;418506;280218
147722;461435;284766
147723;513948;212197
147724;545722;267351
147725;573363;314531
147726;542545;299101
147727;432633;303961
147728;500184;289014
147729;459795;314673
147730;582887;278223
147731;378529;328225
147732;547815;293837
147733;530528;241740
147734;409857;268156
147735;429024;259734
147736;484903;283903
147737;471334;342338
147738;373352;268426
147739;418633;247393
147740;505107;264813
147741;357307;303245
147742;465973;257639
147743;569160;251542
147744;510802;286137
147745;552747;259779
147746;430360;282006
147747;393754;254014
147748;534600;327988
147749;510818;237066
147750;592937;243393
147751;411614;226357
147752;450724;266058
147753;473349;288872
147754;407173;280787
147755;361991;263207
147756;476040;248293
147757;431601;292089
147758;538943;286868
147759;543623;320727
147760;439607;227506
147761;367521;287615
147762;588809;292830
147763;401663;289745
147764;446145;243762
147765;559735;246708
147766;492653;339559
147767;448582;313017
147768;432390;315098
147769;580427;245703
147770;369857;203895
147771;489766;230202
147772;452139;288288
147773;431690;236712
147774;473545;254803
147775;429915;284604
147776;447716;259982
147777;414720;317607
147778;478189;291440
147779;362288;270806
147780;433950;291905
147781;371662;279979
147782;352385;317104
147783;447085;332585
147784;469411;279825
147785;545410;298935
147786;496049;265460
147787;575334;340846
147788;365411;270612
147789;423216;265503
147790;557619;343299
147791;499779;321554
147792;390606;315946
147793;398136;248779
147794;371044;296490
147795;573460;253239
147796;374458;304227
147797;445673;249384
147798;589758;303169
147799;453926;253345
147800;574005;309422
147801;405071;323493
147802;358969;262055
147803;538742;340044
147804;357339;247635
147805;446155;294365
147806;552851;257603
147807;486731;241351
147808;480413;268676
147809;581740;327506
147810;422252;229955
147811;562507;319558
147812;501555;319851
147813;509788;283035
147814;594138;278251
147815;368858;289315
147816;531665;294081
147817;477309;263936
147818;534013;264365
147819;567266;319460
147820;530390;257739
147821;494377;291103
147822;475682;294119
147823;432484;301232
147824;459119;317826
147825;485669;296699
147826;476860;317787
147827;433745;319718
147828;534088;304965
147829;404722;348719
147830;563596;240715
147831;488313;288453
147832;371318;250291
147833;524332;286993
147834;408840;285604
147835;446045;276293
147836;487186;254634
147837;454292;282030
147838;548704;339201
147839;392661;290950
147840;482542;247687
147841;377509;246174
147842;515241;214301
147843;481317;243623
147844;600973;287732
147845;539685;336264
147846;573444;291406
147847;528065;271652
147848;594413;294963
147849;607989;309652
147850;476193;265319
147851;555309;228847
147852;469834;231569
147853;400541;275389
147854;581330;254696
147855;478685;303050
147856;517368;340714
147857;531541;270484
147858;562052;213160
147859;477998;271952
147860;473186;303677
147861;486855;234459
147862;588934;270925
147863;544890;258526
147864;390401;329467
147865;412318;301989
147866;575835;241212
147867;524082;268543
147868;409735;327416
147869;580990;298757
147870;525872;241981
147871;522416;209525
147872;412352;288106
147873;377828;261957
147874;601682;289723
147875;590783;253456
147876;401248;278097
147877;440096;244890
147878;508981;240840
147879;567887;281993
147880;616857;256170
147881;499403;252994
147882;381121;253322
147883;471831;256846
147884;376303;330916
147885;461744;275529
147886;411352;270544
147887;585782;265681
147888;502856;331493
147889;425789;279428
147890;574093;267918
147891;441389;236104
147892;552019;298511
147893;375881;275558
147894;619978;307125
147895;447777;263987
147896;537933;243635
147897;457552;293290
147898;607908;272704
147899;548056;282645
147900;428612;236348
147901;543557;331046
147902;608771;266032
147903;448624;297975
147904;469220;282213
147905;434750;304554
147906;539358;214821
147907;427150;245869
147908;581795;258643
147909;418153;248794
147910;594315;231171
147911;590505;217806
147912;427379;307296
147913;461695;212691
147914;435366;297428
147915;599344;239226
147916;396490;246092
147917;460975;275271
147918;428933;233759
147919;428147;307993
147920;422399;333038
147921;379428;287817
147922;448970;251437
147923;441697;287555
147924;554482;295403
147925;385853;226068
147926;396834;256418
147927;385184;234024
147928;486798;257854
147929;547755;337716
147930;448660;250514
147931;427668;346143
147932;429270;259857
147933;455899;229308
147934;415129;324730
147935;383458;215359
147936;555606;325427
147937;500998;264480
147938;518991;241563
147939;404120;240702
147940;521524;326255
147941;490672;307002
147942;563984;295183
147943;390403;318952
147944;545254;322884
147945;604098;283361
147946;605089;299516
147947;576053;262788
147948;500515;221934
147949;528093;304091
147950;464297;273136
147951;398942;275853
147952;398594;286838
147953;435546;312249
147954;534513;278139
147955;505403;269999
147956;560081;259463
147957;434912;305850
147958;611994;260017
147959;400902;263974
147960;439505;295983
147961;548631;236158
147962;583711;266734
147963;378745;312956
147964;515490;301415
147965;573668;262371
147966;512999;326296
147967;394337;332931
147968;578264;252939
147969;427097;251328
147970;590970;276126
147971;570890;265727
147972;458015;246842
147973;572673;279105
147974;373008;313517
147975;586020;293241
147976;547849;289155
147977;578118;272964
147978;507452;282534
147979;467252;308451
147980;464544;313742
147981;403125;333138
147982;572498;282808
147983;489361;319329
147984;511072;304924
147985;533243;309674
147986;436410;245723
147987;431956;324717
147988;519919;293466
147989;585422;221776
147990;413058;331863
147991;479890;219596
147992;507330;297705
147993;392190;214007
147994;532897;275682
147995;554730;247043
147996;585902;305673
147997;520298;289574
147998;487395;269894
147999;548106;284140
148000;533510;292962
148001;628255;283984
148002;577307;300225
148003;393106;276925
148004;609775;287311
148005;419856;274126
148006;559082;287162
148007;573510;263852
148008;706574;302508
148009;570106;272992
148010;517563;244424
148011;561578;286106
148012;595670;321308
148013;467317;313072
148014;467061;298755
148015;390562;248164
148016;425325;308912
148017;439792;266794
148018;372240;308382
148019;481307;297568
148020;466437;287379
148021;524842;271230
148022;444894;333412
148023;482263;331574
148024;486052;251533
148025;388495;235819
148026;464671;297155
148027;370500;268090
148028;595588;290292
148029;411933;290677
148030;437768;260577
148031;549574;244422
148032;503518;291229
148033;414857;260051
148034;490309;277443
148035;586373;257847
148036;577873;306057
148037;514912;234335
148038;536589;359977
148039;381628;214852
148040;528256;280104
148041;590285;268235
148042;422521;226292
148043;406790;229720
148044;441399;303144
148045;616585;311146
148046;410429;316519
148047;563140;213926
148048;490412;275045
148049;422635;289140
148050;599464;229339
148051;604954;283870
148052;542260;262095
148053;410297;246901
148054;586840;272695
148055;532130;321140
148056;450933;253631
148057;450797;297847
148058;593175;241609
148059;402671;286875
148060;471406;237645
148061;453763;252490
148062;507600;249368
148063;411188;352424
148064;603748;319602
148065;433656;304749
148066;401805;313197
148067;536973;336217
148068;399907;282307
148069;533168;325469
148070;549019;296948
148071;570892;271875
148072;527557;277436
148073;503821;298147
148074;372445;292806
148075;487292;248812
148076;543264;272205
148077;458710;236666
148078;559763;250774
148079;393449;295076
148080;566442;245771
148081;592052;295571
148082;374045;330163
148083;455070;298838
148084;533163;218860
148085;519823;236687
148086;427331;244202
148087;486256;246236
148088;449401;281287
148089;495693;323239
148090;601500;265681
148091;428075;285477
148092;441436;279428
148093;595620;296660
148094;422571;323208
148095;478834;274584
148096;395316;263997
148097;406268;249838
148098;538206;264868
148099;371478;251180
148100;429972;234846
148101;610376;281132
148102;390998;251274
148103;526165;254504
148104;417393;318799
148105;543551;293085
148106;474100;265966
148107;481443;275850
148108;616316;311225
148109;381665;297477
148110;412749;361979
148111;556646;296757
148112;479735;243641
148113;380533;278304
148114;396781;282695
148115;506169;246470
148116;572343;240267
148117;562116;305300
148118;384571;281809
148119;377996;280770
148120;477833;328930
148121;491190;262856
148122;447291;234145
148123;562178;285007
148124;453809;339574
148125;437189;345992
148126;535208;287854
148127;590655;264583
148128;442800;289396
148129;402426;262072
148130;420267;338092
148131;406253;297962
148132;459389;303816
148133;419794;320834
148134;403975;256990
148135;418239;282551
148136;402990;323070
148137;400394;273605
148138;411048;308144
148139;424900;333818
148140;488058;236595
148141;498595;247393
148142;509971;263559
148143;444065;263751
148144;531578;244448
148145;539446;292277
148146;348402;294438
148147;484341;269381
148148;522600;247795
148149;428717;292268
148150;490345;272467
148151;508780;315769
148152;522899;275308
148153;497226;224113
148154;533451;269376
148155;497689;213014
148156;413962;278254
148157;370032;221514
148158;352326;278527
148159;358709;275590
148160;427831;250849
148161;498387;232359
148162;332477;253749
148163;419822;281306
148164;538918;331963
148165;379508;325416
148166;537957;293780
148167;360687;300245
148168;345928;288372
148169;385328;257494
148170;427963;317172
148171;364614;307589
148172;387508;230057
148173;338014;268901
148174;449005;258345
148175;478825;220993
148176;389993;266048
148177;357861;302135
148178;399449;231099
148179;485957;284909
148180;326084;300745
148181;380385;281365
148182;352682;258646
148183;407797;325954
148184;395912;271183
148185;527315;283930
148186;475927;237977
148187;533391;299678
148188;504184;252019
148189;532990;245176
148190;529179;235918
148191;543109;295893
148192;464826;234488
148193;327752;289068
148194;535968;255661
148195;479401;290157
148196;505148;270253
148197;373250;215785
148198;410499;250525
148199;408412;279364
148200;339844;307641
148201;467139;285443
148202;529315;254598
148203;518164;311031
148204;357125;211297
148205;472209;306725
148206;443604;267401
148207;521217;336342
148208;434783;333274
148209;424418;319532
148210;522503;278225
148211;335339;275174
148212;415725;328825
148213;367355;327190
148214;518940;316458
148215;491361;302330
148216;434377;305525
148217;479116;328055
148218;462885;217447
148219;496967;222829
148220;519372;254569
148221;451926;257503
148222;345102;258238
148223;370949;359022
148224;370872;259819
148225;443075;240224
148226;491487;319095
148227;430261;284351
148228;437639;304988
148229;408374;267438
148230;485722;282154
148231;500487;302259
148232;526649;249936
148233;517385;248850
148234;499823;310121
148235;475269;282111
148236;499650;297230
148237;496569;288144
148238;388529;335083
148239;505105;348576
148240;480980;274443
148241;490199;308547
148242;345327;319118
148243;416710;247835
148244;379858;220674
148245;374678;312308
148246;475584;279596
148247;390731;276187
148248;484726;332135
148249;512021;303166
148250;417464;254248
148251;455635;298039
148252;486290;282322
148253;499193;240014
148254;426928;331200
148255;340594;312845
148256;443156;255688
148257;491778;279534
148258;475902;246119
148259;493899;272192
148260;532252;310507
148261;395106;259766
148262;401419;328581
148263;515075;243331
148264;347754;291172
148265;330257;230069
148266;340255;326169
148267;428359;324123
148268;453674;282755
148269;408631;326136
148270;411140;259699
148271;512224;229296
148272;422053;309951
148273;517985;275055
148274;486454;340417
148275;518889;317062
148276;357397;253749
148277;485717;277154
148278;514141;262758
148279;499513;280844
148280;334905;308973
148281;431844;293709
148282;373595;342945
148283;451892;294911
148284;499759;285203
148285;466682;229212
148286;401160;236981
148287;487518;324288
148288;469433;316704
148289;387978;243274
148290;503405;251335
148291;502518;264597
148292;441293;246140
148293;410401;240004
148294;523714;233166
148295;482738;233027
148296;354364;319411
148297;454312;266118
148298;472489;280055
148299;350195;316725
148300;497173;279689
148301;506667;275361
148302;383422;284350
148303;436643;340348
148304;408779;242633
148305;517576;288071
148306;400074;270323
148307;476339;276802
148308;368090;258944
148309;506374;294993
148310;406400;275819
148311;350144;255478
148312;395724;250400
148313;332354;240850
148314;439997;331620
148315;453405;259388
148316;418155;303700
148317;441764;261290
148318;359031;245890
148319;526673;323839
148320;452100;271161
148321;390183;288580
148322;451714;274178
148323;343728;305176
148324;367786;323391
148325;462602;240368
148326;363092;256879
148327;465825;254981
148328;327909;238530
148329;464365;280495
148330;520445;271469
148331;366517;306021
148332;455346;325353
148333;339583;278198
148334;372303;235961
148335;426339;284211
148336;345677;269633
148337;496897;296446
148338;435239;312670
148339;413507;218973
148340;469396;259111
148341;360851;279433
148342;477359;307254
148343;415512;265452
148344;348862;235948
148345;519687;267648
148346;472840;325257
148347;473680;260296
148348;402381;226090
148349;530975;241221
148350;487216;260043
148351;441769;208957
148352;366142;266555
148353;368587;229245
148354;348796;340949
148355;483407;249759
148356;431709;286877
148357;474601;306199
148358;461643;280261
148359;362725;294946
148360;519479;306031
148361;383106;316420
148362;386313;268564
148363;453147;232718
148364;458095;295392
148365;396519;292645
148366;344906;257155
148367;422325;264841
148368;386848;301619
148369;390010;261248
148370;486490;256089
148371;489524;261623
148372;328005;317137
148373;467576;327897
148374;478230;293098
148375;479435;277071
148376;473963;341746
148377;485461;307508
148378;399071;321494
148379;374396;269127
148380;532533;272141
148381;527386;283872
148382;431561;240774
148383;363059;280395
148384;542624;299251
148385;426032;291285
148386;517889;284608
148387;382823;312912
148388;397166;235209
148389;527646;327920
148390;506209;283120
148391;364723;258349
148392;459609;241463
148393;364847;235052
148394;375329;289634
148395;385487;300967
148396;458832;263118
148397;528223;258496
148398;424747;314167
148399;340569;298334
148400;326781;256612
148401;425715;256127
148402;537465;217865
148403;449208;299940
148404;538112;345551
148405;379223;233216
148406;393637;326425
148407;493631;249335
148408;346204;324112
148409;400411;355001
148410;479047;210634
148411;526384;267305
148412;478699;298424
148413;538933;316334
148414;459507;312049
148415;339481;260934
148416;440936;283716
148417;370157;332990
148418;478442;309705
148419;468940;351735
148420;517678;320462
148421;356155;286523
148422;357466;317960
148423;487829;244818
148424;432021;253321
148425;524013;228509
148426;422127;352399
148427;479153;299321
148428;439293;263504
148429;483991;278441
148430;420229;215157
148431;476811;304184
148432;519169;253079
148433;470097;246917
148434;414750;291509
148435;364030;257460
148436;535355;348857
148437;478880;243892
148438;469762;231040
148439;332662;306120
148440;389978;300025
148441;337984;283355
148442;359631;295760
148443;384290;270698
148444;478878;238928
148445;514448;213659
148446;486287;318403
148447;492395;253486
148448;450547;275280
148449;470916;292279
148450;526414;283290
148451;369583;282453
148452;518976;231503
148453;500572;267108
148454;363628;288059
148455;370090;326850
148456;450548;238737
148457;331688;310959
148458;441888;301745
148459;355343;214285
148460;355476;304008
148461;373938;294293
148462;517956;272737
148463;501890;296542
148464;336706;293169
148465;391866;306424
148466;370302;238528
148467;440041;311304
148468;540351;244624
148469;454908;292426
148470;372928;310496
148471;285037;288611
148472;227806;295877
148473;257755;279629
148474;274027;280857
148475;262655;257896
148476;296069;296371
148477;305172;268174
148478;283347;278922
148479;273432;305825
148480;285755;289851
148481;285845;249432
148482;274231;259123
148483;249571;242780
148484;200029;257473
148485;225114;268026
148486;211239;216031
148487;262421;227461
148488;217139;282242
148489;228259;248797
148490;288752;329237
148491;247323;284315
148492;258067;299697
148493;238240;280214
148494;313706;281774
148495;198663;321324
148496;238658;268586
148497;294952;244568
148498;224500;288712
148499;250731;261229
148500;265736;241332
148501;289918;221512
148502;280194;263531
148503;211720;258737
148504;228777;268262
148505;212727;289574
148506;215922;233930
148507;289724;300486
148508;252590;290584
148509;240321;280877
148510;245326;350174
148511;305541;298466
148512;209356;316680
148513;205847;298259
148514;285029;278126
148515;302540;240565
148516;274469;333939
148517;302967;321132
148518;257172;268670
148519;212194;292409
148520;228882;333709
148521;218952;304199
148522;207192;244665
148523;272542;330978
148524;252959;304975
148525;317071;312280
148526;270071;265274
148527;213744;289645
148528;306886;297406
148529;258017;317536
148530;211272;292586
148531;191345;262536
148532;300903;296626
148533;198832;268105
148534;265886;223320
148535;255544;263716
148536;284289;292143
148537;214786;331381
148538;242579;246277
148539;311016;251849
148540;268920;265304
148541;193962;299513
148542;203277;234895
148543;208750;293266
148544;210359;259502
148545;208919;318117
148546;193290;249048
148547;290187;278056
148548;253274;248958
148549;299380;255155
148550;251441;285268
148551;188624;279626
148552;270686;346425
148553;256105;278908
148554;268215;272413
148555;278765;293930
148556;192615;246727
148557;222136;285971
148558;247019;318217
148559;271084;254143
148560;302518;309981
148561;281992;284306
148562;221607;325283
148563;233796;329389
148564;237437;290084
148565;301024;262674
148566;227128;282653
148567;237422;281509
148568;266830;329763
148569;224137;275135
148570;231884;277613
148571;191792;317103
148572;196414;247356
148573;269153;304262
148574;200991;251527
148575;262153;268111
148576;288283;303052
148577;266314;300942
148578;276720;325556
148579;260408;284215
148580;239384;276797
148581;234170;269170
148582;198487;225425
148583;208601;328283
148584;224903;228617
148585;291699;312134
148586;224911;360245
148587;303424;330940
148588;240140;303351
148589;292307;288946
148590;227856;252097
148591;289678;246784
148592;306006;277465
148593;219915;241935
148594;205053;233323
148595;242433;298494
148596;284117;265250
148597;266919;343410
148598;259238;218797
148599;238556;313213
148600;290183;305344
148601;298116;255755
148602;194443;341982
148603;288483;336699
148604;246257;269038
148605;273860;331902
148606;264466;238110
148607;279685;322919
148608;217534;279229
148609;244622;231981
148610;313220;219088
148611;236238;221769
148612;244571;261867
148613;192054;249914
148614;236338;274381
148615;207171;379979
148616;289864;352062
148617;243095;293529
148618;251394;252421
148619;297589;264033
148620;199136;278886
148621;237854;287286
148622;243075;264941
148623;284152;282473
148624;307165;272239
148625;221963;316389
148626;204956;231795
148627;214396;294774
148628;296558;299029
148629;259199;255573
148630;311852;263732
148631;201939;326200
148632;218917;297681
148633;238510;326237
148634;222662;267011
148635;229733;298736
148636;230552;262741
148637;295108;251021
148638;234365;248017
148639;279539;300253
148640;311227;286397
148641;300788;278014
148642;273150;311014
148643;219375;260095
148644;234391;252604
148645;317176;308728
148646;221890;229417
148647;283223;339835
148648;295715;310097
148649;233981;328577
148650;241863;283375
148651;291472;312077
148652;226805;258644
148653;255682;288553
148654;309729;216273
148655;242183;238530
148656;227925;251778
148657;211761;300842
148658;256428;289482
148659;228823;328908
148660;214282;277658
148661;225132;305525
148662;248734;288000
148663;272348;267882
148664;254761;237410
148665;240773;319706
148666;211304;244841
148667;259923;236922
148668;204371;287247
148669;264165;310271
148670;316134;245332
148671;219446;266398
148672;210408;219882
148673;306506;241499
148674;247243;288749
148675;283090;226320
148676;270001;323612
148677;312419;295541
148678;281636;258813
148679;205319;298516
148680;246123;322217
148681;198168;300575
148682;227729;232174
148683;278920;324344
148684;218961;264155
148685;249860;249000
148686;218294;261391
148687;191959;336722
148688;321827;338245
148689;284426;231458
148690;273827;247371
148691;265115;273691
148692;267942;283923
148693;272337;343741
148694;308406;255633
148695;316611;287393
148696;249658;299381
148697;259305;298024
148698;297236;249488
148699;302051;261012
148700;233767;260698
148701;231353;244565
148702;278861;232423
148703;299263;262465
148704;217806;286841
148705;218247;248983
148706;305801;236749
148707;189370;303498
148708;303076;296895
148709;295198;314889
148710;202355;267638
148711;274022;295327
148712;199460;325437
148713;271921;241730
148714;206081;328385
148715;279682;288665
148716;259441;300573
148717;311750;212374
148718;252844;229499
148719;211678;281217
148720;226770;319945
148721;211594;272130
148722;221759;320986
148723;217279;241346
148724;275356;356840
148725;266855;275560
148726;222224;312604
148727;261857;277080
148728;298692;290969
148729;243340;308726
148730;242031;222663
148731;194428;227915
148732;255285;265357
148733;305693;283211
148734;243749;296177
148735;311285;259265
148736;190945;293151
148737;284831;282093
148738;261638;273034
148739;212083;364962
148740;313390;292495
148741;302077;307518
148742;287011;355981
148743;247391;249814
148744;254596;267524
148745;232365;269536
148746;206012;321025
148747;281575;310457
148748;220674;296052
148749;237178;266936
148750;225789;290092
148751;223319;252557
148752;317941;311277
148753;193462;313109
148754;192363;250988
148755;314262;313542
148756;202854;270939
148757;213474;262219
148758;204461;260810
148759;242328;242174
148760;211075;264932
148761;271473;296825
148762;223653;276234
148763;203512;260267
148764;203731;249450
148765;220078;356121
148766;313462;341186
148767;195899;269002
148768;272545;308003
148769;196198;236612
148770;293480;237339
148771;189052;247279
148772;267189;302007
148773;193141;261611
148774;261180;277941
148775;195669;273067
148776;293003;287748
148777;242745;301609
148778;266384;317502
148779;306975;219559
148780;293072;273195
148781;194957;320709
148782;196132;307528
148783;272208;251090
148784;272862;277044
148785;283924;313068
148786;204059;313263
148787;309888;305607
148788;264367;281026
148789;284699;327102
148790;255477;288510
148791;278010;268729
148792;261798;292383
148793;267696;258270
148794;194354;306063
148795;252673;228385
148796;299949;294649
148797;228737;258113
148798;214955;319266
148799;223989;284606
148800;273692;324590
148801;212868;260855
148802;241887;346850
148803;245563;317173
148804;282324;274213
148805;246844;307306
148806;306442;261961
148807;233088;287073
148808;280838;283066
148809;305018;347134
148810;310752;293315
148811;248461;315732
148812;306159;271515
148813;235936;242941
148814;284463;304738
148815;195933;275982
148816;304827;284334
148817;218030;245150
148818;226666;253256
148819;192577;263915
148820;294943;308469
148821;314303;318456
148822;296105;250388
148823;191783;285984
148824;201094;240800
148825;236330;324110
148826;190238;252687
148827;306005;302577
148828;195529;232884
148829;235118;326023
148830;263901;256535
148831;272524;246225
148832;265903;241371
148833;284659;260895
148834;209879;230077
148835;319302;267651
148836;213409;283890
148837;208471;259043
148838;237269;250834
148839;286863;219781
148840;247589;266197
148841;227507;279411
148842;265062;260320
148843;250432;275469
148844;290650;238345
148845;261533;294420
148846;235229;297035
148847;256257;285187
148848;281770;257479
148849;309286;242094
148850;283984;259800
148851;214573;236675
148852;253280;286686
148853;230169;235422
148854;232559;278264
148855;261657;218515
148856;246207;312837
148857;315750;287904
148858;268412;271366
148859;211592;311534
148860;240784;236819
148861;223479;242414
148862;291001;317965
148863;276699;278860
148864;214605;245386
148865;316622;282132
148866;269067;224492
148867;298732;323270
148868;262084;243949
148869;243708;256954
148870;234695;288753
148871;206142;282008
148872;271504;242682
148873;299606;298432
148874;246491;248160
148875;302009;243905
148876;220379;247406
148877;215364;291895
148878;197750;286432
148879;204186;268162
148880;220554;247651
148881;247089;300349
148882;217339;225078
148883;259762;317645
148884;288536;263505
148885;292024;333021
148886;223696;292677
148887;267230;217058
148888;228260;306810
148889;199879;239228
148890;262134;269014
148891;206880;269963
148892;257202;286037
148893;276475;290690
148894;271952;305726
148895;300430;306448
148896;190994;233621
148897;318544;271587
148898;310888;255149
148899;340048;275784
148900;322751;282133
148901;262975;283672
148902;267600;230378
148903;251955;258343
148904;284127;273794
148905;299609;219809
148906;256431;311750
148907;300035;249113
148908;395765;239550
148909;357943;259860
148910;334004;242254
148911;284996;227371
148912;306952;335656
148913;413880;219293
148914;338267;325053
148915;403837;266391
148916;317735;233361
148917;288208;335986
148918;274728;235705
148919;400878;258876
148920;354517;280849
148921;384157;296704
148922;410872;249601
148923;324877;268663
148924;261957;302594
148925;306914;363698
148926;367756;262540
148927;382360;253750
148928;305274;256771
148929;281897;236776
148930;298177;236834
148931;266771;266797
148932;310282;264427
148933;277720;323538
148934;356738;282534
148935;365769;233239
148936;411590;253020
148937;341991;239326
148938;321979;318678
148939;255606;313024
148940;320578;334740
148941;358737;260616
148942;371912;317323
148943;317041;267309
148944;390670;261882
148945;293020;301360
148946;338661;335609
148947;317282;271436
148948;369866;354165
148949;310984;263159
148950;391284;324205
148951;375213;249607
148952;410601;264041
148953;417760;292704
148954;391613;233453
148955;351679;256977
148956;357079;243735
148957;291627;244243
148958;327743;301846
148959;260065;328183
148960;311324;293462
148961;242895;333903
148962;361358;331881
148963;300066;242731
148964;338089;278644
148965;331868;256158
148966;343645;257652
148967;349116;332504
148968;341776;317022
148969;404356;354350
148970;324330;270180
148971;382491;278723
148972;367407;270493
148973;266853;255114
148974;353829;252295
148975;302954;258034
148976;398171;224773
148977;260182;216905
148978;259822;267971
148979;297085;327480
148980;261127;276248
148981;340303;264270
148982;418845;269418
148983;270232;254652
148984;389951;237794
148985;296483;299062
148986;282635;321585
148987;367733;281491
148988;267447;313987
148989;375005;250560
148990;368232;353259
148991;374043;260161
148992;377274;317988
148993;357270;297031
148994;381627;255989
148995;384290;325741
148996;284198;280876
148997;280238;232251
148998;349898;232469
148999;363566;203572
149000;242112;298393
149001;285561;306387
149002;345455;251142
149003;346473;234876
149004;380849;313444
149005;286013;269427
149006;313784;243466
149007;360232;337993
149008;371980;311519
149009;346702;280286
149010;415552;289490
149011;364693;252098
149012;343892;263504
149013;252189;296289
149014;401299;262735
149015;382876;334878
149016;360196;331268
149017;321482;279961
149018;282062;278778
149019;331261;294266
149020;306004;328932
149021;315581;278646
149022;380267;271317
149023;302691;270225
149024;402171;345023
149025;261672;283992
149026;287263;339139
149027;403240;230358
149028;337874;245708
149029;280838;286297
149030;352369;253818
149031;288276;290177
149032;292995;307276
149033;373217;311650
149034;264630;247161
149035;343985;329236
149036;336685;303771
149037;374557;339576
149038;284680;288246
149039;389255;230882
149040;398153;275726
149041;331611;322824
149042;280631;320524
149043;383070;222203
149044;404130;262607
149045;373465;268666
149046;316593;227065
149047;390839;268943
149048;353142;256116
149049;345878;277416
149050;258690;310919
149051;394727;273666
149052;393214;214174
149053;351269;307975
149054;367641;232930
149055;260807;249846
149056;407356;248305
149057;387047;335445
149058;363483;290137
149059;374306;304177
149060;275272;305312
149061;341970;260373
149062;283503;308682
149063;282574;254377
149064;272826;305844
149065;255502;305819
149066;412711;270642
149067;325216;298978
149068;328509;293565
149069;366088;299766
149070;349298;315081
149071;279562;268900
149072;338576;287819
149073;343945;214331
149074;372270;281054
149075;401036;324179
149076;354672;271397
149077;381209;320994
149078;404563;307502
149079;254649;301159
149080;291445;247774
149081;342714;274896
149082;413469;313040
149083;357618;270449
149084;416902;331627
149085;404488;241700
149086;415999;285814
149087;343620;321956
149088;373792;317768
149089;334292;280263
149090;373817;284775
149091;318350;281269
149092;292777;291093
149093;414938;233694
149094;288207;276054
149095;314572;298006
149096;338396;272115
149097;313786;299098
149098;387831;241433
149099;322920;306772
149100;298937;264374
149101;393471;240843
149102;362229;237938
149103;337134;267347
149104;353937;270762
149105;274705;275806
149106;309379;288159
149107;258479;348740
149108;376060;322603
149109;290105;309153
149110;401923;302905
149111;334845;279115
149112;265582;216412
149113;282411;251590
149114;264025;338651
149115;289373;302951
149116;413606;288771
149117;362560;275382
149118;288529;334571
149119;376876;255507
149120;370530;303096
149121;334600;249973
149122;389092;249764
149123;356842;288595
149124;348272;292131
149125;263639;295596
149126;403448;294771
149127;330509;262698
149128;398237;327955
149129;322161;246088
149130;343257;306785
149131;418405;286461
149132;342157;280815
149133;332715;268402
149134;366833;318384
149135;345564;256315
149136;255389;237576
149137;282510;213164
149138;266590;346394
149139;306934;327766
149140;366693;234615
149141;324413;253002
149142;316628;326145
149143;408432;318805
149144;384477;321985
149145;378591;300960
149146;291732;261222
149147;357343;253609
149148;363385;226949
149149;384947;258123
149150;270679;242307
149151;360669;279183
149152;416840;267186
149153;375581;268802
149154;398592;320361
149155;252717;314400
149156;256908;290210
149157;256299;221069
149158;257702;260579
149159;274285;335479
149160;315296;273914
149161;257230;294560
149162;382302;259319
149163;274759;254504
149164;283927;321609
149165;322733;229191
149166;397125;300218
149167;347493;303269
149168;309003;262286
149169;266241;308250
149170;376555;303335
149171;291687;315873
149172;285559;227411
149173;354697;259172
149174;349768;290593
149175;320276;328705
149176;283044;322865
149177;315474;256104
149178;413002;287032
149179;366653;232841
149180;366364;317278
149181;363225;263833
149182;390330;278356
149183;286207;258454
149184;366549;285075
149185;351801;260893
149186;404148;347332
149187;343022;310907
149188;373505;234049
149189;332541;237927
149190;307602;216348
149191;336638;286173
149192;276401;302994
149193;317130;311670
149194;294288;263357
149195;404463;254452
149196;405094;300336
149197;332992;257967
149198;428822;320880
149199;387787;286944
149200;304929;320837
149201;416895;281455
149202;269637;237543
149203;346922;324628
149204;300934;230251
149205;316669;325082
149206;285310;341938
149207;318663;261446
149208;357352;287333
149209;293456;309022
149210;291158;309151
149211;283762;323108
149212;258978;334092
149213;276873;341037
149214;261417;302752
149215;264912;234941
149216;284916;275994
149217;325547;271289
149218;377904;272627
149219;262427;306290
149220;322140;290518
149221;416726;260820
149222;299148;305382
149223;393335;268641
149224;365625;303706
149225;333457;256563
149226;282379;275292
149227;297898;292585
149228;254209;303205
149229;265551;296119
149230;297585;253169
149231;362764;311062
149232;335814;260942
149233;305105;307522
149234;258925;300429
149235;327040;284284
149236;293253;330896
149237;382456;348932
149238;405626;231950
149239;331918;261306
149240;399905;240625
149241;284779;297782
149242;261022;247144
149243;288693;251489
149244;285827;340615
149245;282420;227682
149246;306373;280667
149247;288861;284585
149248;335958;285378
149249;281606;273793
149250;310069;281407
149251;408160;269815
149252;269798;320107
149253;334075;242576
149254;403748;291896
149255;297203;279118
149256;296154;290314
149257;306662;240381
149258;269823;285697
149259;289129;273208
149260;270174;253790
149261;354167;218773
149262;351994;279836
149263;363232;272173
149264;320383;307688
149265;309108;306255
149266;377483;274970
149267;415596;229868
149268;336348;296172
149269;368446;240098
149270;275619;230539
149271;346692;298847
149272;392739;282904
149273;390932;233294
149274;388261;327449
149275;408246;319557
149276;397262;283707
149277;378200;280778
149278;313177;280299
149279;318179;294806
149280;282717;267649
149281;252639;315028
149282;345931;274425
149283;406642;302708
149284;321805;264342
149285;356639;275845
149286;399400;295897
149287;365146;299065
149288;412144;334980
149289;370564;234078
149290;377306;272584
149291;315224;293951
149292;418085;315159
149293;343336;297217
149294;392487;269247
149295;294668;296829
149296;410751;332821
149297;269192;228382
149298;377911;303300
149299;292984;298588
149300;389870;255784
149301;368457;323445
149302;413685;341224
149303;354004;216660
149304;310544;283778
149305;266887;277794
149306;406675;297845
149307;417144;249056
149308;350062;231749
149309;284566;257024
149310;388868;231232
149311;319856;259449
149312;289141;321374
149313;261181;271087
149314;257504;305376
149315;282382;253671
149316;302741;328042
149317;221306;259938
149318;275423;213100
149319;274073;255379
149320;318788;269529
149321;261816;300666
149322;265348;334162
149323;291958;265197
149324;294062;291405
149325;335453;295903
149326;282524;262087
149327;244641;237686
149328;243546;346120
149329;312816;276355
149330;245987;334055
149331;238907;296112
149332;300970;306509
149333;216850;297634
149334;303148;245700
149335;212091;325927
149336;220276;302273
149337;315752;326312
149338;239863;307931
149339;304823;242289
149340;290342;256253
149341;304095;242959
149342;234243;247788
149343;262359;210096
149344;219773;254505
149345;236386;257222
149346;266758;297650
149347;311814;299199
149348;309263;228077
149349;278630;320969
149350;238194;313471
149351;219557;320294
149352;305840;340499
149353;249084;276882
149354;211971;314644
149355;335908;275293
149356;301659;267214
149357;288738;276718
149358;293864;272771
149359;264046;245397
149360;327620;274759
149361;276764;232311
149362;302851;255904
149363;228641;261735
149364;301441;268880
149365;333236;286599
149366;334477;252893
149367;262854;256598
149368;258143;303771
149369;224368;235876
149370;307883;335355
149371;228849;243626
149372;289672;241156
149373;314388;324571
149374;335354;277793
149375;336430;301333
149376;255650;314417
149377;325447;308573
149378;294985;237473
149379;301068;238545
149380;241053;277460
149381;287463;269047
149382;320779;340291
149383;237004;249149
149384;260878;228420
149385;216571;329214
149386;281260;296862
149387;269278;301995
149388;208218;266098
149389;209317;314479
149390;248499;268350
149391;282044;332896
149392;247980;342825
149393;291679;267286
149394;236981;266758
149395;293346;301019
149396;300196;295724
149397;294859;345890
149398;283352;281876
149399;228264;304023
149400;227039;292041
149401;290079;245185
149402;264161;308562
149403;217999;266944
149404;235589;253529
149405;299169;303209
149406;221833;263997
149407;341051;276034
149408;280218;250451
149409;264876;252094
149410;312640;312760
149411;281434;321999
149412;334464;238509
149413;295806;340692
149414;248555;283016
149415;307267;277670
149416;269785;327846
149417;340709;239964
149418;236827;284834
149419;294727;245402
149420;328918;283614
149421;258617;304555
149422;237654;351171
149423;283892;253131
149424;302847;272782
149425;313281;270100
149426;253301;273368
149427;307215;299113
149428;287669;253947
149429;291715;304735
149430;189844;271244
149431;290985;327861
149432;206384;253688
149433;259045;319212
149434;223662;226042
149435;241145;309487
149436;326833;309240
149437;298397;270528
149438;228410;299956
149439;287448;275588
149440;234753;280079
149441;303115;292134
149442;249772;264724
149443;310745;299657
149444;256021;316228
149445;249046;268311
149446;269028;230090
149447;300296;237092
149448;308867;292196
149449;253309;269146
149450;292215;254568
149451;313436;298634
149452;218228;296513
149453;275212;317345
149454;251864;269709
149455;287276;262467
149456;211398;260141
149457;231136;302686
149458;229886;280044
149459;225377;248995
149460;267398;285934
149461;325067;277879
149462;317108;273508
149463;269316;245229
149464;321312;271582
149465;241930;254577
149466;225668;295711
149467;226325;264110
149468;342416;297745
149469;234990;330422
149470;322511;262704
149471;207241;285200
149472;235142;289623
149473;257468;314391
149474;214785;275583
149475;242248;328896
149476;260540;247815
149477;209616;323289
149478;299650;282085
149479;341769;322011
149480;308630;279691
149481;262752;299365
149482;246020;243638
149483;266383;240793
149484;278299;262022
149485;327659;286156
149486;213352;273393
149487;307726;266235
149488;285560;289784
149489;318421;335453
149490;300317;274663
149491;312313;257669
149492;336011;317731
149493;244738;335044
149494;248153;257331
149495;279612;332390
149496;320704;279037
149497;277218;291789
149498;299065;259365
149499;279881;251656
149500;294251;306273
149501;237043;244937
149502;334476;268433
149503;308806;226969
149504;276203;219272
149505;247249;267541
149506;228695;283144
149507;279661;295525
149508;230572;238777
149509;213477;283897
149510;282287;221787
149511;263146;226487
149512;285583;287521
149513;216890;271757
149514;209308;328648
149515;273959;332383
149516;302852;271513
149517;282005;253713
149518;315389;258585
149519;234066;261609
149520;273378;332055
149521;250513;326690
149522;255070;249420
149523;294111;271961
149524;325498;228566
149525;293654;295500
149526;333891;287620
149527;226065;289022
149528;232260;318395
149529;242726;267371
149530;217318;336274
149531;338258;255786
149532;307210;333420
149533;283037;288515
149534;281155;295530
149535;294910;351442
149536;219753;281872
149537;274177;309722
149538;340263;312049
149539;254409;226851
149540;263046;280229
149541;322544;337314
149542;273387;260536
149543;332342;263947
149544;289554;296222
149545;254954;299185
149546;203044;257953
149547;326729;242559
149548;299898;286230
149549;279585;283959
149550;297339;230103
149551;257652;322347
149552;299670;241159
149553;212913;338831
149554;250061;235612
149555;232188;259097
149556;220661;255675
149557;335532;217463
149558;328669;274811
149559;280828;294606
149560;301892;246237
149561;293493;287975
149562;267549;330844
149563;331963;328355
149564;343185;295791
149565;253082;290651
149566;329925;275667
149567;312976;280337
149568;212848;328918
149569;333722;353847
149570;288990;281050
149571;314273;324699
149572;316534;327768
149573;303846;282761
149574;337246;293980
149575;240221;273136
149576;321573;342811
149577;217585;253520
149578;212679;255739
149579;230004;290815
149580;300850;213385
149581;289806;361798
149582;243939;316474
149583;250433;274923
149584;242863;266959
149585;320151;249904
149586;339200;314316
149587;230764;282405
149588;220001;256590
149589;305879;270593
149590;323110;278538
149591;314397;255989
149592;207633;228624
149593;247833;300054
149594;289606;298589
149595;332263;234568
149596;241948;315709
149597;235033;245156
149598;208368;309846
149599;271513;285000
149600;259563;318783
149601;225541;239986
149602;277252;234441
149603;296284;274507
149604;295052;271891
149605;322372;248108
149606;303212;256085
149607;328077;300226
149608;265470;243422
149609;321014;271952
149610;212595;241966
149611;318613;251607
149612;305076;216252
149613;289344;320381
149614;220806;242106
149615;245943;292326
149616;264424;292491
149617;285731;292629
149618;290592;313401
149619;248165;286635
149620;301431;249522
149621;224606;303314
149622;211017;250244
149623;250599;263979
149624;267913;253101
149625;289726;260274
149626;279554;276029
149627;299947;277275
149628;325721;296657
149629;337090;314185
149630;332218;285464
149631;304485;244729
149632;336735;280610
149633;280740;286961
149634;206207;257520
149635;265341;238717
149636;240617;275875
149637;219634;237762
149638;280446;246924
149639;288013;271263
149640;319950;305515
149641;245614;234999
149642;278002;305596
149643;269897;258624
149644;310537;335844
149645;321378;291480
149646;250176;273335
149647;270445;261723
149648;221725;277930
149649;314666;249491
149650;275006;265040
149651;242406;232224
149652;215812;337795
149653;332453;251140
149654;224458;314932
149655;295047;306833
149656;282166;246793
149657;324437;287827
149658;317606;261082
149659;300316;285858
149660;270990;268290
149661;280374;321986
149662;225948;272735
149663;206185;334635
149664;274039;306907
149665;217588;236147
149666;286831;216019
149667;333264;280728
149668;270482;273673
149669;269984;328965
149670;250187;266256
149671;280180;287747
149672;231870;293110
149673;304974;332934
149674;302288;289429
149675;214492;219263
149676;245868;300437
149677;214155;244015
149678;215235;224403
149679;292601;238264
149680;277514;260144
149681;234022;249213
149682;322352;293027
149683;258604;228977
149684;286681;324566
149685;336801;287101
149686;222457;303899
149687;240564;286883
149688;252377;289689
149689;292592;266895
149690;213126;251734
149691;311696;301631
149692;290677;217784
149693;235108;250516
149694;209188;335252
149695;331441;326465
149696;259106;276457
149697;266938;307372
149698;327514;302691
149699;241232;313528
149700;293741;290223
149701;262809;336379
149702;247831;259313
149703;282478;250542
149704;318642;309275
149705;219840;307679
149706;274648;261247
149707;304314;252778
149708;283214;278608
149709;329742;289111
149710;223360;239162
149711;243979;240957
149712;334271;317408
149713;292080;252534
149714;216511;304110
149715;320129;300853
149716;307977;248852
149717;315564;264986
149718;287972;297232
149719;251637;306682
149720;342444;301431
149721;379002;259932
149722;481033;242200
149723;523428;235525
149724;497261;260735
149725;428068;270454
149726;481163;222220
149727;431575;305064
149728;404623;263495
149729;392221;257756
149730;417673;341836
149731;471911;314312
149732;440330;277046
149733;399380;253705
149734;400593;259896
149735;386725;297689
149736;341548;263202
149737;454622;305327
149738;509217;300916
149739;405293;300235
149740;444939;245716
149741;375124;332025
149742;393202;290847
149743;431845;250643
149744;427706;253344
149745;489582;326966
149746;469183;316935
149747;411027;253265
149748;391482;236952
149749;396837;220824
149750;463733;283948
149751;346041;288135
149752;441974;312742
149753;475552;325841
149754;399114;280350
149755;430190;252908
149756;430176;275074
149757;338274;247962
149758;387289;260146
149759;439084;257405
149760;373973;298569
149761;359868;221558
149762;321922;336720
149763;345888;281714
149764;524141;305689
149765;455747;323715
149766;505890;314164
149767;459837;307616
149768;441025;307964
149769;339469;254745
149770;501575;308259
149771;426769;225078
149772;451415;275461
149773;414082;250636
149774;384601;245484
149775;494583;304433
149776;525275;301305
149777;407329;280680
149778;508733;282399
149779;404488;240888
149780;371711;313744
149781;332300;288369
149782;470210;323771
149783;508860;281084
149784;523097;261269
149785;494925;241004
149786;475788;306210
149787;515795;248375
149788;335294;303206
149789;373806;253827
149790;390385;302777
149791;504273;289839
149792;499088;329369
149793;388190;230724
149794;364914;279454
149795;446983;284349
149796;360073;230765
149797;446173;317415
149798;349706;282059
149799;325170;276693
149800;422062;218884
149801;424356;250674
149802;319830;276275
149803;339661;232721
149804;501351;277972
149805;480227;280926
149806;362220;215554
149807;520369;254338
149808;426028;244340
149809;399255;318156
149810;432599;297418
149811;332443;254348
149812;503831;310062
149813;341023;287692
149814;341288;298329
149815;446377;247738
149816;334524;268926
149817;526185;243006
149818;407348;222488
149819;329604;277891
149820;462412;282200
149821;478096;312716
149822;483366;304766
149823;520592;271178
149824;455636;327077
149825;463959;342634
149826;443256;335824
149827;375307;335671
149828;317360;242096
149829;519808;327573
149830;421404;332914
149831;478698;235512
149832;468247;350630
149833;410614;311734
149834;470949;284229
149835;389694;315719
149836;454814;316218
149837;321101;252084
149838;390473;229458
149839;355043;296553
149840;429665;316184
149841;373655;303812
149842;457131;219113
149843;526766;312767
149844;461651;267719
149845;357916;284652
149846;450791;261498
149847;501978;325937
149848;508428;297137
149849;439296;294909
149850;333771;278805
149851;473102;295179
149852;473800;259844
149853;498386;349076
149854;388523;341060
149855;432807;238695
149856;426862;246924
149857;341993;285417
149858;353928;323426
149859;391592;261972
149860;522581;272103
149861;344830;271404
149862;536478;256118
149863;458868;253464
149864;356280;252421
149865;402229;316421
149866;358311;266742
149867;355999;282788
149868;394467;252447
149869;324246;299029
149870;451393;298846
149871;356435;332431
149872;406423;274730
149873;351901;291692
149874;525962;305856
149875;437291;313338
149876;369851;296412
149877;422773;268091
149878;454638;320436
149879;403952;327351
149880;342923;249424
149881;329191;298350
149882;325105;304105
149883;486583;321587
149884;518460;285558
149885;478364;272936
149886;408962;299916
149887;454132;261647
149888;345832;267933
149889;466301;231678
149890;472277;289188
149891;379165;253942
149892;382859;261459
149893;366831;294896
149894;420066;339130
149895;355829;269952
149896;481452;256824
149897;413563;273137
149898;463175;296454
149899;370627;305282
149900;502677;336700
149901;365202;303314
149902;512080;294896
149903;442959;252523
149904;355752;257249
149905;377842;270255
149906;474330;272764
149907;405534;225205
149908;483190;255200
149909;442370;287854
149910;378662;203145
149911;447713;291166
149912;350761;248253
149913;458130;290124
149914;605678;283560
149915;395648;236428
149916;349699;345802
149917;447665;298097
149918;375013;268219
149919;368211;288882
149920;400764;258004
149921;416668;266927
149922;445079;261846
149923;358619;268480
149924;368840;287195
149925;422473;295798
149926;482067;272602
149927;494481;282705
149928;527851;242511
149929;336726;312328
149930;410193;273927
149931;433149;242211
149932;396706;276906
149933;521118;236108
149934;335767;313119
149935;529727;283991
149936;446130;267503
149937;372173;289815
149938;413602;295025
149939;341010;229520
149940;334663;288888
149941;419621;299191
149942;336856;274451
149943;429301;309680
149944;482407;294396
149945;437718;260935
149946;334946;302098
149947;492734;276637
149948;462499;265443
149949;350447;305511
149950;497341;296428
149951;331647;233645
149952;404076;212010
149953;510793;320387
149954;389449;248854
149955;511224;317853
149956;468444;260621
149957;454983;261191
149958;521288;310477
149959;330106;278795
149960;448214;322947
149961;463070;318554
149962;482904;284458
149963;506869;270837
149964;421808;328305
149965;418786;290681
149966;385819;314045
149967;359016;285114
149968;383357;272152
149969;441914;277170
149970;370248;291045
149971;454713;276525
149972;480791;295419
149973;350918;304120
149974;425875;309043
149975;454047;259476
149976;383583;262974
149977;522526;266849
149978;393218;311464
149979;525323;288348
149980;495097;291627
149981;487577;301659
149982;362453;299989
149983;526814;266415
149984;318003;278331
149985;357847;348634
149986;386241;249730
149987;385216;209073
149988;365624;292209
149989;411333;254137
149990;495544;232381
149991;480626;237764
149992;327978;276752
149993;338463;285817
149994;415808;245416
149995;393980;339922
149996;376595;302031
149997;331139;254802
149998;403096;267833
149999;388114;263512
150000;525042;279921
150001;397183;268939
150002;517558;255939
150003;501693;253044
150004;323487;264487
150005;393638;284600
150006;370153;323862
150007;456177;294195
150008;475756;292676
150009;351194;353535
150010;396342;288326
150011;424585;315410
150012;395549;298714
150013;354686;236822
150014;407840;249692
150015;506661;283527
150016;478773;309206
150017;352087;301034
150018;364255;271153
150019;571838;296766
150020;418534;298026
150021;345202;310897
150022;381830;329839
150023;378302;274075
150024;478179;291669
150025;429142;297836
150026;446315;271041
150027;394092;298177
150028;427127;220429
150029;508828;284213
150030;357626;250707
150031;343789;326524
150032;519745;239446
150033;368101;287041
150034;343455;295297
150035;449183;279554
150036;512060;292880
150037;342003;325188
150038;509859;278066
150039;395336;334747
150040;348412;282721
150041;508309;258907
150042;417013;279545
150043;530072;245199
150044;502856;316052
150045;436134;324354
150046;357627;232836
150047;487007;335298
150048;362229;346769
150049;423002;314683
150050;317355;365975
150051;393796;301378
150052;411624;298427
150053;418209;230820
150054;402568;248490
150055;319890;303427
150056;218425;243719
150057;253533;242827
150058;234229;250717
150059;225100;300734
150060;204091;336089
150061;215871;261136
150062;232513;298536
150063;269094;261757
150064;173175;255060
150065;232540;311983
150066;238373;283144
150067;259740;214401
150068;175871;274469
150069;209863;253925
150070;243217;238128
150071;252246;300746
150072;260678;309283
150073;238517;297601
150074;177181;296285
150075;169315;329021
150076;268331;270523
150077;232844;246552
150078;255513;237907
150079;252612;232634
150080;233400;288177
150081;225335;264508
150082;197290;280432
150083;258792;270236
150084;262685;225948
150085;207669;296995
150086;218933;338125
150087;165963;298125
150088;264157;300273
150089;203841;234805
150090;184112;306994
150091;176536;294116
150092;238307;267706
150093;258606;239686
150094;180384;306597
150095;260191;255927
150096;172190;242035
150097;167007;278178
150098;240927;320742
150099;262681;249043
150100;263748;316547
150101;269954;248673
150102;212706;275051
150103;170550;314280
150104;246146;267776
150105;166163;239449
150106;168507;201479
150107;270427;328728
150108;184362;280028
150109;262296;316939
150110;174845;257647
150111;191950;259064
150112;222882;298394
150113;199967;276053
150114;264311;277322
150115;235233;280656
150116;183907;284215
150117;243979;261011
150118;199481;307361
150119;222567;292219
150120;167699;229535
150121;221891;296577
150122;198396;263366
150123;261714;357827
150124;268282;330426
150125;244700;298873
150126;237602;251787
150127;163531;298758
150128;178973;258283
150129;249805;224158
150130;225463;334842
150131;234528;337139
150132;178659;301361
150133;176844;284501
150134;252296;261644
150135;204909;243348
150136;165876;333935
150137;204161;257323
150138;204804;297806
150139;248109;301737
150140;182389;308774
150141;184178;287726
150142;249317;286354
150143;175737;309321
150144;183308;279804
150145;199104;247493
150146;260082;264823
150147;235521;255867
150148;242697;239959
150149;202092;262265
150150;269544;279039
150151;194782;360285
150152;267980;227865
150153;167147;239925
150154;228262;295133
150155;165028;306557
150156;166228;298123
150157;177541;288816
150158;238978;233873
150159;169808;325773
150160;171105;301789
150161;193066;284212
150162;249421;303639
150163;231608;245073
150164;243687;289549
150165;247268;314580
150166;221677;306162
150167;208725;235402
150168;202098;263827
150169;210236;231605
150170;233722;315178
150171;192826;298588
150172;204387;277368
150173;247827;281955
150174;214813;240802
150175;253575;237574
150176;194822;310666
150177;240222;264134
150178;178883;289515
150179;218947;258345
150180;206486;305914
150181;168484;223967
150182;184095;311065
150183;230097;283930
150184;202539;312590
150185;242591;320169
150186;203518;268899
150187;186019;278311
150188;169175;236757
150189;213976;308020
150190;227649;310670
150191;232456;280745
150192;219132;257830
150193;164422;286560
150194;176928;219924
150195;235344;241000
150196;190843;241409
150197;186555;252590
150198;189213;254633
150199;185993;325441
150200;189799;314273
150201;171549;287593
150202;240491;248845
150203;175532;288832
150204;251990;264793
150205;222504;252306
150206;261468;269292
150207;230189;266709
150208;227288;300814
150209;248936;244962
150210;197572;304720
150211;172421;320393
150212;199709;295857
150213;167928;230215
150214;257239;285601
150215;186123;257466
150216;244103;281944
150217;228664;313506
150218;213250;284166
150219;213971;289033
150220;271912;297589
150221;197111;311034
150222;211918;317765
150223;174481;245165
150224;167732;260196
150225;249658;296897
150226;241442;298269
150227;168685;235318
150228;169361;302026
150229;254993;221618
150230;261288;331814
150231;237278;300589
150232;224798;312701
150233;216266;260486
150234;254752;307511
150235;251331;294375
150236;176346;334790
150237;269031;282591
150238;230004;280773
150239;252358;330357
150240;173079;228236
150241;164665;298636
150242;192942;236864
150243;199119;230652
150244;225494;277790
150245;238346;222762
150246;252687;275231
150247;242991;296117
150248;252807;293916
150249;271132;304528
150250;221050;307410
150251;243749;273159
150252;195674;296782
150253;244986;252640
150254;153055;302409
150255;231771;275453
150256;251541;270429
150257;236245;312344
150258;219093;241278
150259;243673;219569
150260;247962;277760
150261;235111;283152
150262;263281;260536
150263;234679;290081
150264;175691;295803
150265;224963;346961
150266;168082;325295
150267;188599;273104
150268;222867;304540
150269;233982;299537
150270;260936;250872
150271;263022;317145
150272;271351;356208
150273;205483;274835
150274;233807;323172
150275;199447;324480
150276;246337;307894
150277;175373;306156
150278;165989;351078
150279;165064;230860
150280;211675;327781
150281;256144;284032
150282;244791;309286
150283;199396;356147
150284;193219;286465
150285;253728;324446
150286;228587;253602
150287;215288;218378
150288;258604;324604
150289;192445;287798
150290;255828;252089
150291;234016;284497
150292;164102;318127
150293;185377;257442
150294;180778;249090
150295;167675;283119
150296;204470;221286
150297;209163;302080
150298;185661;300932
150299;181565;296518
150300;252758;329840
150301;258433;264387
150302;199928;260297
150303;188151;304045
150304;180637;273224
150305;205112;295436
150306;201567;283051
150307;241975;288008
150308;241551;228704
150309;186712;277606
150310;195761;232947
150311;224995;314337
150312;238712;286496
150313;271250;305172
150314;202400;333945
150315;203298;243328
150316;267696;335306
150317;187268;262400
150318;232409;282604
150319;179229;264077
150320;233734;239038
150321;247135;304397
150322;233357;318096
150323;218946;307302
150324;267898;338227
150325;209249;322904
150326;250018;226148
150327;215285;304889
150328;251324;338630
150329;208835;278046
150330;185666;271419
150331;236772;260036
150332;222249;245834
150333;198926;243033
150334;237061;249576
150335;262314;282067
150336;266710;305779
150337;268828;345674
150338;209644;272587
150339;214426;302448
150340;233520;259975
150341;174188;304864
150342;199573;219804
150343;234435;336876
150344;168731;285845
150345;257131;307696
150346;215139;224247
150347;234268;222384
150348;219305;287626
150349;166515;278347
150350;233214;272995
150351;243968;350222
150352;225180;312639
150353;173481;315923
150354;192313;305190
150355;165757;255479
150356;176179;279353
150357;233606;314414
150358;247020;238433
150359;255302;289962
150360;251642;296289
150361;216999;255412
150362;183356;318585
150363;178728;275905
150364;222715;281584
150365;253491;323277
150366;202142;307036
150367;232538;251809
150368;268586;323712
150369;191230;292392
150370;228511;315099
150371;165199;232443
150372;174788;291551
150373;246382;289814
150374;199123;265331
150375;188465;306413
150376;259422;293793
150377;257227;353368
150378;247329;229589
150379;177919;305872
150380;263353;326916
150381;183807;289095
150382;167136;292475
150383;231308;294035
150384;206948;281657
150385;198894;269117
150386;263966;356434
150387;225666;245374
150388;192760;265805
150389;261909;314367
150390;166018;271920
150391;163083;306426
150392;231406;240812
150393;174064;275950
150394;236878;256463
150395;264585;320372
150396;258602;248781
150397;259250;270409
150398;245113;260005
150399;205682;229120
150400;263960;274641
150401;239083;301697
150402;219781;235687
150403;254832;246423
150404;166280;303780
150405;265596;221281
150406;183694;315468
150407;208846;260698
150408;190495;262431
150409;225261;242620
150410;234464;297720
150411;217405;245267
150412;211320;276417
150413;169912;325662
150414;253943;314687
150415;264170;220814
150416;234172;279418
150417;243096;330001
150418;186118;311725
150419;227538;327043
150420;198199;268361
150421;258070;234717
150422;187266;261552
150423;240082;292942
150424;218765;263452
150425;166470;265408
150426;198489;310538
150427;237270;302275
150428;194713;301190
150429;246175;215611
150430;218210;287310
150431;261014;324794
150432;223321;265006
150433;241133;247084
150434;208897;316152
150435;240922;319502
150436;218112;275068
150437;204294;247028
150438;206214;306402
150439;191090;277224
150440;170749;297020
150441;166998;243459
150442;287815;334135
150443;301201;301998
150444;323858;297519
150445;290201;260152
150446;413863;269460
150447;298970;310157
150448;363574;310786
150449;325345;323465
150450;318688;288100
150451;352195;239301
150452;267536;300219
150453;320770;270321
150454;286514;273660
150455;374607;289461
150456;401719;264954
150457;396156;237277
150458;380957;244998
150459;437198;299883
150460;389252;267043
150461;384555;265860
150462;397789;330706
150463;400411;288061
150464;352500;274349
150465;336201;241376
150466;257415;296389
150467;429830;306124
150468;267295;328296
150469;294230;236015
150470;406934;233614
150471;362633;287811
150472;353777;294357
150473;362082;305810
150474;315539;321435
150475;407724;249541
150476;393161;236753
150477;307329;325320
150478;276253;306870
150479;391700;254992
150480;317317;285758
150481;308687;254170
150482;265845;313116
150483;330755;313954
150484;281643;315514
150485;294824;259976
150486;293997;292765
150487;268217;313147
150488;306453;265913
150489;424454;310388
150490;414713;318158
150491;319863;242968
150492;412380;215989
150493;301239;280751
150494;284197;220596
150495;401519;249786
150496;391042;241296
150497;308391;254250
150498;323678;287743
150499;269454;315632
150500;396967;268561
150501;406684;280023
150502;354866;272389
150503;428274;299223
150504;382934;300795
150505;339602;247721
150506;357883;225571
150507;290755;241557
150508;299351;267879
150509;264959;278638
150510;409320;278668
150511;395271;324312
150512;404079;229413
150513;362357;253423
150514;426270;291757
150515;424164;257384
150516;359409;283178
150517;437769;269620
150518;336297;304280
150519;293356;236127
150520;382632;284089
150521;368779;308210
150522;437330;306821
150523;364739;262265
150524;345943;295776
150525;354166;259739
150526;333460;249113
150527;331979;265502
150528;371201;329347
150529;304122;255714
150530;418627;280126
150531;347126;255222
150532;286327;269027
150533;375723;292497
150534;281804;260671
150535;386849;332651
150536;369924;277004
150537;293567;281154
150538;279389;252893
150539;374394;336579
150540;343411;292120
150541;286260;230484
150542;274481;233541
150543;300322;248537
150544;391621;274296
150545;385778;282600
150546;368743;250536
150547;367182;242907
150548;425756;302307
150549;428762;322706
150550;311738;230900
150551;305478;265907
150552;307138;234582
150553;285826;318095
150554;296313;273362
150555;337773;273878
150556;266534;244284
150557;321707;237486
150558;400150;291490
150559;415672;246645
150560;419153;255222
150561;298841;326082
150562;270828;216005
150563;274241;310251
150564;294730;280196
150565;403338;240574
150566;363547;310942
150567;353082;310804
150568;356562;275132
150569;367549;288987
150570;298439;273334
150571;353951;275796
150572;360304;256846
150573;312398;275293
150574;328115;321188
150575;420772;280918
150576;320796;256410
150577;352522;299315
150578;300237;295921
150579;332387;248871
150580;391046;301619
150581;290057;299275
150582;423639;262623
150583;327583;266767
150584;426258;260057
150585;373287;324730
150586;380783;234569
150587;345692;298159
150588;421875;229230
150589;276792;316504
150590;312507;280398
150591;399621;277051
150592;347500;238803
150593;383608;281331
150594;279699;273613
150595;379377;345508
150596;275088;212510
150597;294808;299133
150598;309596;333628
150599;327983;303000
150600;286464;272081
150601;273528;321560
150602;375296;315083
150603;313925;251068
150604;439153;317902
150605;422994;250660
150606;285913;262216
150607;440683;298983
150608;388475;249401
150609;286630;237741
150610;342220;289416
150611;386852;298330
150612;398794;326947
150613;315989;286941
150614;268907;281084
150615;355538;241143
150616;378762;249042
150617;358965;258200
150618;360326;305426
150619;308859;264153
150620;289800;312400
150621;419830;287859
150622;300578;347297
150623;422989;266044
150624;374257;334365
150625;405639;233925
150626;271522;305339
150627;291373;268039
150628;365382;279364
150629;404175;325167
150630;376570;311668
150631;290263;241853
150632;373458;330073
150633;302878;268888
150634;412064;276293
150635;389601;313302
150636;328364;270076
150637;284235;332089
150638;422200;271267
150639;391548;302279
150640;312775;217519
150641;269982;247737
150642;400680;269842
150643;358819;264836
150644;338461;307578
150645;285538;264359
150646;339202;258418
150647;286742;235417
150648;344937;299017
150649;340604;275201
150650;385382;289045
150651;417160;234556
150652;356677;281007
150653;337090;269759
150654;296181;261886
150655;419837;272653
150656;393155;262745
150657;431255;260683
150658;308599;286719
150659;367717;265720
150660;281842;247456
150661;346787;247595
150662;334494;251096
150663;291343;253980
150664;357925;273046
150665;334266;260095
150666;382322;259123
150667;259660;278812
150668;300794;240086
150669;372439;292378
150670;269896;268574
150671;275015;309535
150672;329759;325494
150673;267991;302938
150674;304041;288446
150675;350182;287271
150676;403243;307352
150677;346191;300081
150678;367067;278914
150679;329292;250859
150680;438063;256805
150681;412334;273736
150682;267632;301126
150683;275905;300596
150684;385075;284705
150685;327037;275418
150686;418800;329345
150687;337074;277233
150688;375595;293928
150689;344768;236690
150690;368658;319415
150691;355873;324809
150692;324503;294048
150693;306256;225489
150694;373820;277112
150695;285934;313799
150696;403393;296457
150697;424950;290453
150698;430744;334577
150699;305461;243630
150700;383070;265203
150701;350144;330421
150702;352454;297025
150703;276992;314999
150704;359322;337992
150705;410935;286103
150706;409268;330517
150707;422768;233690
150708;385922;309987
150709;392661;300751
150710;420063;307184
150711;318731;285967
150712;298272;234037
150713;334200;206361
150714;281948;294019
150715;378649;274073
150716;366625;303271
150717;437509;284051
150718;435720;250506
150719;316927;250576
150720;275578;246954
150721;283877;328832
150722;341463;288556
150723;406974;219413
150724;271796;251228
150725;282533;310870
150726;385149;252049
150727;429243;249990
150728;328805;250324
150729;324146;327413
150730;308391;273733
150731;298256;316826
150732;275429;274151
150733;345331;262507
150734;414595;271552
150735;395259;229761
150736;359021;322030
150737;295463;309595
150738;326842;327102
150739;308698;294639
150740;356833;298268
150741;400453;253255
150742;340544;259352
150743;377356;242221
150744;343979;260838
150745;340712;292312
150746;308718;273199
150747;276849;313914
150748;357455;314230
150749;358354;256756
150750;440667;242322
150751;380289;231193
150752;429332;289667
150753;324841;268046
150754;384329;328969
150755;437972;288889
150756;353431;322607
150757;308064;353054
150758;335147;321549
150759;311083;284731
150760;357104;307320
150761;282295;270730
150762;264663;242885
150763;414961;242936
150764;395400;330099
150765;307894;301056
150766;376861;298463
150767;323295;293647
150768;305955;254019
150769;280536;306115
150770;371794;304941
150771;401444;288177
150772;305945;306816
150773;388567;224161
150774;384438;260758
150775;360595;212986
150776;341662;326153
150777;354511;251692
150778;382434;335114
150779;420213;353437
150780;362898;311126
150781;367354;310937
150782;373345;288610
150783;406302;353063
150784;366405;330521
150785;296215;282766
150786;321554;348947
150787;286817;297075
150788;344509;305230
150789;434912;266438
150790;396537;213887
150791;320721;277498
150792;349809;309044
150793;391796;288721
150794;428774;271844
150795;387446;260742
150796;272925;262040
150797;426090;276323
150798;271103;248822
150799;334126;232193
150800;405587;318140
150801;318465;284597
150802;369041;333905
150803;373391;350287
150804;402601;266857
150805;338347;241762
150806;347965;316487
150807;332270;288408
150808;286584;298209
150809;350604;243611
150810;365236;255735
150811;339318;239846
150812;279961;259679
150813;345496;294688
150814;332496;227985
150815;300971;279882
150816;435458;360414
150817;273936;292052
150818;425511;264408
150819;302188;251232
150820;307870;258831
150821;303339;267047
150822;252259;248750
150823;268397;269354
150824;271094;277401
150825;236920;243215
150826;271226;273042
150827;380920;280552
150828;298255;223761
150829;256578;262812
150830;369895;259140
150831;366525;271776
150832;306203;300960
150833;263638;224454
150834;377424;289348
150835;330128;240193
150836;269410;277201
150837;256759;286325
150838;276447;271553
150839;284846;315986
150840;353017;286277
150841;365517;242939
150842;371654;342918
150843;384495;320359
150844;271145;257198
150845;290200;292202
150846;362802;285637
150847;312395;287789
150848;236004;265218
150849;246158;339091
150850;260199;304997
150851;244956;226503
150852;303158;295090
150853;237599;259322
150854;367308;266315
150855;244882;248162
150856;281988;298285
150857;273250;252025
150858;368509;310081
150859;333316;310266
150860;353036;318710
150861;277718;249522
150862;239151;246395
150863;316383;274844
150864;296283;275371
150865;298857;252277
150866;366990;278101
150867;293116;278513
150868;279839;344823
150869;298828;262212
150870;369608;274299
150871;383867;280583
150872;344245;225993
150873;270889;311342
150874;309578;271821
150875;332652;240390
150876;253419;333928
150877;354007;293436
150878;311763;352803
150879;287972;260291
150880;287491;324912
150881;347196;333458
150882;372349;253620
150883;242934;324869
150884;370440;221253
150885;248842;246965
150886;265811;247174
150887;276834;278404
150888;360922;224786
150889;304671;298053
150890;253088;293149
150891;284395;281752
150892;250936;324527
150893;243030;275602
150894;280270;243317
150895;309332;267323
150896;370688;286597
150897;283591;340589
150898;281359;293703
150899;285061;294527
150900;317941;262253
150901;281964;274120
150902;249000;261764
150903;274309;315440
150904;334937;271707
150905;276824;238464
150906;290543;276005
150907;238184;270967
150908;241873;226721
150909;347864;312132
150910;244421;307721
150911;353901;318051
150912;316565;304202
150913;330733;230629
150914;314505;291160
150915;284670;289717
150916;268070;295837
150917;373886;336307
150918;321804;290944
150919;369617;321749
150920;369160;296753
150921;256037;280086
150922;277416;265001
150923;276686;242695
150924;252512;299634
150925;357597;244970
150926;330601;261738
150927;347211;324438
150928;411237;302983
150929;283502;274410
150930;248785;284440
150931;386106;275595
150932;348114;249739
150933;328917;274812
150934;301481;326975
150935;314880;348765
150936;268203;284901
150937;398259;258546
150938;327876;259620
150939;324963;335957
150940;384526;288131
150941;353678;309802
150942;278169;356522
150943;302229;281326
150944;267335;263324
150945;318240;242413
150946;300799;250040
150947;253605;282295
150948;280936;253829
150949;267403;293668
150950;270670;283081
150951;388398;253987
150952;324310;267888
150953;281275;322039
150954;247170;301222
150955;281537;209014
150956;250632;310487
150957;371064;332610
150958;295661;208690
150959;269825;244607
150960;253768;311125
150961;308751;256757
150962;363023;295715
150963;399780;296034
150964;383476;274661
150965;328582;307078
150966;282965;259191
150967;266418;267583
150968;394421;253884
150969;341814;322449
150970;362371;252324
150971;286864;259057
150972;320483;314552
150973;356096;229829
150974;381678;252642
150975;351200;247318
150976;270842;225838
150977;319319;229816
150978;265788;274285
150979;380735;230098
150980;373279;342759
150981;258628;301408
150982;311148;231114
150983;372248;348996
150984;291516;337048
150985;253204;276754
150986;349119;296038
150987;276339;218256
150988;280951;288122
150989;377276;253034
150990;343132;308055
150991;250854;320053
150992;279363;232687
150993;298228;331633
150994;247973;244805
150995;330079;271019
150996;247383;325907
150997;340434;235154
150998;281219;260925
150999;274712;318542
151000;378481;258712
151001;264082;222135
151002;261892;240729
151003;351132;252455
151004;359587;250465
151005;277555;285712
151006;342015;265783
151007;356239;220425
151008;282314;299415
151009;332358;236220
151010;281020;327040
151011;380170;229272
151012;309700;256626
151013;375141;267266
151014;334000;251251
151015;336934;311365
151016;258747;280795
151017;353411;277014
151018;351607;256546
151019;349776;316059
151020;333255;349939
151021;249411;267872
151022;316241;263953
151023;316088;258663
151024;335064;227820
151025;274216;232880
151026;298755;269445
151027;394396;252932
151028;331598;290611
151029;388217;238268
151030;368383;256798
151031;399383;314341
151032;307232;256668
151033;385373;270505
151034;359194;284091
151035;381832;303314
151036;305123;272931
151037;341680;223880
151038;345673;282663
151039;385699;259057
151040;258585;272442
151041;351742;302966
151042;340404;290391
151043;335552;302776
151044;276228;220307
151045;297414;313469
151046;352538;350596
151047;385746;341759
151048;269770;227859
151049;346616;208929
151050;281977;300360
151051;384853;252713
151052;260976;276059
151053;242492;340382
151054;284708;364361
151055;320004;291657
151056;336093;282432
151057;269441;304918
151058;313950;249994
151059;316415;285545
151060;380383;309222
151061;344676;280898
151062;342036;291179
151063;294646;243551
151064;378469;292932
151065;296901;280425
151066;378311;223665
151067;238946;269501
151068;351969;329743
151069;353254;259171
151070;285473;250731
151071;270796;219588
151072;363490;321091
151073;264303;222049
151074;237945;318515
151075;336697;350800
151076;291853;252045
151077;304396;240932
151078;296917;275285
151079;240398;356596
151080;316006;219889
151081;323958;255086
151082;317975;317252
151083;332171;236626
151084;261708;299331
151085;313888;242953
151086;316782;253815
151087;298083;312506
151088;293399;301358
151089;362187;300546
151090;331712;267541
151091;332555;305191
151092;327285;310970
151093;288632;280945
151094;280357;269264
151095;364805;264409
151096;349546;267502
151097;248149;250083
151098;375115;256631
151099;316626;262735
151100;321404;236214
151101;346872;325253
151102;302284;294792
151103;254603;324459
151104;299539;240380
151105;285844;239914
151106;361027;250353
151107;301909;318458
151108;380388;307486
151109;300900;246414
151110;238590;233584
151111;323747;304022
151112;372056;248646
151113;318058;221188
151114;273501;298917
151115;293401;321238
151116;383906;345503
151117;244777;234217
151118;353273;284307
151119;341903;240255
151120;341260;262473
151121;356319;325054
151122;332918;336579
151123;287889;266628
151124;248079;305899
151125;302311;241561
151126;281351;285696
151127;332993;268728
151128;337696;298320
151129;349181;306422
151130;278326;265870
151131;309701;311815
151132;305277;343497
151133;361405;335687
151134;305601;255589
151135;347014;241659
151136;320543;299502
151137;327729;216395
151138;253702;317193
151139;276826;251051
151140;257719;246822
151141;306940;294262
151142;275107;278226
151143;317707;286232
151144;364850;305785
151145;336074;281394
151146;381812;316747
151147;256143;301145
151148;350076;279082
151149;333042;286450
151150;357795;305112
151151;283979;316570
151152;357344;239246
151153;318109;229568
151154;286140;281283
151155;345264;251024
151156;390475;291262
151157;357251;291225
151158;262150;239503
151159;246359;308464
151160;298359;231297
151161;240057;282301
151162;311656;298473
151163;267739;303732
151164;265263;268254
151165;459698;228784
151166;389648;267040
151167;419092;304981
151168;522359;297421
151169;559680;297328
151170;379109;326724
151171;463128;283116
151172;506234;253836
151173;417029;285177
151174;334389;246444
151175;514305;251984
151176;545781;332908
151177;471488;306650
151178;472219;329533
151179;480510;329688
151180;415820;253098
151181;368699;252421
151182;517160;256597
151183;455317;256396
151184;542271;317788
151185;400861;252994
151186;474893;312935
151187;413741;277957
151188;440749;286491
151189;393416;303628
151190;490553;292473
151191;462360;278672
151192;418373;272269
151193;397572;321171
151194;479037;252263
151195;387633;308449
151196;450250;341746
151197;463331;258957
151198;497787;289876
151199;541395;268774
151200;405928;324881
151201;410201;308204
151202;500464;303789
151203;467286;290047
151204;486922;330552
151205;547873;263621
151206;459114;299750
151207;461547;271004
151208;494782;286916
151209;484662;251697
151210;460338;323667
151211;375938;320220
151212;378342;275077
151213;426896;273577
151214;338074;344592
151215;319020;338861
151216;412349;276378
151217;533453;307211
151218;339556;257118
151219;472382;293949
151220;465428;312349
151221;371879;305621
151222;422758;260173
151223;457418;229186
151224;351955;303244
151225;544209;245032
151226;341217;280055
151227;509688;296150
151228;457043;345312
151229;495528;215599
151230;415733;283374
151231;541185;265552
151232;487662;248109
151233;401715;277354
151234;367718;306093
151235;340657;290965
151236;539394;314963
151237;444777;252348
151238;354695;271410
151239;519653;279453
151240;423485;219869
151241;362236;320410
151242;450755;258745
151243;521686;293012
151244;389451;305744
151245;549497;223443
151246;349617;301479
151247;374649;288909
151248;416166;251946
151249;356420;307084
151250;493222;278896
151251;486441;307257
151252;388761;273430
151253;471202;291142
151254;338487;256930
151255;419639;249044
151256;520467;301415
151257;356862;245199
151258;415865;287335
151259;555925;217695
151260;473823;336263
151261;466965;316911
151262;537659;300730
151263;330114;271389
151264;471892;242608
151265;338587;270139
151266;478827;271345
151267;512974;234197
151268;363356;239032
151269;407892;281867
151270;547363;330257
151271;497184;332114
151272;373260;254312
151273;415931;300981
151274;500125;269533
151275;389616;262521
151276;421368;237780
151277;474270;333119
151278;465999;289476
151279;477741;321442
151280;419728;220106
151281;502463;299806
151282;391861;226765
151283;553211;275185
151284;496067;297908
151285;434320;266083
151286;330031;233677
151287;386923;322947
151288;447702;339157
151289;483739;269655
151290;347853;213434
151291;383034;286697
151292;377978;267837
151293;355599;286053
151294;421331;224748
151295;361704;266705
151296;355262;217269
151297;521815;271469
151298;526381;251842
151299;479398;266184
151300;347540;253423
151301;436438;288264
151302;373590;314154
151303;482478;257371
151304;494997;316994
151305;461356;279595
151306;386380;320979
151307;412952;214623
151308;375830;309991
151309;346565;289820
151310;487927;260141
151311;411059;335061
151312;436013;231271
151313;390684;331913
151314;438823;284473
151315;425449;284785
151316;432617;232758
151317;454133;223620
151318;389698;284530
151319;382831;284603
151320;342306;308583
151321;366535;253401
151322;429458;295529
151323;511723;282555
151324;532853;317828
151325;383128;274289
151326;512024;258873
151327;460701;253749
151328;540909;291622
151329;522731;251691
151330;350742;278772
151331;365579;284857
151332;505065;290121
151333;376158;263717
151334;519935;304333
151335;439609;322976
151336;518876;316542
151337;489211;245167
151338;490955;282849
151339;373252;306832
151340;343919;287416
151341;483287;316214
151342;554230;222098
151343;366446;319055
151344;395281;308922
151345;380548;209106
151346;438926;295301
151347;379131;233533
151348;370084;278878
151349;518512;323695
151350;384731;246693
151351;370108;263637
151352;363260;238576
151353;514700;313204
151354;400426;270188
151355;446113;340140
151356;554683;222213
151357;522126;280908
151358;357666;307395
151359;405823;246183
151360;335490;274020
151361;471608;239873
151362;493498;228721
151363;463273;246707
151364;365200;212076
151365;336740;345754
151366;461198;336969
151367;337270;349851
151368;450312;320158
151369;526883;316679
151370;534243;362627
151371;525291;228165
151372;407090;300318
151373;500313;269259
151374;471561;321612
151375;427715;245038
151376;473825;224340
151377;435569;254228
151378;348865;279835
151379;548509;250459
151380;418732;236546
151381;532606;271444
151382;502434;298464
151383;351713;270624
151384;511318;343437
151385;503031;245664
151386;417488;341030
151387;472818;311859
151388;354098;288033
151389;455416;314451
151390;494205;319928
151391;443064;296085
151392;363798;308618
151393;529396;335543
151394;466123;256087
151395;404781;320001
151396;497771;297243
151397;480591;214413
151398;546469;313781
151399;431850;250683
151400;391562;241355
151401;418791;287643
151402;343004;236020
151403;538577;242718
151404;356020;251598
151405;552255;247565
151406;339703;315015
151407;354761;311011
151408;478484;291399
151409;395509;312547
151410;419865;259445
151411;347723;276622
151412;420846;250905
151413;385061;341025
151414;347182;321437
151415;384800;227829
151416;493503;240586
151417;510557;299641
151418;467149;243494
151419;373899;297972
151420;335735;266233
151421;393779;324664
151422;400075;218071
151423;361914;215687
151424;422410;282810
151425;361553;300137
151426;387316;285493
151427;384761;284235
151428;421095;310035
151429;372904;324103
151430;479913;297785
151431;545561;335305
151432;366317;267662
151433;435293;262683
151434;428700;273343
151435;510648;269919
151436;335918;273791
151437;473450;278183
151438;422889;336648
151439;504802;233816
151440;449662;334891
151441;480612;333487
151442;408190;307374
151443;489962;325237
151444;451495;299020
151445;472535;302444
151446;478059;301139
151447;370133;282689
151448;381221;286797
151449;373999;252716
151450;435775;235773
151451;479949;320970
151452;362490;316829
151453;462374;260371
151454;536168;279554
151455;402216;271253
151456;414863;270554
151457;489133;311253
151458;508300;267010
151459;332266;306850
151460;503878;314705
151461;424685;285935
151462;489362;341125
151463;345030;234975
151464;451247;289761
151465;618275;340974
151466;571002;286374
151467;656186;305431
151468;606080;270147
151469;541149;247089
151470;532959;307783
151471;488562;271705
151472;630546;313317
151473;633775;214787
151474;446441;230883
151475;583330;291406
151476;684408;313055
151477;634828;259790
151478;563173;312314
151479;552883;336936
151480;462639;268052
151481;526151;318815
151482;571520;298096
151483;438321;282986
151484;497445;268052
151485;445396;340698
151486;433985;236495
151487;470986;308663
151488;553301;307904
151489;669618;250831
151490;538397;232113
151491;450187;316352
151492;588386;318405
151493;523652;260555
151494;554617;223948
151495;657900;256631
151496;576194;319958
151497;491340;303896
151498;466559;304518
151499;568106;249846
151500;648270;221285
151501;635035;263340
151502;494163;281523
151503;587609;240122
151504;492076;262665
151505;592231;238960
151506;426685;285601
151507;546850;316640
151508;639291;239555
151509;501333;324979
151510;474927;247848
151511;547411;230448
151512;440706;266377
151513;507620;321479
151514;428461;243562
151515;635384;266106
151516;658561;308876
151517;449629;342160
151518;617120;249522
151519;608968;344116
151520;569775;261739
151521;611489;304860
151522;489657;283975
151523;535605;258067
151524;626549;291599
151525;536798;252280
151526;625515;349321
151527;635571;236970
151528;512337;322074
151529;531799;252226
151530;459385;294655
151531;467105;329741
151532;616538;278844
151533;482850;282018
151534;526311;329356
151535;553442;274473
151536;610180;288938
151537;525126;242831
151538;671321;256526
151539;629199;308397
151540;502363;286278
151541;637465;270799
151542;678881;262772
151543;672149;337712
151544;625043;246675
151545;617030;234134
151546;443923;230377
151547;516215;288591
151548;568280;288570
151549;644399;291669
151550;621669;302681
151551;639361;258934
151552;590317;230881
151553;537823;303052
151554;431144;294657
151555;648687;268780
151556;514881;331842
151557;588918;287260
151558;542197;319089
151559;616936;299882
151560;432136;324625
151561;517463;301313
151562;507547;288114
151563;500623;293355
151564;467498;327315
151565;515566;325736
151566;521858;304648
151567;628330;286971
151568;418432;223171
151569;462404;278927
151570;642447;271106
151571;664226;223584
151572;481249;282249
151573;603275;287755
151574;675087;296905
151575;544866;236031
151576;595568;312440
151577;470042;263853
151578;678013;331867
151579;644245;260053
151580;419148;257793
151581;682906;315127
151582;450038;230010
151583;479234;342969
151584;556510;305668
151585;601341;290178
151586;684445;297001
151587;519570;267768
151588;488352;325314
151589;518271;286219
151590;431137;259855
151591;458352;287179
151592;463294;296941
151593;582760;292274
151594;455058;270228
151595;534150;354875
151596;433692;235097
151597;605313;301927
151598;468599;275607
151599;550849;242378
151600;632065;220171
151601;576570;306360
151602;687309;298996
151603;450402;314959
151604;575747;320862
151605;509668;240805
151606;670180;298775
151607;662585;314622
151608;651922;244225
151609;565821;261055
151610;551946;317323
151611;524569;334568
151612;430274;260657
151613;559637;229260
151614;635005;315648
151615;668054;241990
151616;458910;296496
151617;458023;294312
151618;577080;264770
151619;610836;291263
151620;563641;253445
151621;477974;209958
151622;667362;293718
151623;436853;333325
151624;575871;275312
151625;538268;258114
151626;515670;304395
151627;661507;309305
151628;593448;258632
151629;482740;280693
151630;461458;262300
151631;646366;272266
151632;641974;293002
151633;640168;345218
151634;659933;272444
151635;675847;223134
151636;420087;292238
151637;672125;219738
151638;441718;248991
151639;429139;321306
151640;594487;283299
151641;663949;268351
151642;465697;296876
151643;526523;284662
151644;597563;353482
151645;639101;265889
151646;663158;273711
151647;658968;269994
151648;635199;291706
151649;676421;246504
151650;648680;271348
151651;465756;222257
151652;549512;301989
151653;669232;243950
151654;519327;308460
151655;454496;245470
151656;560876;267310
151657;541515;243230
151658;488805;236792
151659;447828;287305
151660;656961;253918
151661;610529;341522
151662;539664;278824
151663;457581;267652
151664;493291;330848
151665;527608;290407
151666;420369;272420
151667;515307;297976
151668;460855;308506
151669;476910;269759
151670;674122;319959
151671;665879;293612
151672;647767;273810
151673;522475;229377
151674;637629;260150
151675;437989;314220
151676;574209;271808
151677;468355;289774
151678;585888;277282
151679;593406;288364
151680;623396;274900
151681;665846;314350
151682;671439;248738
151683;466296;290586
151684;535781;286553
151685;469332;291141
151686;623585;307498
151687;506734;326620
151688;667088;262313
151689;625332;308968
151690;664097;255835
151691;622455;275749
151692;447305;237958
151693;450659;204347
151694;591477;240627
151695;630608;226463
151696;480046;305403
151697;587480;265399
151698;648626;263083
151699;430072;331954
151700;571105;258063
151701;419482;289261
151702;452188;327461
151703;491844;261465
151704;459760;234801
151705;455711;293815
151706;603653;285247
151707;638791;223554
151708;675916;287308
151709;518717;266891
151710;566883;329487
151711;616047;235822
151712;620445;325497
151713;669191;321982
151714;406866;277429
151715;558210;275245
151716;656012;337383
151717;672914;322696
151718;424438;303042
151719;592185;260504
151720;591092;358221
151721;632236;299892
151722;429175;291928
151723;492921;205737
151724;489125;341366
151725;451560;223074
151726;613910;318795
151727;644188;289231
151728;556932;284222
151729;589673;263259
151730;523706;275266
151731;429574;275246
151732;685069;287523
151733;538655;308145
151734;606954;254060
151735;681271;279652
151736;684603;248476
151737;655340;311356
151738;577947;244695
151739;503195;236554
151740;583681;296776
151741;586248;282276
151742;491582;298437
151743;627699;258483
151744;681784;258985
151745;421640;310299
151746;601889;265146
151747;438486;322377
151748;618380;323996
151749;558717;248233
151750;439271;323215
151751;485082;243826
151752;587818;228659
151753;493259;225014
151754;501110;344812
151755;602977;284348
151756;436385;300749
151757;599627;287896
151758;604928;250600
151759;438226;273482
151760;511321;242900
151761;661937;294435
151762;593929;243820
151763;537360;298298
151764;572238;286742
151765;461654;234900
151766;586006;214395
151767;478593;313125
151768;661388;325909
151769;515382;302674
151770;542565;279577
151771;611116;269340
151772;584222;309285
151773;464572;306694
151774;238412;254853
151775;313136;315534
151776;233260;247478
151777;281952;294066
151778;201456;274377
151779;212611;262140
151780;282452;257769
151781;197589;321324
151782;246828;261036
151783;259489;286611
151784;205219;347387
151785;302453;303081
151786;236681;285715
151787;200301;285318
151788;279453;316376
151789;218242;270796
151790;280635;285051
151791;302196;236365
151792;272577;282269
151793;281589;260244
151794;309422;226362
151795;219229;295706
151796;201165;293021
151797;304336;270768
151798;214977;309218
151799;233628;237609
151800;222433;340171
151801;207673;228980
151802;300838;324667
151803;271760;317128
151804;267329;270363
151805;280981;306288
151806;195007;314224
151807;268342;263502
151808;268875;245241
151809;209089;202542
151810;211259;261399
151811;254225;253158
151812;215806;367410
151813;280584;358887
151814;241955;299984
151815;231396;284328
151816;251047;268712
151817;265276;344574
151818;245249;332718
151819;277310;217363
151820;281956;247740
151821;213539;229659
151822;206789;253674
151823;306141;343404
151824;203680;244902
151825;298654;326606
151826;268940;298075
151827;285243;254680
151828;234204;280670
151829;297027;284092
151830;205110;322834
151831;269046;290130
151832;230492;263709
151833;312311;263314
151834;215277;305667
151835;236315;317393
151836;198999;288780
151837;210565;295403
151838;233245;261292
151839;294648;251920
151840;228684;232960
151841;294562;244738
151842;291524;287781
151843;255316;253192
151844;205200;283714
151845;311752;266359
151846;223735;314809
151847;257692;313316
151848;245555;235031
151849;208364;310993
151850;252302;261240
151851;294026;252809
151852;261294;256815
151853;316412;294878
151854;292456;345181
151855;237198;238218
151856;223926;306235
151857;225094;309893
151858;230272;340147
151859;257696;292202
151860;229207;291176
151861;263945;257867
151862;236666;253939
151863;309937;316036
151864;203139;287355
151865;269649;338721
151866;222705;297018
151867;245022;239926
151868;197174;283234
151869;239370;271041
151870;194953;308382
151871;240170;275832
151872;234320;256229
151873;259782;241355
151874;222988;239660
151875;261171;258007
151876;282394;290025
151877;284750;258721
151878;213573;312553
151879;222666;295815
151880;281160;279870
151881;201468;253068
151882;190011;326160
151883;320554;251195
151884;311258;268751
151885;197470;280065
151886;238546;258060
151887;259321;335355
151888;233385;217335
151889;248671;317448
151890;211832;231178
151891;282575;245660
151892;224064;231550
151893;300097;264816
151894;278498;257963
151895;311962;282453
151896;243523;323066
151897;254248;298077
151898;272635;250567
151899;233540;295825
151900;243959;257127
151901;310032;253299
151902;267859;288018
151903;242398;268198
151904;229878;267321
151905;257044;318506
151906;225299;241019
151907;314549;287303
151908;211553;266081
151909;311163;295487
151910;304306;271225
151911;257496;311639
151912;202232;286056
151913;240399;259347
151914;304083;261433
151915;302516;292494
151916;208894;283318
151917;261057;251485
151918;270507;250004
151919;259076;319406
151920;266627;252245
151921;230315;289018
151922;312602;255610
151923;193285;247626
151924;265962;281060
151925;281502;255127
151926;296937;266459
151927;208805;285102
151928;198691;274015
151929;211157;253025
151930;204552;231955
151931;244268;293625
151932;270963;258460
151933;205935;284798
151934;218396;257835
151935;238422;265001
151936;308578;256683
151937;201496;287491
151938;221246;324216
151939;293960;305286
151940;281112;269479
151941;306822;247784
151942;254911;313658
151943;222764;248268
151944;245992;215170
151945;236130;242300
151946;208047;263363
151947;253278;311537
151948;231847;249155
151949;216886;338933
151950;263794;241968
151951;256888;288825
151952;276405;309122
151953;255089;247458
151954;249949;269271
151955;306075;317873
151956;244862;281820
151957;198774;311572
151958;300171;254884
151959;233677;305043
151960;226497;293009
151961;265683;233474
151962;199357;238554
151963;269146;278969
151964;256337;271274
151965;292413;237682
151966;222845;244743
151967;220451;245091
151968;309614;321780
151969;260638;304782
151970;216397;324599
151971;270305;332354
151972;267745;246277
151973;304407;268648
151974;231313;301080
151975;304231;291319
151976;196287;280330
151977;306920;314770
151978;268461;268510
151979;191656;281162
151980;269296;318572
151981;267505;313977
151982;307475;241273
151983;251106;301343
151984;270010;316729
151985;292964;261294
151986;224210;244026
151987;264755;283869
151988;222184;311113
151989;191300;290857
151990;225192;243626
151991;202894;317798
151992;315189;243866
151993;196105;258873
151994;243718;322177
151995;279561;279963
151996;235116;211238
151997;317353;327906
151998;259216;305114
151999;267490;261148
152000;312361;278509
152001;231271;290767
152002;279521;270479
152003;197506;206646
152004;298994;268886
152005;284031;273921
152006;287204;275949
152007;257030;279366
152008;248533;262194
152009;207385;238617
152010;211188;284650
152011;304423;321204
152012;255174;312103
152013;300681;220534
152014;290969;346811
152015;210106;275120
152016;216157;316699
152017;262478;252650
152018;267334;267735
152019;223751;253891
152020;226920;284749
152021;227689;329302
152022;266510;250219
152023;232763;209016
152024;227840;311550
152025;261024;248390
152026;315127;241566
152027;230528;261416
152028;191976;286383
152029;218203;218364
152030;319967;254947
152031;262216;225279
152032;202178;306310
152033;228302;322179
152034;261522;261996
152035;222927;246270
152036;234146;235655
152037;303373;285837
152038;264199;311421
152039;241037;230996
152040;238806;280414
152041;290869;224682
152042;303831;256158
152043;231672;288865
152044;242973;287018
152045;280151;316183
152046;254330;331397
152047;249642;325062
152048;293554;287039
152049;271990;283922
152050;246283;263295
152051;206779;261398
152052;284476;294088
152053;212722;316908
152054;295494;296491
152055;235651;261767
152056;266077;236409
152057;201550;211771
152058;284093;312061
152059;221024;258768
152060;209912;275199
152061;238349;274552
152062;208643;291662
152063;281485;219441
152064;267576;293884
152065;236383;238486
152066;286140;285854
152067;283653;302660
152068;279256;247396
152069;194339;237640
152070;239376;337818
152071;303018;293591
152072;251660;292212
152073;272528;290013
152074;284778;293014
152075;216886;332862
152076;205990;301717
152077;190924;225895
152078;299323;319204
152079;299719;317032
152080;289768;248038
152081;233790;314864
152082;290840;230431
152083;255926;258517
152084;277892;243292
152085;197069;270371
152086;254663;285300
152087;255172;277102
152088;279036;291057
152089;239998;286198
152090;254977;340292
152091;246570;298515
152092;209987;287957
152093;224366;281264
152094;199395;245827
152095;252801;274744
152096;214258;314961
152097;228201;264614
152098;232897;269677
152099;194433;217791
152100;254711;343851
152101;206560;298582
152102;229982;247017
152103;309733;323536
152104;223083;273603
152105;306268;223865
152106;208155;310560
152107;303459;235850
152108;299497;248872
152109;249064;296594
152110;226078;311293
152111;307718;288300
152112;239065;291797
152113;312748;322709
152114;259776;245834
152115;278492;310723
152116;233201;278881
152117;273575;231366
152118;291810;307206
152119;291604;344199
152120;230263;259439
152121;224686;286903
152122;306408;281228
152123;201793;336368
152124;304660;272705
152125;191713;323913
152126;282303;312920
152127;227493;314269
152128;294612;323585
152129;313033;310685
152130;280593;332671
152131;287854;301062
152132;313513;291492
152133;256471;234263
152134;204347;322813
152135;205556;261786
152136;221054;303225
152137;256567;251403
152138;283294;251442
152139;252288;295778
152140;248696;276526
152141;230422;302636
152142;224213;235006
152143;277793;244984
152144;233409;265443
152145;210929;249666
152146;287606;293421
152147;277315;273651
152148;204112;302126
152149;237977;301921
152150;285157;308222
152151;261757;239834
152152;267770;260683
152153;195047;281849
152154;252519;294452
152155;235830;305182
152156;311679;304416
152157;314510;302080
152158;316596;358253
152159;226522;281314
152160;221366;313290
152161;199732;206711
152162;231024;262362
152163;206259;285411
152164;271951;326669
152165;199920;299226
152166;217945;247643
152167;228811;267566
152168;219240;274925
152169;318442;236090
152170;285856;286313
152171;197130;282635
152172;245027;319050
152173;251451;267688
152174;283089;311313
152175;274606;272311
152176;256394;229939
152177;216260;338996
152178;236045;292570
152179;305936;245243
152180;316696;273236
152181;228331;273539
152182;192302;297807
152183;211112;249407
152184;201913;264838
152185;449546;293139
152186;492934;300910
152187;336766;265109
152188;456411;243765
152189;463912;316213
152190;410077;284842
152191;533282;293571
152192;522770;261036
152193;452526;302778
152194;504615;326325
152195;428232;280603
152196;469975;254595
152197;367019;289460
152198;486258;328704
152199;415992;243091
152200;359861;224630
152201;432579;249488
152202;452815;249913
152203;484586;270123
152204;422564;320821
152205;334382;268393
152206;432360;246685
152207;335713;348563
152208;534765;250013
152209;419564;289492
152210;387991;244283
152211;428000;311049
152212;400348;235047
152213;520815;274101
152214;490288;251600
152215;488988;251632
152216;476402;266177
152217;530875;246116
152218;411936;216403
152219;434526;329457
152220;368781;274856
152221;527684;255068
152222;517308;243683
152223;356583;266095
152224;348216;279695
152225;510277;219767
152226;424013;368402
152227;503428;272124
152228;402084;303668
152229;452146;283934
152230;399786;240865
152231;415396;300379
152232;507801;270298
152233;513329;346061
152234;448636;316009
152235;491336;293371
152236;490596;263210
152237;344337;268252
152238;404767;299846
152239;468594;282487
152240;521760;335504
152241;486685;248445
152242;439170;309427
152243;422306;226156
152244;361724;272622
152245;333446;326408
152246;500560;320629
152247;434090;268977
152248;352766;311024
152249;435205;239951
152250;494749;280794
152251;512029;293342
152252;484209;230591
152253;526693;207515
152254;511480;236678
152255;523150;274801
152256;355965;322519
152257;476716;299068
152258;439677;277227
152259;468112;322395
152260;482403;328666
152261;397609;327287
152262;347084;264512
152263;413841;249292
152264;378065;332102
152265;367448;255593
152266;406266;281249
152267;482657;323784
152268;529531;317608
152269;444062;262638
152270;498658;268676
152271;535214;317592
152272;492629;277834
152273;370206;302530
152274;426519;254470
152275;505585;260780
152276;364253;307597
152277;368129;292940
152278;525031;237623
152279;434262;215731
152280;428645;248520
152281;353681;251399
152282;412612;307161
152283;421200;261144
152284;462269;288329
152285;361209;223286
152286;324696;243275
152287;363397;332720
152288;483774;209910
152289;391178;235664
152290;416998;305892
152291;533444;261081
152292;358184;239133
152293;413517;265849
152294;356611;266823
152295;498461;243415
152296;471570;329208
152297;414793;312104
152298;334301;319563
152299;380108;285871
152300;392553;267631
152301;461417;271544
152302;436070;307551
152303;422324;303142
152304;343793;249471
152305;453864;311334
152306;341116;244794
152307;347446;322166
152308;362773;308514
152309;421533;279125
152310;364215;269541
152311;499772;233659
152312;430841;253440
152313;356875;297431
152314;384001;200392
152315;510751;218724
152316;515653;244716
152317;474310;314399
152318;520968;251557
152319;448105;261913
152320;359009;322407
152321;449906;262735
152322;374487;329641
152323;486490;241947
152324;347017;270806
152325;463085;259527
152326;432135;287490
152327;370637;266899
152328;400418;267288
152329;477038;261658
152330;334507;248584
152331;376430;277992
152332;498455;305815
152333;365684;268485
152334;447627;323333
152335;404912;241636
152336;500302;266207
152337;398430;322907
152338;521330;288321
152339;344592;312703
152340;480918;292872
152341;483657;274924
152342;453868;334739
152343;421378;222941
152344;393632;255972
152345;351476;295624
152346;323951;238625
152347;366086;302694
152348;440026;294699
152349;431256;296311
152350;400300;277529
152351;420615;242996
152352;533951;301902
152353;451319;307174
152354;340472;342790
152355;408171;281077
152356;391949;300323
152357;466931;312470
152358;485391;297229
152359;464779;244518
152360;437867;227134
152361;380749;294415
152362;336507;290908
152363;448793;258915
152364;487809;303892
152365;491021;313764
152366;406822;285347
152367;526918;241214
152368;495539;286634
152369;498485;309778
152370;445549;277115
152371;533197;292251
152372;359266;270881
152373;395233;274112
152374;376801;279065
152375;418687;263668
152376;453337;289590
152377;415284;277466
152378;423137;237634
152379;385980;293828
152380;482917;341588
152381;385160;274042
152382;508733;292208
152383;326419;271446
152384;540194;252084
152385;350962;308078
152386;343251;262131
152387;392358;276482
152388;492094;271974
152389;516913;269412
152390;423893;323270
152391;413253;254220
152392;363600;327309
152393;438366;302496
152394;374585;236606
152395;413252;254410
152396;521346;300656
152397;448013;233724
152398;473615;259816
152399;363415;276750
152400;359785;248088
152401;497488;245789
152402;536727;314489
152403;498194;276253
152404;496432;311676
152405;430506;272886
152406;328998;295477
152407;354262;261513
152408;541728;299724
152409;489344;274326
152410;501773;338099
152411;451448;351730
152412;374171;248835
152413;493223;350727
152414;533095;280333
152415;343359;235489
152416;421925;333453
152417;347953;235529
152418;391399;351363
152419;383186;258476
152420;434436;253293
152421;473212;248498
152422;353701;279278
152423;508993;317083
152424;440403;342890
152425;451426;303171
152426;407010;321831
152427;385793;225813
152428;412206;260296
152429;467907;272142
152430;414047;250772
152431;312560;266285
152432;342597;255883
152433;412815;288940
152434;486982;275614
152435;514623;311003
152436;399090;271144
152437;432062;248496
152438;486845;295327
152439;393826;328298
152440;408399;212273
152441;406284;318490
152442;338747;314452
152443;489426;300298
152444;391296;305113
152445;527954;335481
152446;414086;274985
152447;442836;336083
152448;530203;296552
152449;333179;280052
152450;526072;267190
152451;423385;273603
152452;424462;256620
152453;380299;313780
152454;397218;301937
152455;408366;227904
152456;513759;250966
152457;367334;287978
152458;493030;232783
152459;398565;303683
152460;492506;227700
152461;527956;282496
152462;378805;276006
152463;510182;250387
152464;396502;248240
152465;350915;230692
152466;378078;305046
152467;351992;296615
152468;475545;324516
152469;537433;305404
152470;491777;332012
152471;490457;247158
152472;412463;272104
152473;376012;327641
152474;435716;307108
152475;372630;217535
152476;291541;315908
152477;296239;265005
152478;378730;234790
152479;347201;321735
152480;305529;264730
152481;396474;237130
152482;342145;277793
152483;357187;281555
152484;338787;327964
152485;439334;299399
152486;459982;305600
152487;302191;304792
152488;333031;315555
152489;407754;283557
152490;379945;301959
152491;333205;276497
152492;335377;312688
152493;289850;222103
152494;278528;265291
152495;339064;223112
152496;303871;285766
152497;437678;281972
152498;361157;322488
152499;323532;281556
152500;308877;320366
152501;299198;281604
152502;351484;345779
152503;385704;305568
152504;417613;328518
152505;301031;319971
152506;389798;304394
152507;344428;242879
152508;355853;305559
152509;436707;273780
152510;325172;295431
152511;358047;264962
152512;366181;288057
152513;343869;315356
152514;335802;276274
152515;433771;281679
152516;389836;284729
152517;410081;267276
152518;410789;272342
152519;365797;261381
152520;390599;264128
152521;335438;288932
152522;400852;245189
152523;371052;242887
152524;379673;251235
152525;436537;255327
152526;380151;232751
152527;299923;275164
152528;418448;258718
152529;391755;223099
152530;367713;275840
152531;324441;287317
152532;287009;268234
152533;308414;344189
152534;396648;295891
152535;326775;262995
152536;381009;279554
152537;344862;307723
152538;427136;223342
152539;280565;270037
152540;322046;265036
152541;342214;293043
152542;276582;368047
152543;309452;222901
152544;334619;319496
152545;389217;333168
152546;423448;305826
152547;311596;228164
152548;410389;277349
152549;283321;340076
152550;367661;273974
152551;321821;269414
152552;286279;330270
152553;365813;336213
152554;420049;283442
152555;398870;301707
152556;369620;238231
152557;425575;219368
152558;280116;256565
152559;332853;271879
152560;313045;252827
152561;282334;281908
152562;335042;278794
152563;275457;276483
152564;303442;300779
152565;375224;321527
152566;439674;264703
152567;278928;320860
152568;411377;231829
152569;322339;326629
152570;401607;337512
152571;359162;233531
152572;267399;286064
152573;421536;231335
152574;410147;321248
152575;340056;251553
152576;301662;254414
152577;281683;342872
152578;422077;285263
152579;356393;273465
152580;383377;226995
152581;397441;311785
152582;295374;243839
152583;402750;266660
152584;424600;283187
152585;352489;341068
152586;378356;283931
152587;285097;311190
152588;428101;285551
152589;333921;249113
152590;435272;341176
152591;274187;260980
152592;345698;223543
152593;310292;264173
152594;402226;333714
152595;267265;227940
152596;335735;290859
152597;384720;353013
152598;417332;309772
152599;364211;343810
152600;266958;247698
152601;388298;329815
152602;281836;285019
152603;327867;308333
152604;278323;268192
152605;409425;255321
152606;362532;320684
152607;370913;255505
152608;408182;330957
152609;300714;304671
152610;286126;242152
152611;316441;268398
152612;443890;331502
152613;345331;241365
152614;298120;252807
152615;289614;271683
152616;300758;276840
152617;373366;267054
152618;291244;359493
152619;432858;261935
152620;297204;269663
152621;368127;221669
152622;441007;349927
152623;293419;311687
152624;432318;259572
152625;416627;275866
152626;382529;314599
152627;362490;323667
152628;435515;284130
152629;277665;314527
152630;387789;303441
152631;366294;267898
152632;305935;223057
152633;414284;298814
152634;303409;332426
152635;291342;319638
152636;426503;249411
152637;375030;324710
152638;289040;275371
152639;360222;314285
152640;429388;278857
152641;300676;239595
152642;318907;246867
152643;312738;243236
152644;398118;284470
152645;411453;335543
152646;361975;235770
152647;396751;313178
152648;319484;295009
152649;318119;264810
152650;278791;252891
152651;335646;277906
152652;357145;262629
152653;431874;262897
152654;319963;290336
152655;435281;287213
152656;422136;254525
152657;430258;324105
152658;374557;293375
152659;298344;323803
152660;436050;274463
152661;281581;326013
152662;323794;219035
152663;282847;328153
152664;305953;298175
152665;395755;329277
152666;424192;355157
152667;400555;225255
152668;292009;320756
152669;383361;325163
152670;407122;268022
152671;300810;267518
152672;426560;211403
152673;263699;325364
152674;396921;298964
152675;312271;300179
152676;336365;292850
152677;375469;312348
152678;319534;247221
152679;434119;253881
152680;392685;324451
152681;339763;262498
152682;415548;256695
152683;271710;272913
152684;271155;261663
152685;388515;286005
152686;334317;236421
152687;279780;287441
152688;317672;245705
152689;429260;350417
152690;309259;269924
152691;387865;351533
152692;280074;275250
152693;329539;300454
152694;383532;263513
152695;271047;274666
152696;389785;341827
152697;419187;272977
152698;316868;268978
152699;439238;338012
152700;293743;229705
152701;286993;321343
152702;451778;302032
152703;330528;306922
152704;275750;257317
152705;426582;315917
152706;307134;338132
152707;368221;337686
152708;321565;315164
152709;292716;263275
152710;353274;227915
152711;427231;257307
152712;450444;318060
152713;308124;235373
152714;429773;255196
152715;345396;224356
152716;392490;226428
152717;378364;254215
152718;396893;363960
152719;447182;249604
152720;309919;264704
152721;329099;327075
152722;436736;271098
152723;379080;281651
152724;420975;304649
152725;437338;262674
152726;285837;225889
152727;350157;317687
152728;301080;330721
152729;425648;316507
152730;359496;263041
152731;319008;290509
152732;379877;244696
152733;297195;287119
152734;316733;269666
152735;282268;266144
152736;330735;255967
152737;362861;270117
152738;441128;276638
152739;377026;293094
152740;372525;339752
152741;353068;268459
152742;321047;273450
152743;417849;348397
152744;285585;242054
152745;311316;234179
152746;305145;228917
152747;316993;330336
152748;373366;254075
152749;409392;268938
152750;384705;297474
152751;331560;275178
152752;272168;316878
152753;393574;262854
152754;248155;262045
152755;309003;268319
152756;260482;259239
152757;319511;303259
152758;392830;284166
152759;315499;301272
152760;310133;239131
152761;357871;261016
152762;336217;282255
152763;299520;234079
152764;303977;315203
152765;262353;276444
152766;323453;308171
152767;379146;253934
152768;321736;249267
152769;351716;330920
152770;228143;328212
152771;363984;289280
152772;321100;316800
152773;309510;258296
152774;381462;289270
152775;337601;256171
152776;358756;266012
152777;298325;331274
152778;347121;291446
152779;263042;292129
152780;319135;306376
152781;382737;278726
152782;387680;282945
152783;241742;265890
152784;358100;298598
152785;340466;288153
152786;307359;251852
152787;344007;302441
152788;257549;242704
152789;386265;328433
152790;304347;277383
152791;321910;289497
152792;259654;286971
152793;315913;247067
152794;392615;294353
152795;350928;277508
152796;286514;256898
152797;242819;223802
152798;359496;282694
152799;283874;305705
152800;254687;296992
152801;365784;219391
152802;292144;289413
152803;389192;315642
152804;302743;273870
152805;385116;225178
152806;320207;369206
152807;245559;279180
152808;356392;258679
152809;383947;253199
152810;264473;255156
152811;266380;294971
152812;297957;288506
152813;400921;281976
152814;395472;283726
152815;244883;297353
152816;340110;302164
152817;380377;298177
152818;345029;333490
152819;325982;300300
152820;297777;271873
152821;303866;293661
152822;295739;250983
152823;317579;308396
152824;294707;294121
152825;332541;234774
152826;270249;264041
152827;269791;249497
152828;311603;257962
152829;257901;263492
152830;308477;246365
152831;375784;236087
152832;305211;305539
152833;375715;308431
152834;242548;277019
152835;391342;280193
152836;356016;270877
152837;387834;292350
152838;317996;251918
152839;243973;306390
152840;384040;277288
152841;271446;233826
152842;402154;261755
152843;326526;272057
152844;309571;341250
152845;288767;299769
152846;279845;292520
152847;328388;294921
152848;349363;265700
152849;260950;245996
152850;251505;313350
152851;384550;229302
152852;270582;287403
152853;339260;263572
152854;302322;307629
152855;303469;310381
152856;383046;262253
152857;263340;258728
152858;262108;286658
152859;320142;237100
152860;343320;254947
152861;369233;289395
152862;338589;317177
152863;310058;240325
152864;310049;351861
152865;289065;284380
152866;315529;262129
152867;291508;231159
152868;260260;305385
152869;388514;274783
152870;327713;269080
152871;372817;304836
152872;298512;258206
152873;296545;275491
152874;340507;241373
152875;360445;330416
152876;324429;330187
152877;392968;329339
152878;349114;279189
152879;243427;239940
152880;331023;247665
152881;346946;282013
152882;316362;283513
152883;390273;235887
152884;391850;262238
152885;393284;278310
152886;341148;282972
152887;344083;248989
152888;241503;311232
152889;362163;297915
152890;246043;241063
152891;365198;240067
152892;296857;229233
152893;300238;243792
152894;302711;304778
152895;264985;320093
152896;249687;255951
152897;339117;307076
152898;375565;281678
152899;338078;300555
152900;287697;296328
152901;262716;311002
152902;330803;278941
152903;255147;229094
152904;276211;300821
152905;307463;250967
152906;307240;299111
152907;269186;327213
152908;240074;241424
152909;263809;275787
152910;240856;305093
152911;344889;242275
152912;285762;259456
152913;379586;296507
152914;284233;269889
152915;241314;292287
152916;340110;302177
152917;241635;282740
152918;244545;283497
152919;270024;284079
152920;350196;218746
152921;344516;270889
152922;315274;293962
152923;380042;333453
152924;339982;278558
152925;380219;232842
152926;399217;322159
152927;335466;274061
152928;317250;262176
152929;244212;338771
152930;237797;315602
152931;284404;251753
152932;298877;324556
152933;255760;254550
152934;345038;307426
152935;362383;285333
152936;325463;263199
152937;326152;245803
152938;327173;332197
152939;305757;264205
152940;339826;252758
152941;262448;235642
152942;388537;306243
152943;315297;278174
152944;255814;301203
152945;288559;259705
152946;386393;266704
152947;306469;337996
152948;335387;245014
152949;275501;276905
152950;250898;311261
152951;375851;284664
152952;363931;319659
152953;398837;300703
152954;376409;264438
152955;270412;285514
152956;306988;283201
152957;287888;268278
152958;271712;341950
152959;220655;331134
152960;302462;315742
152961;370078;264305
152962;251304;308724
152963;350207;263441
152964;324541;225751
152965;377597;284491
152966;243283;273846
152967;269434;211631
152968;302361;244940
152969;358247;239944
152970;351859;300746
152971;350538;289959
152972;301548;265819
152973;326941;319645
152974;377616;325414
152975;248938;298633
152976;379992;286447
152977;259582;299947
152978;378634;252591
152979;248737;253653
152980;272954;313847
152981;284899;296779
152982;248542;278660
152983;320267;215983
152984;343834;207431
152985;303612;280615
152986;366642;353918
152987;253538;272342
152988;297491;314100
152989;303612;290436
152990;244849;276349
152991;327561;246237
152992;351653;271700
152993;248317;314644
152994;387556;253355
152995;272443;259662
152996;317948;282881
152997;248177;294549
152998;367562;316986
152999;392688;277921
153000;336438;288113
153001;313217;309302
153002;244732;241038
153003;352107;290651
153004;241875;322600
153005;329194;306106
153006;282559;273039
153007;358938;273889
153008;294195;341347
153009;290203;304076
153010;392750;287208
153011;382244;256402
153012;299934;354192
153013;289704;250388
153014;380674;256054
153015;266170;280692
153016;325470;277498
153017;241319;315312
153018;306404;319590
153019;386823;217305
153020;352716;279558
153021;380993;257703
153022;284883;252035
153023;251575;295210
153024;382150;253509
153025;290700;296738
153026;396187;272031
153027;337401;317969
153028;342072;223762
153029;240440;337159
153030;340308;286017
153031;254936;307785
153032;247543;281532
153033;313429;291876
153034;391943;324346
153035;356452;269807
153036;387947;258879
153037;352822;271733
153038;248320;250774
153039;243354;285133
153040;303972;251407
153041;301274;268332
153042;315256;226087
153043;386448;317706
153044;363184;275946
153045;310548;304057
153046;242413;271776
153047;262269;307907
153048;261949;290801
153049;304061;339770
153050;319230;296752
153051;262131;257217
153052;247516;238138
153053;371659;267850
153054;313865;295636
153055;365912;263145
153056;343416;251457
153057;248987;282520
153058;351210;323580
153059;303948;284392
153060;295238;257544
153061;323887;285841
153062;354238;264845
153063;366647;301164
153064;310230;282310
153065;360808;313960
153066;257306;253419
153067;294574;278416
153068;313920;308775
153069;391188;303736
153070;314887;325456
153071;244846;325168
153072;401430;293167
153073;249918;267891
153074;390837;230283
153075;296262;278866
153076;305797;251818
153077;374327;266254
153078;249135;276691
153079;397232;239252
153080;394630;267504
153081;267391;286938
153082;340364;281271
153083;396183;314944
153084;354705;328167
153085;350354;306311
153086;357768;225208
153087;330340;286830
153088;302726;220246
153089;389210;267913
153090;273335;322269
153091;260624;243444
153092;335868;344312
153093;350480;248736
153094;300776;252130
153095;345562;255936
153096;374741;297015
153097;394208;315895
153098;314515;284841
153099;256008;252490
153100;272505;271929
153101;369994;300490
153102;267395;229424
153103;397744;257018
153104;270437;238633
153105;393919;282028
153106;355211;272450
153107;284992;295137
153108;296901;276573
153109;284152;269554
153110;266508;311574
153111;275785;324546
153112;321131;351456
153113;248519;228211
153114;282134;309686
153115;317808;228245
153116;333092;361537
153117;396613;229495
153118;252412;329615
153119;381189;280536
153120;397101;342060
153121;307755;292028
153122;274972;276367
153123;357571;253756
153124;374448;304279
153125;336131;296095
153126;402235;305817
153127;336953;300779
153128;373404;297488
153129;350588;267854
153130;314329;251624
153131;388085;320632
153132;349734;332587
153133;349832;321897
153134;279424;260150
153135;254046;305335
153136;374206;302267
153137;260195;320714
153138;258892;339117
153139;374691;286024
153140;320612;252897
153141;299535;274901
153142;330160;313377
153143;293768;277398
153144;358397;286176
153145;251591;333656
153146;275608;311416
153147;373637;293231
153148;269539;290315
153149;257250;281704
153150;266439;235973
153151;344763;236794
153152;293814;254820
153153;268777;327093
153154;290877;256962
153155;379450;239384
153156;324579;316806
153157;358707;234336
153158;374159;305273
153159;246197;259226
153160;367307;294844
153161;372000;248162
153162;282456;275117
153163;390995;254286
153164;320205;325748
153165;249236;321749
153166;250392;225746
153167;287789;294739
153168;316048;255870
153169;359497;321905
153170;291149;267973
153171;300620;304322
153172;388170;276806
153173;360652;255751
153174;371882;272256
153175;322337;311477
153176;302100;324533
153177;347480;273830
153178;359097;292783
153179;344419;256890
153180;391671;258778
153181;318520;321359
153182;402410;248304
153183;298950;271761
153184;279199;343721
153185;320526;324420
153186;295932;277971
153187;301555;214505
153188;297761;325466
153189;270840;252778
153190;295785;257867
153191;314493;274366
153192;457415;305881
153193;391642;266452
153194;427744;298926
153195;339265;248861
153196;431995;276516
153197;343932;293067
153198;293591;286047
153199;420617;304108
153200;376389;243971
153201;398070;271998
153202;372382;253416
153203;358664;289820
153204;458662;279142
153205;310760;265759
153206;429182;255088
153207;441686;298760
153208;426776;261980
153209;303255;271857
153210;337600;280080
153211;442659;247723
153212;366435;284061
153213;442303;339824
153214;305365;282406
153215;411072;269838
153216;477028;300922
153217;470128;265171
153218;301493;270737
153219;407802;266861
153220;387302;218845
153221;356447;252045
153222;291581;270405
153223;392728;257257
153224;295164;278890
153225;387695;314802
153226;336369;293310
153227;309829;313072
153228;398503;304634
153229;392511;328767
153230;454786;208532
153231;401367;257563
153232;400320;328964
153233;452133;237571
153234;331482;219412
153235;425364;326916
153236;426605;367732
153237;311843;257678
153238;460275;353675
153239;383586;246971
153240;389159;250128
153241;345931;273079
153242;313062;261024
153243;299494;256027
153244;454471;236935
153245;337129;314905
153246;441385;300767
153247;363524;264122
153248;462364;291879
153249;369271;291698
153250;461241;246598
153251;435693;335031
153252;411153;283474
153253;384478;227851
153254;437750;344776
153255;377085;263006
153256;331653;288587
153257;443945;251265
153258;348331;261931
153259;408138;293491
153260;386399;334207
153261;387904;259427
153262;484335;293264
153263;326784;268582
153264;358485;290373
153265;366343;320975
153266;443163;248674
153267;317328;318347
153268;447678;281474
153269;382517;226901
153270;389249;304166
153271;335836;288841
153272;385554;319969
153273;468427;300181
153274;449399;246473
153275;441010;343602
153276;311361;307331
153277;372557;307933
153278;351988;268138
153279;325636;271137
153280;331189;286422
153281;450860;270034
153282;377254;233189
153283;412714;230226
153284;376474;275184
153285;428909;286504
153286;419077;230772
153287;443555;220415
153288;409826;357034
153289;468616;275531
153290;342381;274741
153291;377017;331537
153292;423690;347199
153293;467789;290698
153294;346942;255264
153295;322939;256913
153296;430428;219849
153297;409764;306062
153298;434910;271798
153299;317913;307014
153300;364668;267953
153301;336384;265415
153302;351477;305183
153303;450879;271903
153304;361536;305966
153305;434217;297777
153306;322756;311327
153307;416833;280584
153308;458044;242819
153309;342656;322744
153310;375677;269627
153311;393513;257374
153312;310802;285036
153313;349291;253518
153314;403029;247287
153315;373096;234575
153316;348260;236500
153317;326697;269321
153318;536213;248037
153319;418157;314373
153320;476357;241297
153321;301668;295129
153322;297388;322823
153323;416377;317183
153324;320134;285336
153325;385867;310436
153326;339453;261791
153327;378398;305122
153328;330151;327401
153329;311636;330158
153330;471846;286686
153331;447391;255793
153332;353174;263943
153333;352417;281928
153334;452057;230079
153335;372331;289553
153336;444463;306412
153337;333041;324749
153338;435345;319410
153339;383064;266393
153340;451630;253509
153341;363715;310074
153342;417559;274866
153343;325662;252271
153344;466940;264244
153345;336019;365491
153346;317659;263939
153347;395299;273846
153348;328396;269076
153349;344978;318377
153350;430450;275320
153351;381991;254695
153352;460886;315900
153353;429709;297507
153354;327698;288486
153355;375688;234133
153356;358233;289867
153357;357131;303730
153358;301900;239033
153359;424356;277218
153360;454788;318075
153361;447033;218113
153362;381892;280572
153363;391401;242642
153364;481662;299605
153365;412200;272460
153366;420588;355378
153367;378175;247484
153368;434445;248390
153369;307285;278114
153370;443930;258840
153371;383185;241844
153372;470612;264507
153373;339348;295472
153374;407713;253352
153375;365883;272434
153376;392013;319028
153377;327527;290951
153378;358226;340096
153379;388038;231857
153380;352277;275639
153381;473146;312305
153382;391265;302617
153383;307988;281260
153384;478462;278501
153385;315219;301383
153386;379000;226476
153387;347434;310889
153388;350727;300584
153389;441542;320484
153390;433718;304200
153391;429947;272959
153392;427643;293196
153393;457953;271057
153394;358553;322240
153395;429100;238697
153396;348788;289950
153397;362502;285979
153398;335125;217409
153399;354973;294627
153400;400548;227405
153401;419424;298273
153402;469584;263370
153403;309733;322073
153404;402461;225298
153405;379358;327651
153406;349574;273417
153407;319741;336415
153408;363611;249875
153409;291307;314696
153410;332545;264097
153411;362786;297095
153412;451095;272785
153413;372041;266070
153414;300452;336486
153415;363374;273372
153416;337345;269163
153417;382342;324923
153418;391611;315588
153419;336443;237045
153420;322852;245331
153421;367563;239359
153422;344831;252268
153423;322539;255909
153424;342129;290188
153425;465651;310566
153426;469857;320729
153427;445702;269164
153428;448075;231464
153429;380804;297098
153430;412325;309904
153431;345536;264035
153432;441193;302358
153433;391122;261197
153434;338352;331303
153435;423759;257176
153436;450127;308839
153437;380336;291584
153438;341047;263134
153439;347288;223443
153440;446628;286413
153441;440536;305573
153442;313684;335484
153443;493210;246823
153444;437842;288491
153445;329060;231824
153446;300325;232906
153447;452988;256356
153448;380447;297854
153449;375668;322957
153450;386937;230191
153451;453365;273623
153452;426917;340721
153453;388924;275092
153454;395083;278981
153455;355273;329460
153456;322648;232449
153457;396275;240751
153458;355545;276400
153459;292178;315560
153460;324215;337332
153461;312180;233744
153462;307992;238795
153463;403231;278895
153464;388554;213671
153465;370955;237932
153466;342530;272631
153467;393661;295464
153468;372065;223788
153469;374753;347848
153470;317388;239612
153471;385618;323104
153472;472675;259208
153473;399891;327011
153474;483913;271778
153475;311674;219097
153476;309569;259969
153477;345784;272739
153478;483594;268949
153479;352521;342827
153480;455116;231833
153481;471258;290761
153482;450716;253334
153483;330775;245907
153484;444339;282452
153485;363278;316916
153486;394037;259980
153487;432622;230599
153488;420193;289429
153489;303109;324929
153490;374812;280636
153491;318521;265376
153492;343053;306562
153493;459739;285559
153494;418269;262045
153495;297378;271959
153496;330012;305323
153497;471287;276328
153498;403709;292868
153499;351204;346943
153500;361005;222161
153501;421673;311842
153502;304131;297731
153503;464770;233210
153504;410797;292998
153505;326590;320020
153506;375175;255053
153507;473336;299566
153508;424011;276029
153509;341536;290918
153510;345438;302971
153511;329470;272904
153512;369730;248235
153513;337444;317141
153514;393179;288223
153515;502831;281079
153516;442905;265993
153517;304692;301614
153518;357077;338096
153519;351227;234360
153520;296294;294775
153521;419699;291653
153522;401476;294328
153523;324636;277962
153524;306917;310587
153525;303296;254880
153526;329009;317864
153527;413422;249766
153528;393827;354367
153529;426619;285057
153530;308021;285031
153531;382278;271680
153532;426260;291903
153533;366398;287976
153534;373291;238355
153535;427433;325903
153536;453031;321444
153537;351982;283696
153538;387595;256168
153539;471284;288145
153540;359145;335264
153541;312805;281963
153542;470699;259219
153543;425084;334892
153544;311187;283377
153545;303094;318149
153546;446362;304127
153547;361158;270885
153548;412857;288760
153549;291027;307083
153550;385229;263422
153551;469988;322097
153552;360373;289137
153553;400974;342415
153554;459461;260597
153555;351546;325074
153556;425352;253183
153557;414248;235705
153558;373251;252861
153559;427633;331748
153560;365770;292090
153561;296091;311990
153562;328077;272673
153563;350126;306184
153564;482145;228923
153565;319350;246074
153566;350670;230909
153567;320323;316096
153568;457668;289666
153569;448595;256438
153570;372943;268240
153571;412514;278270
153572;412959;329190
153573;421731;256291
153574;440228;340890
153575;604032;312185
153576;766243;251336
153577;844687;264880
153578;579209;276731
153579;847454;207549
153580;885848;211731
153581;751867;257034
153582;641716;279839
153583;895383;309917
153584;701700;241402
153585;607610;270183
153586;658287;319388
153587;851903;300694
153588;569642;234676
153589;571674;256792
153590;805165;326414
153591;827069;256910
153592;818557;315460
153593;852088;305829
153594;707393;276889
153595;801074;261415
153596;620084;259149
153597;812564;280094
153598;807201;307882
153599;615607;232502
153600;705776;324826
153601;553818;267503
153602;649934;264126
153603;763042;299855
153604;792801;304155
153605;769612;277553
153606;558706;311382
153607;654919;265000
153608;859860;288257
153609;796103;275145
153610;736004;245617
153611;856579;324190
153612;774872;290128
153613;578986;279242
153614;687576;312302
153615;865750;254912
153616;844439;253567
153617;640934;264739
153618;782154;273347
153619;574401;349382
153620;903865;309647
153621;556240;335021
153622;824380;289304
153623;566215;253912
153624;844024;333424
153625;572849;246009
153626;573249;311131
153627;806525;309092
153628;755772;349020
153629;882852;342412
153630;632324;236230
153631;588183;251782
153632;648735;270358
153633;608029;299780
153634;765124;290590
153635;604016;289661
153636;831161;268020
153637;741674;274684
153638;701483;292350
153639;747304;268423
153640;564489;258074
153641;759949;251313
153642;734957;274927
153643;749651;256632
153644;797130;280367
153645;687532;341416
153646;841982;252592
153647;599571;300843
153648;789823;286068
153649;697647;271034
153650;576799;289792
153651;846975;343518
153652;708174;288989
153653;891321;264311
153654;618965;248717
153655;772004;244608
153656;706932;295463
153657;804459;284806
153658;693082;323755
153659;635308;270971
153660;717106;287804
153661;571028;268900
153662;892662;304986
153663;701434;284608
153664;683088;263809
153665;608200;343588
153666;652827;276234
153667;834370;275144
153668;874444;305386
153669;730327;237328
153670;556814;284867
153671;892317;332387
153672;704608;285258
153673;878180;268275
153674;736976;290970
153675;882670;241347
153676;655260;299982
153677;708171;240866
153678;587668;277006
153679;559875;314583
153680;883512;286338
153681;853770;315911
153682;881360;279795
153683;775877;263018
153684;761950;285767
153685;606185;280087
153686;734309;268060
153687;559409;244208
153688;914032;232801
153689;633029;326558
153690;613663;237582
153691;810829;260504
153692;567493;284539
153693;630062;248743
153694;903398;322915
153695;567233;353423
153696;852364;328036
153697;568701;304858
153698;613953;243799
153699;558189;237052
153700;784037;268477
153701;738953;248553
153702;627980;302538
153703;777129;274410
153704;643096;266618
153705;853785;290026
153706;828344;339434
153707;724749;292135
153708;619123;284132
153709;717015;312598
153710;797348;278738
153711;561224;294939
153712;811882;307896
153713;651193;308475
153714;709849;323173
153715;680326;297799
153716;686592;260973
153717;781889;232215
153718;822484;304375
153719;759322;264833
153720;775334;323104
153721;574465;304965
153722;675113;281914
153723;630820;318260
153724;573069;295901
153725;893715;324176
153726;608173;244170
153727;848533;261429
153728;715752;349335
153729;837081;231278
153730;892082;324223
153731;562234;264426
153732;845725;261807
153733;873620;335905
153734;841193;271909
153735;822411;303003
153736;852278;295535
153737;787650;285854
153738;649833;300737
153739;646097;294196
153740;681104;265742
153741;607587;329965
153742;878858;265955
153743;675056;320424
153744;676139;250552
153745;549305;231617
153746;772238;339917
153747;651603;297993
153748;736744;248671
153749;566675;294541
153750;894301;278188
153751;817101;257739
153752;896017;322692
153753;732239;237618
153754;716880;224132
153755;569758;314771
153756;573062;300771
153757;841724;330984
153758;841870;281543
153759;819979;254838
153760;733420;230028
153761;876166;301996
153762;864360;322591
153763;539032;250081
153764;683277;277266
153765;827330;213818
153766;619174;287290
153767;854046;283674
153768;623345;321253
153769;616014;278438
153770;845562;345830
153771;811987;319340
153772;779507;281333
153773;729235;300661
153774;649725;263788
153775;900063;270862
153776;742159;280207
153777;841202;338226
153778;869484;263366
153779;656214;299985
153780;734140;299498
153781;741047;217879
153782;713643;308585
153783;707308;298670
153784;712894;244516
153785;842912;270951
153786;656879;345557
153787;710801;259228
153788;823043;320964
153789;625766;307914
153790;796961;247186
153791;797865;269619
153792;794250;328847
153793;888150;264013
153794;549863;274460
153795;763239;243599
153796;937104;277148
153797;603824;293554
153798;712956;246655
153799;671188;239475
153800;633080;201668
153801;585125;252325
153802;869937;290908
153803;654296;300828
153804;611405;343246
153805;694516;260930
153806;841073;283797
153807;545366;285725
153808;833701;263292
153809;596175;247555
153810;821026;263026
153811;647741;327945
153812;687363;271605
153813;686146;260166
153814;560028;319701
153815;554909;303438
153816;793449;234202
153817;705114;281038
153818;898062;233797
153819;574173;227305
153820;634890;296009
153821;711305;287651
153822;665862;303271
153823;619538;309872
153824;762220;314795
153825;686623;290005
153826;893315;223222
153827;655777;302438
153828;710386;236993
153829;885352;316674
153830;595556;309196
153831;749412;239726
153832;717082;255987
153833;741019;231329
153834;660780;237776
153835;804252;293293
153836;806737;256344
153837;679111;303763
153838;581938;262209
153839;827651;254659
153840;765514;215696
153841;902316;264893
153842;873918;274739
153843;755407;281401
153844;781474;294927
153845;621497;264826
153846;739372;248483
153847;723198;254041
153848;685270;274618
153849;650094;265803
153850;797245;240896
153851;775566;307133
153852;703163;299745
153853;700457;228800
153854;698975;245633
153855;730306;246035
153856;809194;266838
153857;523685;258888
153858;689853;270346
153859;754041;239608
153860;501764;270521
153861;405525;243865
153862;436491;309659
153863;406239;247290
153864;525199;232305
153865;574548;282413
153866;401704;276902
153867;565844;297781
153868;417541;293972
153869;398984;252630
153870;376752;312310
153871;581536;276755
153872;493351;272874
153873;362199;227835
153874;580759;241525
153875;583029;281511
153876;580522;288770
153877;486297;256001
153878;521522;230941
153879;422578;260849
153880;364531;288641
153881;366024;232047
153882;395076;312888
153883;511850;269889
153884;526235;308350
153885;543909;275749
153886;477600;294944
153887;394525;250671
153888;533355;300820
153889;569568;341463
153890;496688;315263
153891;465872;255024
153892;532899;315876
153893;388850;257570
153894;384913;278767
153895;579825;302070
153896;547883;235735
153897;474476;236199
153898;488243;275181
153899;554363;307101
153900;490588;332173
153901;402323;300604
153902;536458;323860
153903;406151;287615
153904;504161;282860
153905;386249;244553
153906;561324;304133
153907;416125;333504
153908;360882;298628
153909;407513;255202
153910;352248;295603
153911;378590;274370
153912;574957;269323
153913;489678;316825
153914;435825;257198
153915;438925;281229
153916;499899;270981
153917;367703;264395
153918;465145;348084
153919;500630;260339
153920;504998;260155
153921;492533;267430
153922;506244;261800
153923;400040;274599
153924;444594;270671
153925;359021;260469
153926;407818;249717
153927;571584;265204
153928;466160;255500
153929;358840;218914
153930;439544;252689
153931;383255;305374
153932;454288;254982
153933;561079;291610
153934;528262;271849
153935;535629;288774
153936;505427;300588
153937;381644;279545
153938;370242;247445
153939;439257;286874
153940;446875;232561
153941;353730;279803
153942;447200;246810
153943;563014;261086
153944;520274;293930
153945;410537;254142
153946;479986;230106
153947;396632;286169
153948;576625;283960
153949;375518;247681
153950;446125;268808
153951;423070;371336
153952;473070;323330
153953;510129;308377
153954;498853;292123
153955;508168;302436
153956;495175;314049
153957;504018;269372
153958;399420;262850
153959;435216;270751
153960;568230;299010
153961;565641;302607
153962;360660;264379
153963;562113;302780
153964;465246;252877
153965;520240;289096
153966;554895;307311
153967;433141;296894
153968;416319;283440
153969;409390;314053
153970;398560;265311
153971;488576;308419
153972;474654;232404
153973;472638;307101
153974;393554;259649
153975;551848;283568
153976;368069;329251
153977;385607;249511
153978;435745;282045
153979;456439;300783
153980;517244;281946
153981;494665;269916
153982;588452;271956
153983;501893;244878
153984;522176;335383
153985;446314;301466
153986;424273;231498
153987;475939;235310
153988;477046;279138
153989;440761;260085
153990;466715;289557
153991;486878;328224
153992;517689;318778
153993;527198;295986
153994;434651;239875
153995;426687;315425
153996;472909;271410
153997;422766;309617
153998;388417;282522
153999;473782;284211
154000;519700;278113
154001;503687;306338
154002;395744;286193
154003;427674;277844
154004;370229;320797
154005;391660;306311
154006;375868;254516
154007;478018;261106
154008;486131;276162
154009;465382;312662
154010;449136;336072
154011;503091;251926
154012;436202;308656
154013;542130;321840
154014;570953;271654
154015;463500;272811
154016;524187;322076
154017;351920;257527
154018;368525;248970
154019;489368;269462
154020;549362;281850
154021;465753;304671
154022;480089;286087
154023;549679;245889
154024;488947;302644
154025;584332;286681
154026;464252;314024
154027;408226;306580
154028;390110;243135
154029;484525;279080
154030;482962;236931
154031;403629;255516
154032;361043;238377
154033;470812;234483
154034;405869;266842
154035;420840;226935
154036;355359;262565
154037;524157;269765
154038;400843;207902
154039;402938;298101
154040;366071;330611
154041;460565;309126
154042;371743;303874
154043;495058;265701
154044;359376;289171
154045;431908;257137
154046;550382;282273
154047;549203;309603
154048;460923;285920
154049;433413;307770
154050;379554;314830
154051;417929;293143
154052;358388;294929
154053;387718;234508
154054;540890;301302
154055;377039;234973
154056;572686;287373
154057;420851;224637
154058;496127;332707
154059;356502;270579
154060;356252;297723
154061;488265;219559
154062;556073;306373
154063;365346;249382
154064;389399;301013
154065;564165;348229
154066;472069;335387
154067;386915;294325
154068;566084;242027
154069;548696;257791
154070;391714;325165
154071;348726;340665
154072;449002;268189
154073;492174;246786
154074;358972;259001
154075;498280;289719
154076;445328;369031
154077;493557;342739
154078;572975;241816
154079;546532;297475
154080;532367;296062
154081;425078;256342
154082;584405;300831
154083;441225;220396
154084;396849;296082
154085;521100;265929
154086;549700;292309
154087;530752;232849
154088;389352;231912
154089;363996;274760
154090;483581;299156
154091;420280;277683
154092;415446;296047
154093;526219;288719
154094;509253;230754
154095;442456;268861
154096;466175;228165
154097;479736;259047
154098;502293;296439
154099;413312;264323
154100;553987;314051
154101;417094;287271
154102;396051;266666
154103;440038;236682
154104;544561;247473
154105;395604;263342
154106;397800;277824
154107;590990;280028
154108;564066;285238
154109;445132;276797
154110;502229;312256
154111;422149;330786
154112;517022;265120
154113;521598;297617
154114;413290;258966
154115;467365;254933
154116;534797;277076
154117;472886;253583
154118;417078;308291
154119;522500;305991
154120;524475;287075
154121;570385;276982
154122;374735;296538
154123;405235;303543
154124;587300;277395
154125;534559;270771
154126;524060;326560
154127;474863;231760
154128;388440;292731
154129;569573;240107
154130;458816;324637
154131;432870;312480
154132;341043;283322
154133;549971;274953
154134;565316;230987
154135;439970;287767
154136;543688;239442
154137;518240;233697
154138;489202;231909
154139;563714;283717
154140;474472;245316
154141;453208;277230
154142;549984;254494
154143;476059;300839
154144;418907;291881
154145;378988;286467
154146;567439;275087
154147;461512;292728
154148;570309;273918
154149;424624;304847
154150;517435;304116
154151;515148;269713
154152;428023;303968
154153;459112;215426
154154;374476;270105
154155;476049;357791
154156;506468;324287
154157;393343;274634
154158;528785;299244
154159;453208;239381
154160;381744;276433
154161;462089;321701
154162;368111;315660
154163;407079;259166
154164;553358;340919
154165;456600;344592
154166;530558;291372
154167;359313;273953
154168;521566;324028
154169;487334;272226
154170;398693;292607
154171;361364;235531
154172;533552;254427
154173;456759;293021
154174;370343;284961
154175;496807;301762
154176;567135;260686
154177;341582;316469
154178;512127;327972
154179;556416;249732
154180;441500;261460
154181;378069;278102
154182;420225;307584
154183;520582;259678
154184;500560;260152
154185;475080;220771
154186;581547;319343
154187;396163;238246
154188;482983;250281
154189;428790;272042
154190;386213;301017
154191;418614;282786
154192;442277;303953
154193;515446;281530
154194;466325;293859
154195;403231;223020
154196;594201;270191
154197;457893;287428
154198;404084;293056
154199;364774;285349
154200;489863;336770
154201;546175;207644
154202;472625;277236
154203;464549;330808
154204;545707;284857
154205;423437;264120
154206;444557;248756
154207;524529;236040
154208;512037;279046
154209;811541;314307
154210;603610;260351
154211;503495;336001
154212;810354;284086
154213;572939;305876
154214;649417;283760
154215;633205;293394
154216;620682;229651
154217;546105;296864
154218;607288;301668
154219;671743;239179
154220;715247;273158
154221;573877;246791
154222;525046;303629
154223;509850;253845
154224;699377;307666
154225;522550;300131
154226;781763;288721
154227;729108;228500
154228;736362;255729
154229;554588;314925
154230;682610;288154
154231;649978;230646
154232;649598;230149
154233;711774;274557
154234;518755;303625
154235;724890;251927
154236;798702;321102
154237;658159;283281
154238;596312;270086
154239;566937;207685
154240;746211;244356
154241;579624;330810
154242;565041;303270
154243;670132;289271
154244;508117;300974
154245;803152;296563
154246;517458;262469
154247;600808;260717
154248;509691;284254
154249;571498;278118
154250;819863;267930
154251;614042;302521
154252;585109;315834
154253;795781;228727
154254;527636;216927
154255;516902;251117
154256;612092;270440
154257;564001;220137
154258;722200;284590
154259;799333;285590
154260;727441;251749
154261;770157;355614
154262;727177;315118
154263;630326;323720
154264;708526;239907
154265;674128;340240
154266;539618;228345
154267;814563;267043
154268;711334;253338
154269;539167;306417
154270;704671;261122
154271;817896;236572
154272;736790;293182
154273;671667;315470
154274;756034;227285
154275;700171;276627
154276;820603;228551
154277;591498;275036
154278;515909;325016
154279;704113;302138
154280;698470;215591
154281;567053;306175
154282;643838;258135
154283;648027;276639
154284;708120;278606
154285;538580;321698
154286;748193;264016
154287;667001;238971
154288;647287;318726
154289;775684;291541
154290;500928;321703
154291;716631;308477
154292;672941;264275
154293;790739;353378
154294;653284;299478
154295;551562;302761
154296;674307;280160
154297;735635;313876
154298;507155;317390
154299;787849;292282
154300;609916;259167
154301;767611;279885
154302;593502;282976
154303;618924;247700
154304;609959;264171
154305;720191;278197
154306;621013;288850
154307;549616;273815
154308;750873;300115
154309;586939;324315
154310;698137;245113
154311;636566;321236
154312;616996;292429
154313;716269;296093
154314;642749;290450
154315;604967;238903
154316;506826;257138
154317;659040;255730
154318;751299;319905
154319;722064;259721
154320;541310;310771
154321;808447;303578
154322;657861;313600
154323;591070;237971
154324;758859;266617
154325;625638;251371
154326;662083;275780
154327;716475;290896
154328;732885;299909
154329;780480;314446
154330;536651;250755
154331;542864;293730
154332;652353;308746
154333;504458;314382
154334;580063;297106
154335;610410;296193
154336;531705;304714
154337;737867;286652
154338;576659;286512
154339;763185;343200
154340;726729;249442
154341;755659;281857
154342;661959;321956
154343;784570;279547
154344;671040;279613
154345;792064;262433
154346;646076;254030
154347;504195;346132
154348;691335;326388
154349;767903;311181
154350;676259;222596
154351;759082;251414
154352;745231;242101
154353;522284;277273
154354;650061;273457
154355;597353;275564
154356;779307;250885
154357;584685;264635
154358;803450;324760
154359;622344;255794
154360;561975;238769
154361;614555;265797
154362;659566;308103
154363;761368;323460
154364;671368;248823
154365;693260;273177
154366;544797;292263
154367;782062;324932
154368;736585;294205
154369;664620;270921
154370;821078;231924
154371;505849;226850
154372;499584;256442
154373;651808;257804
154374;512219;284721
154375;592703;303673
154376;665088;234096
154377;648972;236306
154378;722143;255523
154379;789746;216088
154380;722496;290993
154381;800733;279687
154382;650612;330871
154383;695868;283936
154384;516640;346539
154385;561583;234561
154386;597583;314406
154387;729143;304189
154388;623476;267125
154389;718465;245577
154390;653247;266356
154391;724878;303054
154392;614641;349702
154393;645818;344377
154394;764502;307914
154395;788900;280130
154396;537622;251912
154397;636339;329771
154398;772167;282905
154399;817287;272786
154400;497441;329180
154401;668478;235018
154402;548604;252409
154403;654953;298976
154404;739278;284017
154405;641448;235218
154406;633376;245179
154407;789993;314184
154408;768379;314770
154409;586889;321373
154410;687885;268522
154411;662202;376568
154412;563858;343321
154413;680341;298637
154414;494799;317320
154415;670988;299516
154416;769816;332049
154417;767284;265484
154418;789171;317296
154419;517217;339256
154420;569024;304623
154421;732171;306816
154422;701749;347783
154423;783026;361812
154424;578028;288503
154425;703701;317937
154426;668240;247502
154427;721262;241778
154428;727515;302244
154429;683808;285442
154430;531182;256588
154431;773113;272037
154432;716456;278203
154433;535417;323268
154434;669476;334499
154435;553721;306019
154436;653644;300935
154437;814408;215441
154438;560829;293308
154439;746537;263453
154440;522735;339685
154441;518710;312581
154442;657254;237751
154443;809247;280052
154444;702614;311457
154445;658610;290341
154446;660667;297986
154447;640854;293081
154448;729039;289709
154449;617536;322412
154450;704694;282109
154451;686747;263682
154452;696635;224332
154453;779208;280967
154454;495650;300393
154455;737134;342765
154456;611900;259130
154457;734513;291842
154458;659479;287718
154459;661956;328103
154460;720813;312122
154461;530520;287914
154462;811444;331859
154463;515186;304242
154464;512025;266031
154465;556764;327841
154466;625012;309388
154467;733003;284370
154468;745849;306512
154469;491160;311211
154470;607457;306888
154471;804876;263740
154472;605759;274431
154473;677172;265680
154474;803364;281231
154475;560420;212484
154476;504362;321556
154477;598089;219681
154478;775132;304964
154479;685667;305852
154480;553274;269999
154481;552772;258407
154482;715304;262594
154483;621770;251011
154484;781342;215604
154485;624300;347342
154486;798725;275254
154487;678081;282767
154488;778431;286125
154489;598610;268114
154490;732311;333902
154491;540759;316471
154492;710732;243641
154493;807594;303664
154494;685986;252860
154495;492799;276959
154496;762157;321359
154497;719715;256040
154498;528870;280909
154499;559138;255241
154500;565997;292940
154501;555483;327644
154502;622400;269198
154503;766130;335286
154504;646988;286364
154505;792615;274389
154506;638512;248871
154507;642735;290192
154508;623846;304588
154509;756468;325277
154510;602020;266846
154511;501717;264115
154512;680756;278249
154513;516378;278131
154514;628304;239613
154515;667453;287561
154516;685479;344838
154517;697992;352709
154518;648145;306006
154519;638491;246338
154520;690758;234546
154521;792416;328682
154522;804382;284947
154523;742059;232468
154524;626004;342587
154525;921063;266143
154526;740559;260925
154527;705753;309470
154528;697275;295552
154529;756514;294418
154530;684375;301538
154531;568036;263542
154532;818883;207196
154533;517464;265877
154534;762927;255674
154535;496884;262670
154536;592446;292023
154537;802564;282065
154538;652454;319083
154539;590224;284533
154540;711645;279615
154541;757966;309221
154542;821896;318427
154543;553157;264355
154544;676778;219130
154545;512701;235889
154546;789423;253184
154547;496580;265736
154548;694428;241090
154549;617707;340050
154550;651584;289701
154551;645560;301875
154552;513456;250032
154553;703723;289914
154554;703104;328777
154555;530585;245010
154556;518536;257921
154557;298211;232290
154558;414469;252988
154559;364075;304920
154560;269232;256855
154561;306759;260910
154562;352635;257242
154563;307777;275350
154564;309042;253324
154565;264042;237201
154566;395945;276902
154567;404076;227195
154568;320725;266549
154569;290806;288016
154570;374071;316981
154571;268146;272719
154572;366346;229939
154573;337684;218414
154574;382734;252075
154575;379341;280737
154576;302846;274192
154577;379267;270767
154578;365437;291206
154579;269935;317662
154580;266859;291248
154581;270029;269914
154582;360885;341178
154583;397463;243523
154584;419653;269830
154585;397717;283661
154586;329145;361852
154587;392794;287571
154588;402586;275308
154589;294728;284597
154590;368360;270656
154591;291037;237151
154592;394894;289049
154593;392018;275158
154594;279801;288800
154595;330744;326441
154596;304770;304399
154597;281700;288424
154598;415501;249131
154599;376875;236202
154600;301316;247346
154601;294972;292428
154602;318324;277424
154603;396028;289005
154604;408680;281509
154605;395986;313816
154606;327657;259740
154607;371460;328856
154608;371017;289078
154609;339578;286806
154610;420076;339270
154611;380439;247554
154612;371208;242202
154613;420843;267870
154614;270798;300142
154615;391285;243687
154616;336124;235787
154617;368526;333023
154618;332635;255940
154619;259497;275807
154620;263962;312555
154621;387680;292436
154622;266921;241679
154623;332255;276611
154624;356739;244643
154625;431493;253416
154626;398669;301871
154627;409774;256903
154628;390216;270245
154629;320741;308678
154630;409904;256524
154631;372620;296427
154632;334348;286928
154633;314833;271145
154634;360926;249164
154635;415764;240495
154636;373756;274074
154637;295802;290897
154638;430491;242635
154639;361139;284445
154640;265159;284534
154641;280795;332426
154642;292159;294915
154643;387691;304174
154644;308637;309311
154645;442132;278710
154646;411588;230235
154647;292195;240479
154648;341593;300038
154649;403432;330956
154650;329433;314427
154651;363123;327417
154652;302857;268018
154653;341013;295642
154654;431366;278648
154655;395893;265008
154656;358658;285831
154657;313724;242673
154658;309617;263773
154659;282683;248238
154660;344309;266397
154661;305171;295888
154662;345172;269989
154663;412079;314892
154664;259769;249199
154665;424174;250610
154666;425554;294209
154667;356370;275411
154668;422972;246452
154669;262515;323098
154670;405120;248376
154671;299292;277168
154672;266061;350746
154673;352378;299013
154674;327325;324301
154675;394560;334898
154676;405853;245547
154677;349950;284849
154678;262071;258203
154679;359476;319688
154680;265971;280988
154681;341527;256377
154682;333667;221856
154683;423013;316635
154684;303961;211237
154685;410655;242582
154686;260968;293040
154687;382293;309308
154688;428098;228045
154689;315255;242619
154690;372808;237892
154691;351460;214998
154692;303757;214370
154693;377098;308391
154694;325289;345769
154695;296428;240024
154696;326893;300224
154697;410265;258871
154698;374958;298542
154699;382554;286888
154700;371153;317675
154701;398378;296196
154702;336246;240770
154703;267540;205600
154704;337699;310460
154705;326260;257092
154706;349363;247511
154707;300473;280592
154708;338198;239398
154709;345829;313097
154710;291435;286621
154711;372789;328969
154712;322093;213635
154713;391756;278055
154714;417755;283631
154715;291263;235226
154716;345924;323557
154717;408986;302703
154718;326687;251967
154719;294712;294774
154720;342376;251064
154721;348594;300865
154722;398721;252916
154723;416885;312393
154724;394035;258000
154725;268868;308010
154726;328184;251166
154727;290714;242285
154728;273183;283915
154729;322037;238258
154730;317029;330500
154731;328143;250454
154732;358324;332590
154733;387667;289281
154734;284459;244138
154735;454893;296771
154736;353587;286873
154737;320141;237142
154738;271240;302006
154739;269774;322813
154740;276604;332682
154741;399210;323551
154742;303657;265729
154743;389449;247515
154744;413490;313475
154745;389092;230757
154746;408713;308665
154747;383477;229691
154748;333368;261993
154749;424748;317346
154750;301052;245575
154751;408670;319912
154752;335632;306945
154753;328207;250458
154754;298616;281836
154755;377988;279530
154756;412972;306887
154757;367724;254009
154758;365915;335252
154759;347152;223507
154760;358105;250188
154761;427102;241341
154762;265551;297581
154763;346727;237132
154764;291014;240875
154765;262034;310613
154766;427402;342760
154767;382707;223980
154768;429657;234371
154769;386085;360594
154770;409607;313620
154771;280667;302963
154772;393141;316102
154773;309016;266840
154774;293991;288829
154775;380228;340825
154776;285301;313089
154777;418172;266783
154778;354636;291165
154779;306534;231640
154780;355345;297902
154781;352625;314472
154782;349372;327321
154783;346260;314748
154784;295510;231551
154785;283140;238190
154786;421456;309782
154787;294040;284681
154788;413303;253004
154789;381112;318687
154790;283159;220334
154791;282058;269899
154792;423615;281135
154793;384924;304161
154794;301940;259786
154795;285964;275687
154796;331439;311467
154797;324026;286348
154798;270363;264277
154799;362833;222985
154800;421972;332658
154801;328926;291011
154802;349888;288683
154803;274324;252371
154804;363465;283203
154805;395336;297349
154806;378627;237426
154807;313903;298898
154808;307352;262962
154809;379945;314874
154810;270008;288381
154811;282599;272927
154812;405100;255919
154813;271216;312018
154814;259725;292189
154815;355345;298058
154816;282148;370268
154817;379971;292179
154818;300351;298753
154819;281818;280753
154820;280595;216601
154821;408498;251791
154822;287895;297600
154823;422836;273960
154824;267112;333005
154825;318257;268261
154826;286621;296517
154827;381743;215515
154828;344100;298536
154829;263460;321024
154830;305305;289637
154831;347696;352248
154832;343992;262352
154833;261733;265973
154834;382756;294419
154835;379633;319873
154836;275550;274979
154837;461604;240910
154838;328859;298750
154839;381382;288264
154840;344431;286453
154841;417546;303702
154842;343056;286311
154843;337511;267233
154844;324161;227015
154845;410562;270806
154846;337050;337887
154847;342160;309797
154848;409628;275994
154849;326772;330466
154850;308297;307774
154851;357014;278655
154852;422142;281115
154853;334094;328974
154854;417949;299664
154855;332738;259742
154856;270939;303035
154857;332168;257218
154858;407294;310513
154859;406078;301697
154860;399514;284869
154861;328743;251855
154862;293754;227675
154863;427095;282226
154864;406486;294289
154865;411515;242956
154866;277250;263651
154867;353596;255317
154868;317983;281693
154869;278322;238238
154870;350512;319051
154871;307347;291035
154872;424494;275419
154873;295789;303546
154874;328215;302135
154875;383133;248782
154876;432239;231659
154877;401218;285939
154878;324858;205332
154879;330547;314109
154880;396580;267383
154881;390826;290788
154882;358687;326700
154883;367321;280118
154884;406738;327703
154885;266339;301359
154886;277679;329327
154887;391466;235177
154888;371524;252322
154889;416169;328676
154890;331444;245276
154891;277199;268198
154892;426651;245876
154893;370361;303989
154894;277391;293513
154895;362848;278832
154896;411745;271930
154897;273317;327965
154898;406292;309897
154899;345357;325790
154900;399592;306737
154901;331576;297531
154902;293653;296008
154903;384543;297671
154904;364873;253660
154905;267024;255679
154906;281155;311855
154907;272615;313320
154908;420571;317655
154909;311989;253662
154910;374766;317872
154911;348492;317109
154912;284159;291861
154913;390203;327257
154914;265275;240702
154915;278858;272957
154916;295190;216241
154917;392469;340186
154918;417997;242941
154919;317104;304168
154920;402034;255316
154921;312646;284283
154922;346179;287702
154923;322212;266291
154924;352490;283995
154925;290951;245140
154926;385864;239834
154927;391668;314528
154928;281417;318515
154929;272355;303748
154930;280786;313158
154931;294146;314404
154932;392047;243435
154933;322477;283168
154934;375719;303185
154935;326846;271170
154936;350819;265663
154937;357956;248045
154938;402196;303196
154939;264138;235648
154940;308028;240181
154941;259780;324356
154942;258268;245809
154943;432052;300502
154944;375731;274094
154945;278979;264400
154946;274878;292581
154947;295242;248596
154948;269389;245990
154949;399239;234362
154950;366941;227342
154951;273170;294281
154952;354957;292193
154953;407885;267515
154954;383153;290889
154955;307057;336847
154956;291833;259082
154957;275539;255736
154958;295833;306128
154959;335108;223290
154960;266909;277206
154961;299907;292760
154962;279882;319782
154963;337848;277549
154964;309797;365930
154965;278960;283792
154966;321798;316836
154967;344887;316093
154968;397834;299411
154969;332378;251740
154970;306181;288554
154971;404536;301504
154972;386262;338286
154973;266058;245962
154974;266901;283344
154975;426524;288301
154976;279615;306169
154977;426685;310071
154978;317586;329228
154979;299182;322075
154980;395662;286749
154981;282577;312258
154982;422927;302530
154983;382351;272694
154984;374488;250210
154985;422333;273513
154986;579941;303381
154987;403787;288828
154988;514158;265116
154989;580001;242014
154990;510610;257611
154991;534049;335084
154992;497862;216624
154993;442888;223988
154994;532037;275047
154995;567883;223343
154996;364554;238461
154997;470877;245712
154998;581042;257153
154999;383637;290352
155000;403120;300410
155001;378334;213946
155002;560579;315669
155003;517534;257822
155004;492248;302186
155005;493852;244309
155006;549493;247336
155007;419130;292249
155008;545065;244257
155009;495644;286593
155010;577399;305532
155011;363955;263076
155012;441275;304649
155013;381914;278412
155014;499704;264001
155015;508172;332580
155016;367717;320932
155017;571364;239658
155018;480148;296036
155019;453218;290351
155020;579299;317443
155021;512532;241136
155022;578869;329154
155023;532113;234161
155024;581561;287600
155025;535624;240342
155026;571530;216465
155027;442572;312575
155028;397608;250773
155029;429696;344269
155030;570122;324488
155031;577584;217204
155032;364810;231425
155033;413188;319765
155034;380489;298582
155035;480374;340531
155036;563367;236807
155037;561255;299739
155038;593168;280360
155039;383234;279206
155040;387943;238068
155041;521201;313638
155042;374950;299832
155043;566154;275444
155044;437436;316624
155045;413684;290072
155046;483237;279731
155047;433347;279571
155048;572139;330131
155049;358698;266456
155050;403862;252460
155051;442437;278987
155052;388319;271789
155053;478136;241605
155054;576594;289986
155055;462992;337565
155056;399273;219688
155057;384089;317743
155058;354621;294900
155059;368431;229915
155060;404590;282562
155061;557598;296732
155062;587767;285316
155063;552601;255096
155064;459413;271754
155065;495844;254608
155066;460141;229194
155067;527293;247962
155068;372677;303781
155069;503368;305338
155070;367127;274480
155071;592033;301865
155072;359472;292256
155073;460443;338640
155074;501292;257908
155075;455333;314113
155076;495541;248513
155077;360256;313745
155078;355949;316907
155079;378772;290628
155080;401461;256100
155081;540632;301503
155082;431015;263367
155083;387864;310164
155084;399816;319344
155085;449034;279938
155086;536523;302694
155087;542044;269515
155088;473594;322824
155089;566692;295491
155090;446303;283212
155091;523696;242658
155092;509013;357089
155093;376387;323175
155094;445593;240830
155095;370688;282843
155096;397370;289260
155097;576686;311187
155098;484069;280368
155099;401955;302768
155100;581812;302214
155101;406140;269447
155102;394547;298215
155103;582570;343352
155104;406267;331511
155105;497205;284340
155106;496073;233223
155107;428151;229224
155108;468800;230541
155109;586598;252809
155110;545190;215777
155111;418429;282644
155112;370978;253878
155113;407748;254837
155114;372922;309650
155115;386147;295708
155116;500242;238031
155117;555430;245558
155118;525852;275212
155119;426231;242243
155120;521441;261378
155121;357242;250677
155122;438143;219167
155123;561022;293199
155124;416736;272335
155125;379353;298647
155126;361437;298621
155127;527275;259339
155128;468898;273660
155129;390036;298190
155130;562576;298101
155131;501498;297162
155132;552639;255127
155133;362017;344775
155134;524442;322453
155135;380473;322780
155136;493551;247102
155137;380055;302596
155138;488635;315183
155139;553427;244005
155140;513152;221528
155141;420410;285897
155142;584583;277039
155143;452488;216343
155144;367358;237091
155145;359983;309719
155146;540086;238412
155147;408907;285934
155148;532490;254868
155149;489052;291053
155150;381546;224734
155151;507252;336909
155152;525349;258804
155153;474808;278321
155154;465279;262499
155155;569758;292469
155156;586995;304202
155157;435474;255510
155158;547287;333133
155159;546735;332476
155160;545669;304051
155161;422284;275013
155162;568454;350784
155163;576209;278233
155164;403344;328011
155165;459372;229612
155166;377825;274310
155167;401629;265353
155168;377306;315396
155169;478618;303136
155170;499837;331538
155171;417035;217526
155172;567117;283720
155173;420978;227204
155174;481221;326501
155175;432661;277171
155176;444649;223791
155177;506170;212576
155178;580232;306778
155179;537981;277440
155180;449854;314641
155181;556267;296286
155182;360974;311852
155183;384661;343959
155184;396331;308360
155185;493468;287647
155186;504255;333081
155187;355167;238798
155188;563395;324534
155189;426669;309996
155190;530126;342718
155191;361282;216679
155192;576329;335491
155193;552762;299160
155194;591321;306790
155195;468276;292231
155196;378371;335260
155197;541627;276136
155198;586123;255389
155199;585927;204102
155200;482794;256891
155201;426237;289199
155202;404813;225640
155203;419592;316254
155204;448539;303149
155205;470033;360617
155206;424184;214187
155207;492772;292009
155208;519518;261034
155209;499949;317291
155210;540697;264225
155211;590222;300886
155212;389375;338211
155213;471076;275566
155214;593920;302939
155215;383500;294813
155216;531968;268893
155217;571473;265431
155218;412718;244365
155219;424688;291738
155220;420578;299259
155221;435225;277722
155222;406673;288744
155223;565249;228057
155224;365726;245337
155225;493152;255231
155226;485778;282561
155227;561517;291024
155228;550382;243600
155229;516199;212509
155230;481251;275841
155231;423600;314885
155232;398375;280567
155233;548939;272976
155234;548453;293189
155235;570408;336559
155236;361746;270722
155237;376867;239835
155238;362785;272995
155239;582737;304682
155240;462635;300465
155241;438983;292575
155242;355645;308318
155243;412969;292296
155244;563300;270951
155245;469359;246421
155246;536909;268644
155247;419122;248852
155248;390102;269775
155249;440688;271420
155250;449821;245707
155251;574922;259448
155252;479924;291659
155253;449551;247352
155254;537733;286385
155255;468521;271019
155256;475829;259135
155257;561177;284312
155258;417464;334165
155259;580805;308456
155260;421089;292123
155261;541811;331487
155262;424258;299571
155263;516920;303564
155264;423875;294816
155265;360674;260201
155266;382449;224519
155267;365393;264733
155268;513241;335056
155269;398561;251249
155270;434355;315799
155271;533325;264614
155272;569947;225800
155273;507548;271782
155274;431250;257083
155275;459175;275842
155276;414497;300718
155277;367978;285017
155278;532170;269220
155279;482559;300695
155280;567895;272527
155281;596137;346379
155282;498460;270032
155283;558402;248809
155284;492961;254931
155285;574365;240904
155286;524986;321944
155287;355136;282401
155288;553130;300853
155289;495529;295130
155290;385610;228088
155291;386320;277632
155292;591217;244452
155293;381022;240646
155294;585053;272890
155295;380552;236586
155296;520477;307523
155297;589130;313121
155298;520983;291990
155299;465377;281448
155300;386932;240650
155301;521020;269672
155302;577632;316171
155303;459850;246715
155304;390354;283422
155305;626958;306783
155306;433606;265140
155307;401205;295120
155308;373122;269788
155309;413482;257601
155310;458524;340262
155311;534051;255528
155312;362794;303727
155313;426119;329629
155314;367172;285732
155315;397084;280796
155316;448636;280345
155317;447310;291395
155318;360814;269226
155319;543650;296053
155320;438528;227221
155321;435184;231564
155322;573580;261245
155323;435219;243620
155324;537055;287220
155325;484339;312885
155326;438974;325994
155327;420031;257047
155328;457904;268186
155329;567335;259727
155330;561580;326256
155331;478415;277195
155332;373972;289168
155333;535101;309916
155334;564419;280311
155335;422139;322559
155336;513831;321851
155337;398582;310697
155338;526492;270758
155339;416544;265405
155340;402533;262252
155341;355418;275533
155342;504721;283225
155343;414470;247842
155344;537377;273883
155345;399532;255836
155346;460025;249726
155347;493326;323226
155348;467363;284097
155349;402550;288965
155350;461889;323637
155351;579036;292745
155352;492279;325399
155353;374686;210396
155354;457684;330513
155355;560458;273115
155356;504818;288190
155357;503618;315788
155358;519544;254260
155359;405394;273697
155360;536613;300481
155361;388508;266668
155362;499537;298338
155363;401728;298039
155364;500158;284640
155365;451263;295192
155366;583639;317750
155367;367501;301255
155368;429856;302218
155369;419615;243262
155370;390976;328543
155371;584337;262175
155372;429820;315570
155373;524211;272402
155374;360514;242980
155375;535590;286985
155376;481714;323508
155377;509624;311868
155378;435946;275645
155379;520765;313679
155380;507480;310753
155381;477749;276555
155382;359102;292125
155383;460421;256634
155384;424083;306679
155385;556796;218498
155386;496774;300795
155387;537269;268911
155388;498279;320711
155389;397275;280457
155390;424168;315997
155391;593521;252761
155392;359414;260571
155393;531620;275242
155394;390819;312313
155395;560256;293296
155396;532628;243539
155397;503898;251620
155398;472766;251779
155399;401392;268912
155400;570359;266256
155401;474130;327044
155402;548787;310492
155403;377352;229137
155404;359893;317189
155405;435333;258280
155406;522047;258651
155407;496954;300278
155408;532684;270392
155409;465183;275764
155410;521724;303709
155411;526626;263497
155412;490769;259557
155413;592481;262832
155414;475001;218629
155415;390750;259321
155416;362529;278910
155417;435977;330119
155418;531038;374761
155419;441181;310726
155420;539840;271723
155421;455771;234341
155422;416675;291092
155423;356510;286115
155424;496753;263265
155425;372176;242566
155426;582635;247253
155427;513595;336183
155428;458449;288054
155429;458818;304996
155430;373189;275188
155431;413412;300070
155432;425397;236353
155433;396865;284026
155434;345936;227819
155435;378674;269159
155436;308214;323919
155437;466976;265573
155438;431309;290154
155439;455581;318761
155440;405808;337774
155441;353404;302808
155442;382263;323014
155443;496995;251874
155444;422612;322978
155445;470463;248258
155446;338358;257675
155447;466595;302075
155448;409407;295733
155449;371643;271461
155450;365737;265813
155451;483056;333407
155452;323197;299490
155453;399467;268675
155454;307839;235012
155455;483829;232427
155456;364175;250573
155457;387040;251583
155458;312881;241366
155459;431501;259097
155460;434881;246419
155461;499315;242461
155462;480606;239044
155463;409899;281835
155464;318054;239090
155465;434569;307490
155466;446401;301062
155467;453967;238447
155468;429626;287829
155469;503668;225464
155470;458291;277309
155471;496457;260900
155472;424726;264022
155473;343792;310339
155474;439377;217112
155475;312905;329472
155476;450196;255234
155477;338019;304140
155478;309990;317038
155479;395319;285343
155480;329317;304144
155481;347330;258293
155482;331804;297058
155483;438913;296894
155484;437240;241354
155485;474146;294742
155486;408844;232890
155487;496544;303171
155488;451069;259798
155489;404917;306910
155490;461901;317853
155491;441432;245301
155492;494474;241917
155493;345089;271161
155494;408199;309819
155495;326481;336688
155496;348128;264018
155497;404327;324892
155498;439681;324198
155499;352419;257182
155500;477556;299853
155501;451335;298874
155502;373433;259735
155503;333360;273879
155504;445814;326800
155505;357657;293158
155506;428533;305482
155507;319203;323951
155508;320736;288993
155509;489062;313947
155510;468340;264632
155511;318355;284732
155512;411087;248780
155513;476026;299366
155514;347400;265098
155515;426889;313492
155516;492965;287890
155517;321103;221022
155518;407449;236968
155519;373330;321693
155520;409539;277702
155521;388217;240026
155522;442184;268833
155523;310774;222765
155524;408106;264465
155525;334042;259012
155526;308573;329771
155527;433287;299597
155528;453037;300898
155529;315272;227517
155530;412013;298056
155531;406188;319028
155532;428665;266465
155533;484886;329246
155534;316098;322303
155535;316604;288027
155536;396690;288353
155537;335084;288873
155538;400106;271379
155539;329684;274728
155540;455999;232905
155541;406036;345522
155542;315492;286075
155543;495948;318215
155544;379120;265241
155545;447414;301967
155546;359110;277078
155547;330557;268344
155548;350561;284931
155549;423958;254652
155550;342356;296208
155551;494105;250359
155552;434752;297543
155553;419449;255902
155554;359474;203615
155555;380227;293357
155556;317155;278157
155557;406181;298327
155558;316275;235412
155559;480320;272984
155560;509791;299925
155561;457068;326052
155562;435979;269991
155563;481690;245487
155564;322516;273479
155565;320937;271841
155566;326472;212361
155567;500438;266667
155568;325139;270568
155569;355414;280541
155570;506699;228151
155571;442233;276654
155572;349434;271508
155573;463147;223652
155574;433497;273368
155575;310622;293219
155576;345969;286748
155577;507890;337779
155578;347065;339113
155579;431508;270035
155580;364276;291991
155581;375484;291236
155582;412538;301364
155583;470728;319265
155584;503473;268835
155585;481862;306487
155586;340429;233369
155587;384653;295163
155588;340880;323637
155589;427775;292287
155590;416345;245810
155591;361281;278750
155592;481264;285029
155593;434061;256732
155594;422169;316774
155595;510574;258295
155596;383716;299139
155597;329498;311421
155598;368706;300619
155599;408704;234740
155600;364914;218384
155601;481733;275421
155602;319330;248309
155603;407782;251832
155604;497162;292853
155605;502804;289025
155606;449026;311974
155607;323464;333960
155608;412005;253149
155609;505640;330218
155610;495052;279606
155611;438325;292191
155612;525473;244171
155613;371362;247726
155614;332967;228556
155615;377070;263101
155616;408746;278707
155617;341566;260410
155618;356907;307365
155619;502945;269982
155620;496294;308446
155621;414797;256373
155622;470428;245100
155623;427720;268749
155624;426560;262818
155625;410494;228611
155626;427333;238272
155627;378127;314729
155628;458237;266505
155629;432538;265590
155630;351109;278394
155631;443429;245301
155632;394023;298119
155633;383641;270789
155634;313216;269693
155635;452629;307895
155636;434454;303865
155637;324403;304073
155638;312722;305645
155639;384135;292365
155640;487551;311489
155641;304217;248022
155642;364587;311969
155643;378087;229495
155644;409855;291896
155645;313562;222080
155646;405775;319422
155647;324448;329222
155648;481631;299976
155649;398852;268891
155650;318932;236332
155651;492111;282184
155652;340496;247233
155653;477372;292122
155654;363709;246197
155655;476568;318965
155656;494760;290822
155657;441321;237525
155658;352547;257663
155659;441220;275278
155660;358407;297130
155661;307760;303204
155662;391199;287767
155663;464434;294812
155664;468939;321933
155665;456854;280551
155666;421508;298727
155667;493216;242195
155668;354935;216120
155669;338090;330226
155670;440802;324543
155671;324568;273902
155672;312666;303551
155673;459421;361485
155674;439314;347807
155675;417275;328999
155676;455788;291668
155677;404765;260612
155678;313520;286696
155679;497138;245202
155680;393728;325755
155681;419127;319216
155682;329532;266890
155683;346155;250524
155684;457335;321970
155685;364533;315589
155686;357188;270979
155687;310455;260652
155688;336895;242157
155689;372608;300478
155690;358308;283046
155691;420245;315911
155692;506932;312658
155693;428794;258901
155694;455798;265198
155695;324861;251835
155696;310342;304152
155697;474777;288341
155698;446187;277929
155699;344837;308540
155700;350127;265882
155701;436852;311105
155702;484471;312940
155703;435332;267065
155704;466045;276643
155705;478915;351577
155706;367758;287811
155707;377838;273756
155708;378311;268682
155709;354254;240218
155710;337739;326973
155711;502528;262596
155712;440163;321791
155713;504030;248048
155714;382686;272986
155715;419601;323877
155716;495319;271606
155717;373890;280029
155718;459080;281041
155719;473929;216146
155720;329290;278514
155721;378108;285888
155722;494633;326862
155723;373378;282201
155724;505168;291486
155725;384648;253138
155726;486096;312228
155727;305376;325129
155728;349309;230159
155729;352203;311074
155730;334623;285216
155731;322412;294665
155732;455509;235499
155733;440817;304702
155734;429868;232055
155735;359158;278685
155736;470993;297571
155737;404575;284423
155738;466584;253232
155739;496409;244200
155740;335393;295536
155741;324122;262773
155742;461767;311312
155743;341117;248880
155744;338281;271902
155745;335139;304853
155746;493160;215882
155747;389300;288725
155748;315195;297119
155749;411092;282032
155750;465294;240855
155751;497134;298394
155752;365427;291934
155753;347147;260782
155754;492452;264531
155755;506742;266950
155756;344785;258011
155757;402883;254878
155758;450790;299700
155759;409382;268690
155760;488063;283108
155761;348696;293739
155762;369711;313621
155763;434274;275921
155764;434304;335497
155765;297373;260844
155766;362465;305092
155767;422926;260052
155768;348144;304970
155769;365971;249347
155770;427790;288934
155771;311572;335486
155772;355285;251984
155773;358992;257436
155774;369576;253812
155775;280822;303726
155776;304119;255891
155777;361185;301219
155778;390492;245746
155779;340192;248894
155780;280943;285767
155781;274540;300896
155782;417110;314622
155783;377908;348640
155784;437444;240851
155785;352419;222356
155786;355143;264879
155787;281167;323638
155788;411003;235612
155789;401012;258420
155790;347813;230664
155791;367459;306899
155792;271187;236930
155793;306329;315662
155794;284240;294903
155795;428859;231467
155796;328638;300891
155797;304862;210525
155798;350628;248460
155799;391102;291342
155800;300664;285034
155801;455411;250236
155802;294374;321306
155803;334334;243908
155804;420653;256971
155805;268386;251999
155806;314590;262019
155807;441712;249812
155808;325155;266793
155809;303991;215460
155810;403956;294615
155811;392574;296492
155812;405895;273290
155813;440191;259534
155814;372554;296372
155815;364066;228829
155816;450136;251714
155817;377502;274746
155818;303230;310564
155819;401543;310996
155820;352683;308856
155821;281041;302866
155822;305237;297139
155823;368882;230498
155824;383700;280572
155825;434933;335996
155826;290623;245015
155827;346955;235227
155828;434905;238469
155829;292602;235349
155830;383793;350890
155831;373947;310570
155832;373171;221516
155833;443082;292056
155834;375075;244725
155835;390257;230144
155836;303455;314014
155837;334852;324427
155838;384949;315973
155839;412657;303351
155840;386750;227325
155841;445466;282867
155842;345238;296186
155843;373748;349565
155844;412012;313606
155845;303574;273313
155846;389899;272687
155847;391053;286396
155848;329629;246841
155849;338445;319212
155850;375722;316804
155851;323255;314241
155852;416410;255668
155853;294380;316478
155854;362688;278848
155855;300449;263292
155856;309877;245551
155857;389622;294355
155858;440791;273071
155859;334811;222636
155860;324220;329850
155861;354805;249926
155862;299032;298730
155863;322985;234832
155864;329783;304011
155865;414967;309141
155866;370882;299235
155867;315664;285507
155868;412739;310587
155869;284878;304501
155870;325663;264164
155871;422719;324003
155872;364289;237522
155873;380775;289298
155874;294680;244009
155875;437755;326007
155876;415869;228293
155877;385251;298747
155878;421338;276136
155879;452383;283691
155880;382295;243061
155881;435504;262281
155882;393091;211181
155883;420453;307424
155884;409887;320129
155885;292755;250924
155886;428590;282565
155887;386800;307640
155888;318320;287705
155889;448104;299329
155890;297938;257933
155891;362969;279195
155892;437962;257727
155893;444902;254488
155894;435075;270819
155895;429662;318716
155896;384772;240300
155897;435413;228440
155898;388740;272730
155899;339812;261390
155900;356224;239496
155901;412293;284592
155902;432100;223967
155903;426666;295254
155904;296020;238196
155905;299222;303693
155906;361702;275315
155907;407907;280482
155908;361669;274075
155909;341756;236602
155910;323404;288502
155911;408979;301814
155912;406989;258424
155913;366698;281387
155914;337925;323414
155915;325743;243052
155916;439875;207621
155917;430462;308591
155918;296599;292229
155919;385106;259321
155920;341995;295969
155921;300205;286825
155922;338179;321035
155923;379610;250130
155924;325250;256287
155925;352228;266365
155926;312724;266780
155927;364631;240268
155928;419450;282780
155929;350279;271254
155930;277690;277503
155931;355040;244473
155932;423231;265572
155933;329048;231463
155934;345952;351578
155935;408433;317937
155936;452247;278705
155937;318954;263355
155938;370377;319041
155939;391223;324299
155940;370751;283225
155941;411115;250477
155942;374474;285920
155943;380229;223597
155944;387139;260247
155945;405820;282669
155946;340222;301922
155947;279490;218049
155948;410905;247060
155949;279089;345027
155950;313366;277195
155951;411954;226770
155952;378336;241936
155953;380719;312301
155954;349911;241996
155955;432066;323670
155956;292966;298901
155957;380735;227864
155958;356993;284712
155959;281444;315289
155960;326667;269327
155961;425303;300160
155962;314241;258785
155963;390937;291907
155964;432333;305887
155965;337483;291367
155966;354015;305035
155967;376904;225099
155968;306771;242306
155969;341299;313383
155970;450924;241899
155971;324122;266440
155972;283080;224733
155973;403993;225908
155974;286159;256684
155975;278635;314090
155976;430527;273987
155977;315845;267038
155978;279539;303555
155979;327435;255756
155980;433369;301772
155981;366918;260391
155982;406929;240232
155983;400128;282973
155984;324119;302446
155985;329101;304717
155986;414220;255921
155987;282419;252762
155988;397002;298243
155989;294520;259368
155990;414222;249646
155991;295189;263856
155992;398347;296835
155993;299143;250666
155994;419293;272285
155995;357955;226205
155996;299715;314175
155997;283049;228031
155998;275082;285575
155999;370090;299270
156000;346068;261954
156001;298395;269700
156002;294829;277837
156003;445889;254111
156004;405239;300393
156005;429709;266410
156006;423689;219242
156007;303630;269003
156008;281761;329848
156009;322764;293268
156010;419238;272523
156011;350845;215155
156012;344815;322106
156013;416135;301823
156014;372357;290881
156015;373034;254951
156016;446539;252782
156017;437336;274268
156018;428996;246124
156019;344362;215552
156020;341226;313554
156021;305539;285700
156022;421373;304440
156023;459218;246130
156024;406678;355335
156025;344602;320925
156026;373463;237756
156027;416604;247996
156028;386097;241777
156029;315335;301334
156030;414169;275776
156031;336364;284685
156032;330485;291483
156033;437010;240685
156034;353483;267830
156035;352861;258663
156036;395512;281242
156037;417679;237868
156038;446961;318936
156039;404702;262005
156040;387625;294326
156041;336161;263628
156042;360880;229663
156043;342312;265619
156044;371275;302168
156045;316943;302289
156046;327808;307626
156047;342437;265486
156048;286185;296887
156049;382975;294159
156050;310232;234625
156051;422452;239359
156052;425205;336876
156053;438814;279511
156054;449086;239591
156055;373383;298305
156056;425348;291440
156057;387179;326941
156058;366857;275356
156059;450030;250957
156060;268316;319519
156061;425033;291790
156062;282567;240338
156063;276229;269050
156064;430760;300252
156065;396530;241008
156066;367078;273170
156067;322855;289306
156068;311689;284515
156069;420152;314626
156070;331684;302171
156071;441238;267105
156072;319721;310488
156073;397884;335934
156074;303532;233765
156075;405153;318164
156076;408144;318920
156077;306599;260886
156078;363362;304367
156079;338639;223111
156080;368058;325947
156081;492838;238814
156082;293260;304520
156083;416037;339839
156084;292532;307345
156085;319630;295222
156086;381251;270504
156087;441752;273419
156088;303292;275314
156089;347627;286751
156090;330400;279952
156091;359303;239835
156092;432995;265955
156093;437335;212259
156094;375580;245925
156095;390952;309396
156096;444417;317350
156097;323892;329309
156098;316307;272773
156099;309804;282562
156100;375826;310524
156101;300872;264010
156102;397574;313366
156103;433070;208005
156104;286422;299288
156105;306679;254369
156106;328476;314860
156107;349237;285263
156108;441065;327177
156109;413359;298446
156110;403754;314758
156111;438094;262461
156112;373675;215335
156113;269345;360265
156114;359622;308020
156115;319710;317792
156116;287243;281223
156117;382690;237004
156118;381248;283510
156119;414278;265545
156120;374179;263024
156121;416270;253675
156122;300588;287905
156123;324874;300566
156124;333630;322313
156125;376458;266702
156126;356772;287007
156127;416855;361169
156128;374458;229972
156129;328312;293461
156130;289489;250287
156131;392183;278141
156132;373449;313681
156133;285949;296135
156134;301745;335940
156135;348108;275694
156136;409722;291311
156137;437130;297182
156138;373152;279431
156139;333223;273225
156140;336287;266882
156141;449479;257137
156142;419121;338066
156143;442847;349821
156144;306725;255862
156145;278259;210834
156146;342113;260141
156147;432750;239179
156148;348009;244783
156149;427238;290885
156150;525193;275177
156151;499632;295760
156152;574607;207255
156153;374799;273107
156154;547861;297121
156155;581220;261169
156156;404417;311388
156157;444059;287228
156158;375481;281235
156159;521327;293195
156160;448324;294085
156161;479469;305985
156162;446378;276121
156163;547663;321995
156164;486684;319060
156165;471500;247711
156166;473726;266702
156167;548711;326726
156168;560758;267177
156169;443816;304818
156170;487546;295049
156171;466134;318205
156172;368732;265811
156173;547510;299680
156174;497442;253844
156175;395122;312025
156176;572888;306834
156177;532001;288197
156178;512861;212713
156179;371561;245074
156180;507521;281673
156181;413711;236168
156182;358625;266252
156183;392122;327511
156184;423930;235940
156185;355235;255672
156186;469917;339431
156187;481521;330607
156188;437272;205152
156189;442647;323715
156190;451325;256737
156191;560521;236180
156192;376343;307414
156193;432037;318383
156194;424543;325667
156195;356643;280333
156196;543734;316827
156197;373826;262997
156198;474514;247326
156199;479457;324096
156200;534726;241045
156201;484322;320603
156202;394521;234443
156203;514832;321516
156204;425769;300298
156205;448274;316013
156206;476118;269506
156207;534011;237247
156208;381704;263794
156209;449059;249155
156210;547742;241505
156211;394081;304022
156212;532450;264704
156213;404415;299569
156214;371962;276316
156215;365462;327254
156216;461676;282802
156217;497243;257451
156218;436741;314553
156219;489786;258929
156220;562331;290732
156221;533947;227339
156222;374770;335885
156223;488845;300216
156224;450177;343036
156225;495029;307755
156226;445629;264340
156227;389003;315607
156228;407314;271116
156229;538187;295046
156230;380201;326218
156231;510419;303487
156232;425136;251586
156233;460544;317638
156234;542355;227476
156235;479045;291679
156236;464113;288297
156237;502060;334415
156238;446790;251787
156239;505352;334339
156240;481786;327820
156241;403174;251431
156242;426228;288021
156243;537082;305101
156244;533764;209864
156245;397319;245249
156246;360036;241993
156247;391484;330805
156248;397295;281648
156249;373214;310798
156250;501262;225073
156251;504986;284005
156252;456128;274216
156253;467558;271203
156254;537431;275692
156255;448481;296994
156256;501519;276334
156257;483894;246172
156258;388978;296841
156259;556625;278613
156260;477630;263716
156261;462560;336633
156262;541240;299253
156263;516325;302835
156264;536664;266756
156265;410398;256709
156266;439457;293154
156267;391159;297059
156268;554082;338364
156269;566503;265377
156270;507056;269751
156271;467673;241317
156272;482084;249538
156273;489737;245066
156274;574447;234660
156275;565185;290009
156276;501741;330444
156277;376399;223488
156278;501215;253945
156279;438607;275337
156280;450991;231967
156281;486224;214300
156282;404891;351188
156283;505277;296411
156284;444185;325485
156285;402413;305746
156286;454053;210428
156287;557248;302152
156288;543089;273512
156289;412281;269028
156290;506605;362484
156291;403774;345267
156292;466756;249728
156293;520406;283876
156294;511125;252791
156295;556015;230053
156296;547394;353461
156297;502603;345338
156298;498428;273087
156299;427679;253688
156300;457774;257864
156301;377822;298935
156302;469113;269004
156303;456187;258473
156304;496450;266326
156305;537738;304048
156306;499300;303977
156307;513975;252380
156308;588656;302532
156309;468972;271922
156310;513103;245002
156311;362958;288043
156312;428860;228286
156313;483787;288254
156314;510228;290556
156315;514025;307584
156316;483816;305405
156317;495959;301618
156318;517341;277116
156319;422726;264755
156320;567493;266919
156321;575506;302315
156322;530447;289699
156323;384739;264231
156324;369142;291726
156325;361193;260918
156326;417020;252596
156327;372493;306677
156328;504469;229809
156329;441202;356535
156330;386429;304246
156331;411736;326586
156332;523474;322146
156333;390628;292699
156334;414213;321725
156335;483605;265287
156336;374194;303782
156337;497626;326626
156338;514591;290865
156339;401609;328861
156340;388602;302208
156341;562026;306101
156342;407935;327239
156343;374555;239221
156344;377801;282680
156345;577131;305845
156346;369423;289700
156347;586984;285372
156348;412292;305431
156349;420956;260215
156350;585347;318291
156351;438353;320519
156352;460349;296856
156353;563449;277877
156354;363595;283007
156355;480483;282259
156356;519738;285331
156357;470546;298882
156358;571727;211341
156359;536703;325060
156360;491552;260714
156361;480706;218473
156362;392300;285283
156363;441849;274520
156364;425256;309462
156365;359757;306599
156366;584343;269528
156367;429937;305960
156368;438704;275973
156369;354355;310382
156370;370842;267844
156371;485135;239222
156372;395748;274649
156373;507194;307127
156374;576014;247085
156375;454695;232438
156376;533484;259149
156377;391603;259225
156378;451000;277149
156379;527157;274983
156380;398032;310308
156381;565822;228328
156382;485712;272034
156383;378732;288185
156384;406403;270400
156385;556577;294329
156386;363648;252159
156387;479405;283034
156388;416050;260874
156389;572777;233944
156390;368398;343599
156391;533704;246818
156392;537142;270145
156393;495791;257877
156394;427640;286183
156395;469419;218694
156396;527572;258678
156397;544277;250926
156398;516278;319011
156399;355058;227246
156400;531935;246903
156401;469756;241071
156402;528892;317810
156403;492607;245530
156404;517169;269007
156405;556150;251594
156406;554983;290652
156407;557223;231010
156408;535227;240562
156409;478840;310313
156410;454039;301440
156411;470777;323735
156412;368586;284997
156413;352161;250494
156414;459975;224381
156415;380971;250743
156416;563271;245600
156417;427192;309126
156418;389189;321251
156419;508480;252910
156420;518803;323863
156421;563257;290814
156422;507541;233727
156423;515519;333473
156424;543725;235682
156425;354080;288125
156426;411187;305147
156427;502628;289528
156428;392108;288673
156429;481177;226975
156430;444526;328298
156431;407031;296281
156432;362959;299212
156433;505800;278174
156434;393474;310822
156435;594627;295163
156436;462578;252523
156437;399654;305737
156438;397806;285546
156439;543042;246256
156440;575441;284038
156441;368501;274352
156442;389893;256707
156443;390971;300013
156444;549171;326531
156445;465480;230137
156446;438815;237903
156447;415119;251486
156448;414116;235995
156449;521974;279566
156450;355972;314854
156451;360591;286777
156452;446815;272708
156453;501435;285431
156454;404396;260068
156455;557730;271765
156456;409959;231168
156457;448435;283775
156458;566839;242118
156459;568022;289502
156460;465781;335575
156461;489720;272013
156462;545560;272836
156463;398131;242918
156464;468163;251337
156465;555156;243733
156466;479008;317164
156467;530760;283788
156468;475899;255922
156469;370120;327294
156470;438017;248123
156471;390176;256099
156472;566436;226739
156473;373041;272864
156474;555069;288926
156475;515973;277479
156476;449728;263719
156477;510774;275654
156478;560090;255133
156479;463480;255568
156480;501327;232426
156481;571464;343974
156482;502967;253630
156483;394869;296063
156484;523550;288998
156485;535721;289371
156486;526180;239699
156487;567787;300264
156488;355638;295534
156489;422853;255884
156490;301355;291939
156491;459184;333466
156492;402352;276211
156493;581685;297078
156494;305935;257773
156495;363937;303109
156496;355204;299351
156497;287082;252362
156498;342999;237503
156499;340118;269519
156500;318013;311082
156501;321536;243586
156502;251123;297478
156503;274115;326339
156504;328151;283918
156505;270275;248761
156506;330836;300274
156507;330566;272750
156508;374452;272229
156509;371976;300121
156510;392031;282854
156511;261783;295435
156512;386119;322438
156513;281745;295091
156514;271581;304193
156515;335422;258256
156516;415170;328318
156517;254634;239560
156518;348611;336418
156519;299478;293733
156520;384534;285576
156521;265289;291012
156522;371752;317694
156523;319595;292206
156524;371893;287710
156525;314104;239338
156526;328697;241802
156527;401900;264094
156528;265763;288971
156529;308075;316347
156530;337535;296364
156531;293957;332631
156532;292726;315937
156533;401037;258465
156534;280988;231349
156535;384713;233764
156536;286839;260978
156537;403209;278846
156538;342496;218039
156539;332424;300802
156540;401402;303875
156541;359084;270350
156542;345369;210011
156543;356223;330169
156544;397609;269698
156545;317302;239832
156546;365004;303667
156547;269257;293048
156548;276167;276230
156549;281506;234343
156550;348242;279567
156551;317771;326878
156552;336202;272237
156553;308190;310897
156554;252355;243719
156555;415645;302988
156556;392203;287483
156557;384474;270001
156558;307118;297218
156559;271043;255683
156560;255826;312422
156561;314088;305876
156562;314534;248193
156563;418625;299967
156564;292362;233215
156565;275836;267512
156566;272073;286324
156567;362277;279986
156568;333295;284797
156569;315405;252423
156570;323882;254088
156571;373858;296279
156572;405016;328478
156573;395505;317785
156574;357495;269016
156575;275507;323344
156576;276362;323935
156577;411329;242363
156578;314125;271760
156579;332906;249685
156580;262947;250079
156581;403316;257246
156582;299110;237868
156583;291927;287632
156584;307634;284775
156585;293003;322442
156586;287998;334342
156587;348497;268468
156588;275207;320718
156589;407053;304785
156590;259070;287142
156591;370185;282746
156592;267357;255570
156593;349868;326849
156594;388015;322025
156595;408413;258793
156596;347976;229022
156597;369007;318882
156598;252234;284063
156599;293551;316330
156600;379896;208713
156601;406721;267151
156602;274313;333751
156603;266129;302472
156604;256895;265171
156605;287053;317058
156606;328341;307475
156607;316036;241371
156608;419003;291776
156609;334762;325842
156610;280745;270142
156611;342488;209921
156612;386216;274183
156613;402787;277229
156614;372115;335657
156615;269367;288117
156616;397596;295204
156617;281454;274704
156618;299625;272827
156619;384123;283375
156620;331653;311327
156621;315610;290223
156622;404605;239125
156623;270638;313253
156624;367208;257743
156625;411405;294141
156626;368585;240071
156627;371731;235350
156628;288726;261562
156629;313419;286530
156630;259091;295340
156631;341005;260578
156632;303734;321442
156633;404988;246088
156634;360724;289382
156635;329439;315903
156636;398031;307843
156637;279127;295141
156638;268095;273701
156639;286630;307970
156640;268535;282517
156641;301308;284387
156642;371914;265562
156643;401669;255852
156644;283670;230240
156645;289049;273025
156646;291013;258881
156647;253455;276868
156648;278822;255747
156649;253286;339901
156650;285579;286192
156651;366929;279865
156652;365494;267907
156653;340184;269798
156654;309775;277179
156655;358371;237781
156656;365276;229379
156657;330223;249776
156658;333354;230439
156659;327846;241246
156660;269632;294258
156661;259725;279196
156662;354649;307359
156663;375396;237517
156664;353762;267807
156665;293189;286631
156666;360476;225793
156667;352311;276613
156668;347465;279403
156669;257031;237768
156670;386747;309394
156671;422970;315550
156672;291843;249507
156673;352461;335165
156674;396508;225932
156675;352870;331833
156676;308051;315901
156677;296826;257669
156678;318111;291935
156679;252658;232726
156680;376124;300547
156681;293331;283295
156682;361513;275224
156683;311743;299212
156684;261670;261280
156685;335109;291039
156686;252740;277339
156687;282895;282556
156688;280389;270309
156689;363438;295133
156690;295544;242991
156691;381409;251074
156692;283452;251233
156693;334199;342998
156694;395010;314016
156695;287090;316237
156696;308799;297407
156697;338655;267128
156698;273921;306356
156699;291404;342093
156700;373753;301103
156701;340366;242264
156702;364227;220910
156703;286940;255505
156704;360638;330921
156705;265151;283401
156706;335519;282746
156707;311797;268711
156708;392525;283823
156709;414976;293178
156710;350110;311754
156711;406279;260934
156712;413589;321665
156713;423660;294751
156714;323170;302229
156715;262927;304845
156716;396790;261920
156717;312362;285060
156718;258977;260881
156719;279292;324515
156720;335698;233015
156721;289215;288491
156722;276316;278367
156723;276049;303688
156724;310723;326844
156725;406698;264132
156726;406590;279671
156727;288132;273860
156728;405452;297087
156729;258960;263290
156730;412213;302728
156731;345072;241171
156732;316413;233107
156733;368464;288368
156734;297858;271846
156735;299288;282363
156736;348014;326954
156737;333264;322603
156738;332180;337500
156739;272622;338162
156740;398650;371527
156741;297316;232333
156742;412902;307894
156743;313774;297284
156744;357026;287983
156745;321881;276849
156746;385523;272577
156747;319215;265068
156748;307993;308458
156749;285251;329791
156750;372405;284305
156751;307576;245890
156752;298049;265405
156753;338335;327846
156754;312200;260686
156755;390998;311829
156756;282450;321070
156757;401714;273983
156758;387676;258532
156759;362665;263106
156760;431808;257209
156761;334815;308743
156762;346584;256494
156763;357310;237831
156764;307016;288919
156765;351534;328379
156766;353913;330896
156767;276529;274961
156768;305695;258223
156769;274349;286955
156770;273697;296320
156771;309650;242073
156772;410594;264997
156773;362773;269783
156774;371215;254390
156775;371789;252946
156776;407359;292189
156777;386700;250692
156778;307532;284052
156779;408926;293291
156780;302155;302498
156781;310931;320974
156782;343797;325112
156783;349398;237856
156784;400991;291014
156785;383221;232884
156786;251995;302033
156787;303181;258438
156788;375657;265630
156789;349359;300003
156790;263994;266933
156791;309337;320888
156792;337530;262499
156793;327004;206803
156794;418501;280135
156795;409499;276892
156796;368377;277839
156797;344358;288246
156798;338112;271796
156799;263431;308915
156800;401452;229464
156801;344008;308503
156802;297520;322207
156803;413513;224967
156804;377136;336650
156805;371272;265225
156806;288944;302104
156807;294464;224465
156808;300238;280075
156809;414649;233836
156810;373960;316610
156811;252687;298860
156812;277547;285646
156813;354311;259850
156814;338577;284608
156815;357756;277575
156816;251461;295512
156817;341745;310411
156818;262126;263184
156819;277834;322873
156820;400575;240315
156821;392243;271504
156822;401501;249631
156823;370730;239615
156824;368385;258665
156825;388654;307191
156826;407496;237185
156827;291835;272690
156828;323136;254191
156829;360607;309813
156830;400299;284946
156831;398943;244964
156832;411814;291298
156833;320031;296802
156834;269502;334181
156835;257131;268781
156836;358419;312711
156837;433703;238111
156838;349202;271824
156839;288539;295441
156840;348835;289303
156841;336473;304900
156842;411894;228618
156843;418242;270450
156844;275162;234041
156845;351494;286842
156846;375285;223800
156847;381770;241175
156848;343095;287191
156849;380490;324585
156850;356685;274754
156851;411941;268543
156852;338979;333181
156853;308316;305281
156854;311046;306407
156855;301150;321628
156856;351315;295278
156857;304472;261902
156858;436874;254271
156859;278254;336682
156860;386466;276708
156861;303761;244047
156862;256157;287547
156863;269981;323951
156864;362732;266154
156865;390233;302836
156866;370592;236300
156867;307357;287352
156868;297224;240036
156869;414050;305475
156870;400005;320321
156871;309594;285929
156872;323886;281047
156873;379100;270255
156874;436079;283921
156875;398926;298253
156876;281193;279879
156877;301527;269775
156878;301359;317433
156879;334169;290994
156880;278803;250904
156881;390928;359222
156882;403460;299920
156883;403556;250286
156884;259898;309767
156885;387177;256521
156886;296480;256084
156887;399089;306764
156888;320945;266049
156889;292769;248786
156890;323923;307947
156891;323860;287673
156892;349322;284805
156893;370559;323051
156894;409284;262767
156895;376047;295290
156896;375193;256735
156897;312611;261405
156898;396593;294802
156899;326764;267053
156900;343795;261023
156901;345393;280423
156902;359608;275420
156903;378044;236945
156904;372059;285157
156905;358232;306994
156906;304652;251532
156907;282859;281393
156908;306087;250124
156909;306964;318389
156910;328220;248138
156911;215321;242596
156912;334377;273431
156913;259503;239467
156914;228919;271758
156915;241721;301982
156916;301692;287673
156917;327470;260044
156918;260503;269372
156919;276172;255926
156920;285760;284420
156921;321571;260903
156922;325475;319711
156923;277090;276196
156924;227844;296951
156925;254229;275663
156926;327846;267434
156927;322971;244650
156928;252231;314985
156929;201463;315037
156930;319481;284161
156931;256368;205275
156932;275089;268804
156933;206331;295336
156934;201130;230558
156935;228703;298813
156936;324927;251927
156937;286032;336948
156938;283850;338566
156939;210712;247848
156940;219726;253951
156941;232037;286338
156942;285362;263710
156943;239936;243841
156944;207042;236809
156945;274249;298111
156946;227061;292270
156947;209771;257227
156948;324710;336144
156949;324252;240861
156950;224372;244056
156951;273692;328359
156952;309226;311571
156953;261143;304533
156954;328371;274369
156955;252918;277440
156956;256060;259059
156957;235055;235247
156958;268222;296714
156959;326293;306755
156960;290002;296133
156961;225028;287418
156962;223764;246930
156963;316511;305520
156964;223762;281401
156965;269110;217528
156966;239916;259873
156967;306951;312147
156968;265768;279830
156969;252820;300708
156970;203581;256469
156971;231085;237942
156972;243436;237338
156973;329835;247179
156974;311726;253237
156975;244861;282758
156976;252552;254267
156977;226842;270142
156978;235148;298027
156979;228108;322476
156980;247284;292818
156981;289741;279695
156982;333170;251654
156983;235217;305955
156984;202254;268067
156985;212892;238404
156986;261260;261075
156987;245427;317950
156988;268031;262205
156989;243025;286995
156990;247393;298980
156991;260768;291271
156992;222846;221887
156993;236369;305514
156994;225247;242569
156995;240123;263506
156996;266260;283089
156997;202832;248814
156998;231291;230145
156999;264377;288116
157000;307831;305461
157001;254797;310996
157002;276726;304104
157003;260194;274244
157004;220294;269932
157005;306512;257506
157006;229684;265266
157007;226544;337576
157008;299845;306346
157009;255686;326880
157010;257518;320930
157011;281633;264902
157012;206466;289537
157013;292042;346278
157014;233298;302115
157015;231982;321880
157016;320315;353482
157017;238683;303303
157018;260657;298188
157019;316731;264260
157020;310153;323952
157021;285161;248418
157022;277400;326702
157023;249863;239887
157024;302259;316072
157025;255758;335554
157026;323872;245093
157027;202978;261046
157028;214892;283266
157029;239479;254986
157030;273346;286412
157031;267531;306466
157032;277938;308844
157033;253841;252038
157034;322260;235344
157035;205688;346318
157036;224445;326613
157037;251162;284621
157038;234980;230742
157039;270662;244597
157040;283985;251861
157041;239721;264026
157042;239743;264764
157043;269935;272359
157044;310007;212502
157045;216666;244619
157046;314714;238484
157047;260321;291736
157048;266225;252394
157049;288157;268455
157050;249532;282881
157051;291069;294192
157052;295312;235609
157053;325147;288476
157054;225409;286316
157055;269205;244425
157056;231372;256910
157057;208649;338514
157058;328104;286049
157059;209851;279948
157060;271728;293216
157061;264796;285488
157062;326665;314320
157063;239456;297279
157064;322545;278742
157065;247517;338254
157066;280879;245881
157067;302724;305002
157068;264753;299050
157069;202223;306916
157070;227208;286118
157071;322873;214810
157072;273673;267067
157073;226002;340259
157074;249791;305696
157075;204687;314953
157076;316492;262329
157077;296533;333769
157078;255055;238516
157079;224830;264592
157080;295431;307535
157081;271421;262727
157082;303606;305009
157083;322980;296231
157084;296111;328566
157085;268898;253612
157086;311059;313691
157087;215800;275685
157088;281432;308177
157089;226831;241877
157090;239686;255775
157091;219796;247424
157092;206109;265063
157093;309004;317422
157094;211925;283999
157095;290463;299359
157096;203998;267399
157097;307201;302506
157098;237923;306102
157099;290391;289410
157100;203132;243896
157101;207872;264277
157102;274786;243671
157103;336536;281239
157104;211649;217428
157105;296810;250576
157106;258924;250146
157107;268761;346529
157108;249564;266194
157109;205711;216648
157110;316510;332246
157111;287182;296631
157112;245982;290863
157113;254819;303494
157114;281247;264284
157115;324257;284362
157116;207150;284487
157117;316649;326629
157118;252877;247303
157119;249007;314761
157120;296778;284924
157121;305156;237680
157122;216004;250557
157123;202446;331846
157124;222208;293357
157125;222331;312095
157126;296468;325019
157127;266436;268570
157128;280941;333205
157129;245672;259923
157130;306214;333313
157131;285764;291355
157132;264024;247447
157133;266358;297045
157134;243000;289615
157135;287239;309488
157136;244784;266643
157137;274778;275570
157138;268858;326383
157139;214959;313303
157140;227641;280630
157141;312984;301323
157142;211324;273371
157143;203084;328262
157144;309656;278360
157145;282295;293617
157146;324909;225700
157147;306799;326192
157148;322031;251327
157149;284137;349547
157150;255286;311427
157151;222792;265780
157152;324702;310051
157153;215232;249993
157154;229985;341205
157155;272567;281273
157156;282886;298001
157157;207387;295736
157158;213424;265230
157159;287633;297357
157160;208979;277374
157161;320112;240429
157162;201775;354109
157163;307247;271496
157164;234885;253166
157165;206532;307004
157166;204342;285175
157167;234703;340776
157168;272943;257174
157169;309602;343857
157170;272719;276709
157171;206811;307816
157172;268710;270917
157173;287141;301585
157174;248878;246804
157175;250784;302887
157176;283274;276558
157177;278943;352808
157178;295891;253978
157179;307990;267222
157180;246497;260212
157181;299079;307966
157182;304843;252895
157183;216786;233768
157184;316927;304443
157185;251881;372202
157186;274874;310372
157187;279977;308475
157188;351821;302113
157189;264508;213502
157190;323843;264809
157191;207856;308292
157192;325279;289360
157193;205008;336939
157194;214458;301840
157195;293846;251233
157196;244624;282110
157197;279522;244086
157198;241417;249528
157199;273847;270174
157200;222977;276449
157201;298449;302293
157202;223575;229570
157203;289150;235806
157204;274210;334071
157205;251382;223220
157206;309408;330674
157207;262529;291898
157208;211640;293479
157209;251299;226886
157210;267252;290095
157211;239727;268204
157212;305157;316328
157213;303632;292877
157214;307655;240889
157215;258890;264968
157216;236420;253055
157217;207488;290724
157218;265689;308050
157219;218023;259028
157220;257539;289561
157221;221545;286396
157222;322538;250159
157223;310281;286515
157224;304630;262719
157225;299589;247011
157226;207983;267792
157227;266766;257129
157228;293145;339911
157229;218921;296323
157230;329675;259784
157231;314545;226120
157232;225814;231789
157233;334586;347438
157234;226228;257139
157235;252049;269069
157236;221739;255880
157237;207569;274861
157238;265656;273550
157239;221815;235488
157240;283566;267551
157241;293984;255956
157242;234790;284868
157243;220267;236044
157244;223163;271915
157245;221885;313295
157246;203401;316077
157247;247109;273513
157248;207124;242277
157249;264837;233720
157250;231928;273054
157251;319061;300359
157252;284084;268183
157253;224362;296949
157254;310283;317128
157255;243281;278162
157256;276883;273025
157257;265014;242137
157258;286877;297805
157259;250067;260308
157260;216943;265275
157261;244306;306504
157262;297373;271609
157263;302724;284165
157264;263067;298951
157265;299418;301539
157266;327907;309749
157267;253889;295339
157268;286280;261680
157269;289367;215435
157270;260474;324368
157271;248357;223857
157272;297008;316161
157273;259372;288917
157274;203376;280815
157275;287564;289873
157276;284933;263561
157277;255383;221973
157278;248531;262223
157279;307955;282879
157280;329169;241713
157281;311859;287557
157282;243503;229912
157283;268706;334612
157284;271403;300190
157285;222073;283122
157286;202360;270966
157287;208712;313646
157288;285229;298187
157289;209399;297181
157290;274930;359391
157291;289194;342508
157292;326183;340333
157293;326751;277023
157294;263866;237672
157295;308325;278523
157296;229571;292446
157297;242025;311186
157298;311754;243937
157299;257442;329978
157300;208816;223781
157301;274075;334023
157302;257539;225281
157303;318037;319973
157304;334324;261422
157305;299571;291391
157306;258772;253311
157307;298831;288947
157308;285621;291501
157309;202727;305707
157310;200381;290123
157311;288037;343168
157312;224758;261396
157313;207920;315333
157314;263838;251627
157315;200657;266283
157316;281690;236084
157317;296472;281719
157318;339405;283872
157319;251394;304155
157320;280856;284692
157321;346224;337880
157322;374247;262222
157323;319267;331769
157324;339712;264840
157325;324878;291060
157326;347507;278599
157327;322596;248500
157328;373042;234631
157329;370681;235108
157330;281271;275450
157331;289653;302934
157332;317719;254575
157333;325659;285034
157334;272717;222928
157335;352811;223539
157336;291380;313630
157337;355376;278248
157338;353573;333456
157339;267203;306461
157340;295128;291812
157341;299771;315208
157342;239477;324324
157343;349010;316804
157344;350581;265198
157345;252412;323543
157346;345191;311164
157347;227601;289976
157348;239073;317489
157349;269524;257392
157350;241113;228358
157351;367763;279160
157352;339904;288726
157353;265900;259141
157354;319925;266295
157355;318761;292043
157356;346486;261241
157357;383791;294449
157358;342436;218699
157359;360484;226096
157360;333622;226337
157361;289275;240317
157362;267108;267034
157363;333705;256012
157364;346449;321164
157365;344657;312227
157366;292870;269390
157367;274717;239346
157368;355820;292859
157369;245361;291075
157370;330212;308631
157371;231898;254643
157372;239393;288053
157373;357555;249824
157374;349064;307556
157375;247548;307059
157376;284074;264846
157377;358280;291104
157378;266901;285840
157379;296640;213464
157380;345575;285611
157381;250385;217928
157382;367359;214709
157383;365273;250109
157384;302399;253386
157385;353945;230908
157386;330343;249690
157387;273922;263951
157388;324868;289505
157389;330155;346916
157390;322115;307092
157391;356118;328526
157392;380770;309387
157393;307518;303545
157394;315147;238441
157395;261742;245289
157396;273874;252643
157397;238224;315679
157398;348351;248439
157399;339008;291492
157400;330891;287300
157401;255204;292388
157402;324607;265462
157403;345992;257576
157404;297580;296270
157405;229310;330581
157406;261266;314898
157407;364636;269202
157408;371453;348584
157409;229600;272001
157410;292073;292542
157411;365760;256764
157412;259974;289268
157413;238014;238979
157414;260848;357814
157415;298671;299364
157416;237642;247717
157417;361274;284708
157418;288063;217136
157419;359105;348053
157420;345580;262512
157421;291413;278449
157422;343488;309853
157423;256583;284044
157424;376897;263908
157425;349255;260671
157426;371159;319945
157427;328391;299530
157428;243830;225019
157429;256125;235561
157430;341197;255305
157431;236380;270614
157432;320458;297393
157433;362077;290703
157434;381061;264479
157435;270633;292667
157436;321607;272095
157437;306848;251327
157438;292510;262300
157439;349888;269571
157440;239078;232439
157441;280977;258340
157442;232275;303242
157443;306458;229091
157444;321245;283880
157445;382466;248328
157446;246366;213780
157447;262630;277412
157448;281177;276439
157449;248835;246013
157450;265758;301970
157451;313873;326151
157452;371806;328747
157453;356949;319815
157454;235426;265706
157455;380062;263101
157456;337521;295290
157457;270995;336306
157458;316085;277699
157459;361187;211641
157460;244655;282445
157461;379458;307588
157462;351701;250033
157463;290437;209383
157464;360920;256922
157465;244537;253090
157466;266315;265938
157467;259144;243671
157468;288202;271023
157469;254791;248861
157470;285678;278346
157471;316989;237783
157472;313600;237378
157473;265544;261916
157474;277362;322700
157475;332247;233234
157476;258478;280506
157477;296702;285695
157478;362884;241703
157479;344257;292486
157480;275148;240636
157481;356858;296970
157482;319083;260107
157483;263032;302508
157484;334113;279242
157485;323734;281884
157486;240139;258608
157487;306094;288557
157488;268775;285936
157489;278239;284561
157490;256909;274978
157491;290573;217352
157492;248737;254168
157493;273672;276258
157494;302598;257659
157495;269166;285806
157496;248623;292030
157497;284857;243370
157498;284007;259119
157499;237682;303002
157500;356838;262615
157501;374253;253213
157502;278316;308214
157503;353508;259289
157504;374866;294941
157505;370625;215718
157506;293012;290611
157507;276543;291961
157508;302831;254805
157509;273994;282516
157510;276803;324189
157511;287207;257287
157512;290604;328193
157513;262120;236683
157514;301206;268025
157515;276180;254125
157516;306432;241364
157517;332400;258305
157518;311497;247557
157519;271656;300785
157520;323987;301852
157521;290697;247254
157522;258528;268890
157523;235072;234008
157524;353139;320556
157525;298635;314165
157526;344561;255881
157527;268198;285983
157528;337505;335172
157529;279381;285223
157530;379388;271836
157531;237515;299385
157532;349195;317834
157533;236950;327609
157534;338164;268649
157535;373566;253188
157536;296277;289026
157537;336565;326595
157538;300790;249792
157539;285018;295076
157540;288384;277372
157541;253258;232836
157542;240484;336476
157543;294496;216504
157544;258078;235713
157545;241248;231900
157546;329591;310775
157547;251032;247997
157548;242004;307380
157549;323169;249095
157550;332906;320485
157551;288219;293738
157552;382020;297558
157553;236679;299957
157554;266631;291976
157555;300061;242770
157556;239703;278214
157557;368676;260378
157558;238776;333275
157559;334826;298849
157560;274082;284727
157561;378138;322206
157562;324724;337799
157563;324653;232311
157564;294118;264631
157565;308960;285542
157566;363184;262048
157567;277998;239822
157568;369265;267057
157569;243986;212594
157570;272216;250216
157571;337325;252880
157572;329018;258152
157573;262390;258058
157574;286839;267562
157575;247818;229116
157576;267955;335865
157577;255664;254773
157578;319632;281929
157579;326245;285041
157580;353766;228646
157581;242073;259708
157582;292273;346254
157583;276867;258655
157584;288061;343594
157585;305662;303872
157586;334520;312406
157587;378593;315717
157588;378626;306808
157589;274218;288142
157590;354886;231309
157591;320284;313923
157592;378921;271415
157593;240618;267647
157594;303095;321545
157595;327472;352791
157596;247327;290021
157597;344529;273546
157598;309048;268513
157599;274207;267752
157600;316248;286682
157601;250670;315375
157602;375702;357154
157603;309986;277541
157604;270328;284579
157605;285246;287791
157606;340821;260634
157607;366789;296769
157608;365951;346641
157609;295218;287546
157610;361758;262621
157611;291143;251449
157612;256014;299967
157613;360311;236088
157614;374399;230748
157615;326607;327045
157616;307356;271444
157617;323541;275673
157618;230886;277143
157619;309310;216631
157620;240529;316884
157621;245829;244064
157622;339847;234729
157623;301010;261533
157624;277717;274072
157625;312503;276034
157626;352051;319353
157627;337443;308380
157628;271207;326021
157629;232682;307742
157630;259117;275653
157631;351961;259812
157632;303464;298396
157633;242116;231814
157634;325319;259404
157635;336190;346397
157636;360090;272903
157637;333253;295090
157638;286812;259651
157639;369035;284878
157640;287657;291519
157641;238548;315258
157642;337773;304152
157643;263372;290965
157644;331783;305823
157645;329458;285422
157646;368175;261593
157647;250397;296066
157648;315706;311083
157649;275710;290079
157650;281316;267355
157651;343818;213352
157652;250696;280792
157653;373600;269057
157654;275176;310208
157655;328868;323336
157656;263543;316963
157657;297733;282758
157658;370728;249988
157659;288784;242763
157660;336825;301553
157661;350696;263483
157662;246906;209407
157663;366798;279961
157664;251196;326928
157665;265279;261760
157666;348357;278410
157667;364932;289304
157668;255817;344059
157669;371374;310514
157670;337725;295659
157671;374720;267516
157672;301705;237763
157673;296027;296395
157674;251594;306809
157675;288510;258123
157676;346099;220202
157677;320993;297688
157678;320820;288837
157679;288733;277767
157680;336743;252181
157681;273999;269302
157682;351578;294272
157683;238912;312946
157684;291383;274647
157685;310958;236350
157686;274640;231818
157687;279229;269571
157688;347145;277909
157689;350532;226195
157690;262751;265482
157691;359129;262692
157692;280178;239728
157693;260295;325311
157694;230860;280643
157695;294570;307584
157696;280945;249164
157697;330933;231185
157698;359524;248954
157699;275840;273426
157700;232214;257494
157701;332170;285976
157702;243082;264693
157703;304553;223038
157704;297716;270402
157705;350643;217396
157706;345870;249823
157707;259119;306280
157708;246127;328894
157709;339215;320277
157710;228709;347313
157711;306177;302744
157712;330403;241643
157713;356963;242611
157714;286305;273536
157715;299764;304896
157716;276890;272083
157717;350656;266246
157718;338631;271919
157719;352739;289466
157720;237880;306774
157721;273097;288491
157722;304099;326198
157723;267567;238347
157724;242736;302992
157725;343643;317848
157726;375615;298882
157727;241235;269288
157728;345565;296117
157729;362567;247994
157730;334954;225290
157731;290601;320376
157732;230445;308518
157733;370567;241263
157734;366637;264460
157735;307328;234364
157736;254096;227898
157737;311184;303021
157738;362955;241967
157739;319627;333997
157740;238772;267125
157741;329667;275330
157742;343745;301358
157743;370584;291440
157744;332552;289398
157745;309997;234988
157746;245451;260599
157747;363098;304807
157748;234236;279803
157749;263186;311702
157750;267316;279485
157751;258509;307130
157752;244655;274982
157753;276816;280350
157754;363087;304899
157755;236451;266491
157756;275785;217439
157757;250476;267606
157758;366558;267168
157759;271268;269327
157760;264623;270028
157761;316140;222415
157762;242536;310824
157763;366962;241906
157764;271298;291704
157765;382429;240650
157766;424478;296799
157767;340812;307048
157768;377837;252442
157769;433092;292663
157770;429899;320373
157771;470436;265265
157772;380990;276853
157773;424161;256941
157774;383921;297286
157775;455375;258539
157776;520663;231989
157777;433399;250996
157778;333647;324863
157779;336054;278356
157780;324474;266791
157781;359781;242964
157782;320291;292614
157783;513095;277756
157784;500819;269802
157785;454339;226224
157786;435598;287850
157787;385559;279048
157788;492307;268410
157789;518502;320711
157790;343076;223500
157791;343791;263947
157792;474557;288847
157793;380848;265230
157794;324276;320710
157795;388554;274996
157796;468543;299794
157797;511338;300856
157798;519924;254996
157799;379278;297893
157800;437869;239693
157801;340928;259743
157802;456111;333976
157803;397049;245432
157804;447452;269670
157805;501999;253966
157806;503101;280541
157807;521072;268779
157808;459686;259888
157809;477282;278381
157810;388795;292343
157811;348846;291403
157812;421244;308978
157813;513595;245523
157814;493561;248918
157815;331797;245390
157816;510527;316443
157817;428485;240448
157818;417106;276453
157819;449791;353538
157820;376392;299446
157821;422539;267123
157822;503891;240434
157823;510437;337361
157824;428857;295218
157825;332952;253160
157826;463525;300794
157827;495342;312860
157828;391778;222294
157829;380489;226113
157830;348643;289267
157831;368498;241052
157832;372784;293684
157833;371986;309509
157834;356683;266282
157835;326444;312918
157836;314741;289273
157837;469518;334484
157838;443143;293881
157839;460845;317568
157840;513964;296702
157841;370709;248416
157842;442668;277915
157843;383024;258601
157844;350762;304218
157845;449213;306095
157846;422119;260418
157847;484835;305181
157848;505864;286748
157849;441912;260353
157850;355764;288126
157851;396556;271180
157852;515938;283081
157853;509747;340459
157854;406626;266828
157855;454578;286440
157856;380558;278950
157857;325617;272482
157858;522755;221471
157859;384200;249456
157860;398066;248557
157861;313743;289126
157862;318691;319546
157863;397703;335966
157864;416414;220203
157865;469482;300887
157866;435634;299828
157867;435090;246923
157868;497855;268578
157869;491907;260294
157870;436817;287009
157871;483737;240375
157872;418324;253008
157873;399524;253484
157874;367013;245459
157875;369337;276358
157876;468486;240643
157877;422533;269604
157878;403034;244831
157879;314824;246523
157880;424709;280664
157881;378445;273945
157882;504272;295602
157883;352381;299190
157884;364768;239992
157885;354337;275243
157886;328639;309753
157887;410599;285856
157888;418941;297134
157889;316041;294224
157890;454912;313795
157891;411868;221748
157892;487924;256306
157893;499675;275137
157894;484876;322955
157895;449961;239012
157896;438832;230116
157897;438435;277558
157898;342819;229513
157899;320002;261348
157900;501339;294084
157901;344213;284507
157902;376160;234793
157903;463302;276134
157904;379685;237073
157905;518967;270181
157906;391328;273945
157907;357847;279113
157908;371441;285269
157909;338071;268051
157910;504018;233344
157911;349222;243825
157912;498949;248164
157913;318817;223131
157914;407443;268975
157915;452147;237495
157916;321177;296384
157917;450769;290021
157918;523543;235775
157919;333503;245472
157920;443712;301235
157921;520756;321757
157922;442930;288154
157923;480683;278000
157924;406616;254447
157925;484426;230002
157926;464491;323808
157927;507242;365782
157928;477984;269331
157929;324222;252206
157930;335918;249852
157931;483001;299808
157932;412372;303282
157933;493431;300811
157934;454095;269251
157935;377960;261047
157936;407847;251194
157937;459651;358275
157938;442220;254286
157939;509893;273551
157940;387706;252787
157941;329706;296448
157942;317236;331461
157943;515553;251081
157944;371268;248019
157945;513827;289644
157946;344885;278508
157947;481425;249755
157948;354424;255344
157949;391475;249343
157950;448112;295449
157951;415789;343946
157952;493811;310213
157953;352714;260066
157954;328726;332558
157955;336388;230586
157956;395204;361615
157957;379404;315577
157958;324382;262477
157959;439509;295396
157960;427868;233006
157961;422760;232641
157962;494036;324107
157963;462249;256649
157964;367006;251813
157965;379195;336530
157966;391199;268492
157967;393349;333184
157968;428594;329549
157969;366079;258367
157970;327559;323952
157971;317593;267649
157972;329669;230950
157973;325187;231826
157974;325374;288648
157975;465463;268507
157976;497572;300651
157977;447849;284571
157978;414166;325004
157979;336496;259345
157980;332121;237041
157981;502179;265877
157982;468279;252054
157983;505932;264261
157984;471280;250511
157985;474837;338339
157986;369893;358190
157987;441599;268989
157988;391730;329178
157989;417425;257009
157990;477545;294228
157991;334825;293108
157992;350085;242772
157993;405802;304371
157994;336362;312963
157995;361004;258633
157996;395323;258761
157997;370594;294190
157998;458221;258506
157999;318596;315616
158000;474976;280372
158001;495329;253925
158002;357123;325872
158003;469588;338394
158004;398696;254832
158005;470888;265891
158006;331563;306699
158007;328563;300296
158008;481553;302545
158009;497059;220931
158010;417093;283775
158011;442939;259429
158012;472229;253651
158013;434614;229885
158014;328160;254387
158015;481314;246937
158016;352523;325372
158017;506058;307327
158018;458116;268173
158019;507681;231264
158020;421807;222271
158021;505328;337272
158022;468810;289418
158023;352739;317475
158024;480867;303257
158025;487558;291436
158026;435825;298329
158027;499129;262784
158028;350710;233252
158029;500794;210021
158030;357751;258284
158031;384595;240635
158032;377516;332031
158033;328016;252987
158034;496629;273927
158035;354101;282907
158036;427160;326512
158037;439463;270967
158038;378193;341106
158039;396492;258368
158040;335947;331651
158041;326637;311829
158042;404332;234699
158043;374416;247508
158044;484140;309628
158045;518304;275448
158046;392714;303538
158047;366860;288283
158048;495386;291337
158049;393478;250539
158050;418821;305101
158051;363418;322040
158052;468762;234927
158053;414189;277010
158054;317465;273826
158055;318563;244150
158056;468265;296823
158057;514839;296445
158058;515149;317858
158059;520208;238476
158060;496450;336943
158061;382588;308679
158062;314564;289651
158063;468365;243440
158064;497220;310933
158065;468340;254104
158066;474675;262519
158067;412398;308247
158068;494362;272502
158069;493289;251477
158070;414270;251591
158071;314951;309833
158072;455421;293829
158073;389071;324233
158074;477037;349301
158075;325111;284022
158076;374866;263810
158077;339551;335940
158078;342583;261280
158079;383239;269213
158080;468499;225654
158081;461236;270464
158082;377234;313316
158083;460743;316096
158084;414595;251604
158085;362175;238168
158086;478235;346263
158087;413952;247812
158088;522252;257693
158089;457231;232704
158090;474675;305692
158091;411214;285835
158092;388424;304544
158093;528009;307334
158094;401886;324029
158095;362165;274937
158096;321928;307612
158097;439609;317480
158098;419952;275034
158099;342104;297349
158100;344542;264425
158101;456680;295306
158102;516848;284538
158103;308676;284207
158104;444547;239716
158105;401944;280632
158106;461751;278897
158107;441682;261015
158108;395171;274354
158109;423535;274748
158110;417703;279823
158111;406056;280201
158112;481809;272393
158113;345143;304224
158114;364697;313505
158115;429711;276252
158116;338628;247981
158117;493357;254244
158118;506071;320898
158119;520928;297457
158120;380946;282342
158121;408626;244908
158122;339880;306294
158123;451497;236608
158124;351661;279852
158125;487845;306257
158126;328026;235722
158127;510546;313452
158128;470770;321373
158129;371163;237178
158130;492255;309624
158131;365233;282302
158132;527947;239344
158133;483235;289407
158134;480273;288823
158135;375891;306952
158136;463560;285684
158137;408491;238362
158138;357520;278033
158139;461007;246048
158140;472323;297184
158141;401009;249141
158142;366523;209072
158143;384833;305917
158144;407613;294555
158145;364411;317444
158146;346467;319618
158147;333515;318929
158148;511712;318508
158149;383560;315806
158150;493326;219022
158151;389699;330743
158152;479228;313946
158153;321779;335315
158154;478084;297168
158155;458445;306389
158156;395655;314264
158157;399071;283766
158158;458466;251871
158159;337648;284981
158160;440689;278508
158161;363482;280452
158162;397116;261685
158163;419326;303326
158164;378907;291951
158165;436211;249233
158166;417225;297676
158167;440281;294853
158168;407523;218297
158169;515606;304870
158170;496366;283441
158171;422422;223485
158172;502743;273864
158173;498352;257281
158174;324384;274381
158175;374723;271276
158176;317091;240405
158177;234290;292810
158178;292989;218582
158179;341701;262268
158180;352765;253149
158181;303072;252451
158182;347681;288605
158183;290770;340705
158184;257838;227665
158185;344476;367505
158186;269288;288984
158187;225164;222113
158188;327350;296519
158189;262408;262023
158190;313125;289229
158191;347077;290236
158192;247079;245590
158193;232523;291780
158194;266849;279178
158195;269865;289093
158196;290887;291798
158197;334849;312382
158198;224571;371129
158199;269180;262952
158200;340237;339317
158201;253319;236988
158202;219194;267884
158203;228275;267628
158204;327066;292422
158205;347720;255160
158206;329464;286548
158207;323599;332660
158208;282635;288207
158209;229532;296167
158210;240412;251473
158211;244125;231898
158212;232584;214539
158213;323717;269549
158214;219773;261207
158215;247227;251144
158216;286425;282363
158217;347468;267993
158218;303624;336170
158219;251870;342979
158220;244413;247391
158221;347960;274579
158222;231649;333101
158223;302081;275441
158224;249565;252057
158225;239318;288053
158226;348907;270763
158227;316495;234838
158228;302716;257478
158229;307746;264451
158230;229912;323141
158231;303446;273079
158232;219410;312075
158233;327570;286836
158234;293673;290899
158235;323018;260966
158236;286471;276115
158237;333189;275787
158238;375057;312647
158239;334616;275702
158240;304118;270074
158241;309772;245028
158242;263992;301159
158243;311259;323680
158244;254860;258908
158245;227587;274069
158246;345246;248267
158247;321736;303009
158248;288172;306685
158249;290616;254014
158250;255085;258022
158251;337682;272623
158252;310231;270168
158253;277098;272708
158254;332370;301154
158255;239684;311895
158256;306621;291066
158257;261581;269085
158258;305921;280058
158259;324592;273612
158260;262733;335595
158261;299546;289791
158262;356299;256142
158263;359536;232697
158264;317895;292221
158265;293075;278351
158266;338617;215160
158267;323215;252290
158268;220160;281084
158269;236288;252698
158270;257224;281001
158271;231818;228208
158272;273937;294543
158273;229138;293004
158274;317453;286267
158275;224929;222312
158276;294661;264564
158277;279642;262550
158278;246397;242561
158279;296091;260779
158280;316453;308595
158281;357731;245091
158282;282305;289372
158283;303848;258157
158284;268493;218874
158285;239956;303635
158286;233155;285351
158287;358223;242636
158288;297969;233314
158289;200335;296980
158290;302660;241715
158291;223319;222164
158292;348696;325420
158293;348160;309345
158294;277916;244311
158295;252675;262956
158296;323301;289671
158297;323584;256943
158298;220517;334064
158299;284727;238305
158300;356029;244747
158301;235278;253042
158302;237391;289382
158303;355451;340537
158304;327362;339168
158305;279055;276583
158306;259794;240400
158307;262596;269460
158308;348256;259963
158309;337247;252915
158310;311607;271957
158311;256063;283245
158312;219383;290317
158313;234622;228757
158314;281748;309981
158315;255587;229354
158316;283971;292760
158317;261657;330483
158318;292319;292230
158319;347426;226995
158320;311262;250343
158321;322069;304178
158322;283257;315304
158323;240287;304817
158324;351502;322961
158325;241171;275767
158326;302068;304240
158327;293053;303454
158328;314955;215033
158329;329891;249958
158330;240095;342622
158331;357998;240326
158332;217148;270293
158333;338046;286002
158334;217595;264079
158335;317654;270921
158336;287431;300721
158337;289454;362193
158338;337346;221827
158339;333659;277275
158340;226681;285322
158341;340275;313122
158342;256177;298705
158343;252225;309341
158344;349564;272242
158345;223651;310047
158346;310413;285319
158347;301284;235000
158348;280924;277988
158349;231346;297247
158350;341199;233398
158351;319612;239458
158352;256779;241989
158353;310102;271520
158354;334084;277234
158355;204106;298619
158356;278324;298749
158357;338342;290357
158358;221956;305199
158359;325661;272182
158360;224854;328552
158361;292081;298602
158362;255553;214887
158363;348923;306336
158364;245692;262959
158365;271350;269123
158366;340523;335470
158367;225985;240830
158368;340188;283011
158369;249478;281491
158370;264699;288772
158371;305788;307565
158372;305138;326896
158373;241679;302427
158374;218870;226035
158375;350964;267936
158376;305918;277627
158377;314816;293776
158378;223176;284722
158379;298182;332568
158380;272467;258586
158381;296068;298165
158382;279950;280043
158383;269357;280394
158384;258411;291082
158385;322212;237013
158386;244652;259204
158387;292968;315154
158388;250840;317115
158389;338547;263802
158390;280606;228960
158391;346284;275838
158392;274967;262443
158393;331503;257231
158394;233888;303450
158395;237023;323708
158396;319507;254418
158397;353901;244474
158398;293523;284555
158399;325618;273423
158400;273926;276954
158401;281116;262379
158402;289631;255954
158403;242723;258348
158404;264884;288887
158405;299024;245968
158406;276257;294634
158407;295918;294908
158408;281352;308145
158409;337568;285325
158410;273716;275116
158411;270181;245036
158412;247527;316401
158413;276992;280681
158414;335815;302044
158415;354457;320733
158416;312091;245636
158417;323492;280110
158418;334091;301783
158419;358395;275095
158420;258438;287008
158421;297475;261991
158422;360903;258800
158423;335521;316703
158424;245958;286159
158425;338076;255536
158426;305903;341064
158427;322121;263374
158428;351478;282186
158429;323598;281652
158430;271707;307330
158431;357501;293214
158432;256069;312915
158433;339417;322351
158434;290910;245432
158435;298958;240614
158436;236468;275082
158437;299241;235780
158438;306610;253698
158439;307993;313229
158440;269517;272741
158441;281765;252819
158442;242392;308965
158443;233910;311133
158444;245788;261932
158445;318536;265498
158446;362058;245845
158447;337580;297258
158448;337979;262111
158449;224572;289855
158450;242178;276089
158451;258850;273740
158452;311590;291640
158453;237006;270527
158454;243967;297737
158455;326727;249924
158456;330322;285569
158457;251326;228538
158458;307317;293441
158459;235846;251290
158460;245522;255712
158461;303544;225118
158462;249471;289153
158463;274626;216100
158464;333632;304881
158465;316234;290831
158466;289928;239443
158467;224879;274970
158468;231625;301825
158469;352999;237998
158470;233780;254902
158471;357239;303763
158472;336853;265462
158473;349145;328880
158474;289595;277947
158475;340104;255378
158476;230611;293290
158477;332890;315232
158478;329419;344374
158479;338711;313705
158480;353033;269691
158481;279333;281105
158482;298124;239175
158483;318216;264334
158484;271365;287136
158485;328663;301174
158486;275043;324049
158487;223019;238552
158488;221446;254443
158489;241155;377012
158490;300956;309936
158491;326785;344804
158492;329073;262831
158493;247420;240023
158494;346232;292402
158495;224956;279479
158496;292444;254164
158497;313626;237576
158498;259149;233787
158499;317853;305345
158500;252060;301243
158501;217851;337879
158502;328534;278818
158503;247024;254845
158504;253640;306609
158505;231421;244760
158506;358089;269253
158507;317625;285989
158508;266477;221542
158509;339769;298388
158510;332744;309251
158511;289801;242529
158512;226793;314440
158513;223284;326736
158514;313905;291574
158515;242381;295839
158516;285989;268158
158517;346148;243865
158518;264314;227569
158519;240337;306040
158520;324472;294811
158521;340860;266237
158522;235009;269430
158523;291613;324205
158524;271941;315131
158525;320182;300863
158526;255711;269460
158527;334666;299016
158528;348699;242560
158529;356115;316288
158530;333274;290271
158531;235447;242078
158532;312030;357706
158533;231041;283607
158534;309294;261525
158535;297959;255584
158536;218037;290058
158537;242693;319135
158538;352586;235349
158539;276634;270990
158540;232090;272093
158541;211246;334833
158542;275754;309377
158543;217987;297232
158544;321328;301386
158545;259029;317149
158546;248980;325820
158547;307488;263383
158548;292890;325688
158549;243079;245598
158550;236431;285241
158551;346300;255122
158552;233321;245933
158553;321744;321460
158554;252409;238976
158555;302553;357703
158556;283660;282406
158557;303242;211823
158558;327139;275238
158559;341453;279552
158560;250359;266037
158561;290168;285697
158562;302598;303690
158563;301071;269896
158564;338243;304672
158565;274948;364723
158566;246356;296072
158567;332400;266689
158568;338437;215794
158569;238622;318461
158570;251449;259139
158571;244767;340250
158572;346731;246333
158573;346559;311509
158574;299610;349742
158575;237580;357073
158576;251369;239126
158577;253180;272973
158578;235326;285959
158579;229385;266736
158580;331197;324766
158581;232583;289184
158582;235371;273713
158583;349795;314745
158584;229439;270162
158585;313493;307846
158586;276451;255394
158587;342774;251308
158588;301981;335794
158589;305075;301975
158590;235540;211751
158591;331866;291822
158592;225006;257681
158593;274742;291641
158594;289781;300075
158595;273684;281787
158596;284793;335058
158597;359068;272374
158598;252244;297811
158599;228332;321891
158600;247655;311998
158601;393617;279056
158602;320351;229671
158603;299397;344675
158604;312942;227797
158605;332293;322744
158606;248976;289292
158607;331636;327652
158608;269859;231881
158609;277353;321679
158610;360963;353586
158611;308251;297330
158612;316910;252476
158613;314457;268937
158614;355239;264097
158615;260758;323431
158616;238797;329166
158617;279852;265090
158618;389260;249191
158619;357069;318816
158620;373047;264945
158621;383846;264467
158622;373566;281813
158623;328378;311551
158624;304758;266097
158625;355730;269526
158626;245225;311312
158627;316881;274230
158628;348169;318371
158629;358951;251407
158630;277981;291818
158631;328429;250327
158632;260483;304182
158633;316867;268278
158634;348073;246864
158635;269575;291527
158636;253161;251190
158637;293016;252095
158638;311157;284398
158639;298598;302263
158640;330010;262681
158641;311864;272866
158642;339227;333045
158643;248115;332609
158644;327455;319304
158645;326428;278799
158646;275090;283888
158647;380797;291129
158648;264780;287943
158649;395875;289273
158650;299272;297964
158651;245187;306479
158652;375633;296027
158653;377039;279978
158654;246352;260827
158655;341535;304201
158656;387103;292431
158657;307331;324859
158658;386093;259819
158659;246497;257101
158660;323584;240447
158661;370690;244358
158662;385761;317113
158663;252238;323475
158664;275587;266587
158665;259092;297744
158666;317031;325082
158667;320014;285329
158668;396975;309745
158669;350195;240831
158670;257051;232915
158671;312037;260717
158672;355562;264061
158673;272633;214088
158674;245319;338131
158675;265729;283971
158676;249510;292304
158677;352455;276400
158678;372565;254201
158679;298123;265531
158680;392691;258777
158681;288435;285180
158682;283813;264413
158683;293103;226845
158684;395586;299722
158685;369839;295045
158686;396651;226304
158687;402823;297588
158688;368842;240799
158689;243161;259630
158690;329058;287824
158691;358996;289202
158692;370456;224418
158693;370164;317723
158694;389195;249056
158695;317436;329541
158696;317584;268645
158697;360234;310334
158698;393898;269454
158699;256649;264316
158700;365274;246698
158701;393402;281461
158702;249827;268639
158703;285464;241047
158704;308959;256715
158705;332662;227766
158706;345331;307588
158707;328887;329558
158708;268529;337866
158709;364265;262757
158710;373061;304854
158711;300297;262792
158712;302408;300660
158713;284613;254251
158714;296395;292742
158715;317463;345093
158716;371119;237269
158717;333968;319730
158718;272198;228632
158719;387333;283407
158720;285467;266347
158721;274801;277854
158722;246044;275058
158723;293368;242348
158724;280591;316791
158725;264718;327495
158726;381290;275456
158727;278769;346304
158728;324231;257038
158729;394416;223154
158730;385224;248836
158731;272988;294162
158732;266893;306055
158733;385205;319541
158734;279579;312263
158735;321007;247192
158736;298289;291406
158737;368693;295488
158738;392877;318887
158739;371603;242565
158740;324480;288948
158741;359123;291857
158742;362960;326324
158743;306560;292574
158744;373683;237109
158745;289907;304408
158746;338881;350297
158747;389815;270366
158748;248325;259512
158749;270692;308605
158750;353095;249041
158751;271325;323199
158752;363887;293109
158753;269611;287553
158754;244736;283540
158755;358591;257287
158756;252265;282142
158757;261975;287052
158758;341664;257897
158759;374641;341368
158760;267454;248400
158761;272807;277480
158762;370503;243119
158763;322286;290445
158764;364229;333152
158765;364903;229245
158766;313497;322664
158767;281406;318411
158768;381877;329896
158769;378597;324577
158770;394725;219773
158771;376074;283154
158772;318752;281362
158773;381847;291364
158774;365684;323613
158775;249366;260434
158776;267375;332041
158777;385108;294705
158778;344110;216585
158779;370773;265041
158780;348463;265007
158781;288244;268240
158782;268687;228358
158783;251769;250354
158784;351455;241531
158785;357285;293520
158786;267984;257859
158787;321387;256666
158788;358298;272787
158789;318733;282407
158790;367402;311019
158791;257363;295704
158792;341239;277897
158793;275086;244429
158794;378758;217661
158795;390303;248583
158796;293199;239425
158797;250342;292161
158798;352342;265472
158799;293993;313320
158800;330180;318926
158801;295935;321898
158802;324761;228376
158803;357844;334842
158804;369728;264881
158805;396509;274485
158806;387265;247440
158807;357743;279571
158808;356247;279675
158809;304350;238012
158810;319827;302406
158811;278576;321345
158812;266677;223678
158813;394671;271310
158814;273227;230532
158815;273113;238398
158816;281354;264837
158817;378905;254753
158818;371712;335524
158819;280144;320265
158820;317410;262176
158821;252282;239485
158822;401467;279940
158823;288732;325537
158824;287949;262069
158825;325998;333689
158826;388275;253044
158827;395356;346226
158828;381998;243879
158829;259902;265514
158830;333003;237492
158831;395099;295763
158832;356698;272132
158833;291906;261058
158834;325022;300893
158835;367450;221929
158836;297264;252457
158837;245887;242114
158838;249929;300816
158839;290420;315126
158840;354093;306768
158841;311728;269407
158842;322087;308495
158843;313432;347212
158844;345121;287250
158845;242238;236418
158846;304280;283540
158847;340941;283229
158848;352146;248689
158849;332586;269777
158850;387118;229448
158851;355178;309874
158852;377525;275035
158853;242240;299959
158854;291811;275370
158855;355780;305167
158856;269236;228988
158857;382106;294139
158858;393510;270456
158859;252408;232320
158860;316242;243757
158861;281199;236278
158862;268508;224060
158863;349558;319885
158864;357320;316185
158865;292633;267524
158866;349974;258442
158867;311556;304789
158868;305130;317273
158869;270156;295007
158870;313811;230160
158871;330276;238138
158872;290746;268932
158873;399877;274680
158874;304291;265386
158875;331173;293123
158876;327751;293170
158877;321757;320257
158878;259103;234247
158879;338039;298167
158880;248288;309378
158881;292238;299489
158882;364030;326565
158883;303454;226595
158884;270593;278504
158885;309998;332332
158886;281857;340849
158887;324436;252396
158888;354078;343120
158889;305920;252089
158890;281262;315436
158891;253263;253660
158892;361832;230087
158893;316920;262253
158894;311692;296382
158895;388525;214558
158896;324045;339376
158897;330635;235930
158898;389348;233584
158899;342423;280096
158900;373372;236547
158901;337293;257382
158902;261697;281767
158903;340493;234804
158904;354395;289876
158905;326297;324306
158906;334717;239891
158907;271682;332181
158908;385209;212034
158909;253955;279862
158910;286004;358654
158911;388975;259133
158912;265794;288303
158913;321344;237567
158914;285701;284276
158915;299176;244819
158916;348809;299176
158917;315142;282483
158918;342869;298663
158919;374324;281741
158920;287342;298126
158921;341125;303708
158922;267228;309702
158923;341416;289654
158924;342481;280028
158925;289074;306477
158926;389443;256228
158927;357263;330481
158928;375346;274312
158929;246037;259647
158930;369373;318617
158931;401937;296315
158932;298581;238804
158933;380082;240665
158934;356493;291801
158935;264723;324276
158936;333224;304979
158937;367377;337271
158938;314171;285741
158939;280963;313426
158940;266276;316197
158941;258322;321824
158942;306756;273734
158943;273029;229670
158944;343041;295688
158945;350529;264253
158946;318841;284843
158947;396671;306120
158948;257582;266426
158949;304795;272649
158950;332738;299973
158951;336298;272506
158952;359978;286191
158953;262741;271111
158954;270746;298171
158955;361180;253920
158956;379374;242994
158957;232180;284837
158958;292217;260420
158959;282639;318144
158960;309158;296152
158961;416518;233857
158962;390064;292946
158963;410454;344944
158964;448293;317019
158965;523314;320670
158966;341729;321592
158967;516311;267862
158968;474087;334155
158969;458220;291684
158970;426516;248368
158971;333423;339818
158972;474119;220061
158973;440911;285070
158974;366716;255987
158975;367764;255253
158976;510509;243528
158977;347137;265884
158978;391391;227048
158979;484515;271184
158980;526519;287289
158981;487793;230164
158982;369997;254743
158983;483843;301032
158984;326489;302664
158985;332308;295050
158986;495743;296660
158987;344586;306139
158988;400198;319752
158989;324933;208819
158990;396529;324291
158991;517467;250718
158992;388040;314587
158993;372638;323894
158994;449228;238306
158995;391846;297845
158996;332315;281652
158997;400170;253137
158998;343880;212015
158999;491727;247905
159000;406684;259550
159001;385742;304802
159002;318145;310856
159003;354429;270182
159004;497792;287390
159005;334040;268143
159006;348071;297515
159007;458792;310044
159008;443296;263911
159009;521967;248464
159010;326249;306084
159011;487574;260778
159012;413133;312801
159013;367499;260309
159014;381666;318042
159015;534415;231281
159016;338139;241811
159017;439898;273473
159018;480044;240995
159019;416678;252056
159020;422244;264011
159021;337445;323556
159022;464780;277672
159023;408893;277822
159024;372933;235885
159025;523547;246607
159026;476717;279390
159027;509366;355092
159028;377266;238860
159029;346028;282170
159030;431894;218569
159031;438696;249629
159032;325142;334253
159033;472824;324122
159034;520508;305095
159035;398477;340693
159036;487075;319412
159037;403407;295666
159038;501554;286182
159039;415977;269673
159040;376529;286023
159041;417259;234896
159042;319738;288899
159043;483168;265228
159044;417198;314977
159045;461148;322552
159046;375517;311413
159047;519944;234310
159048;471773;306017
159049;435873;228434
159050;409168;271594
159051;430637;259528
159052;402782;274105
159053;324413;269570
159054;452262;313619
159055;376062;278001
159056;506857;288507
159057;412373;230805
159058;462967;307791
159059;513450;284867
159060;451469;237347
159061;371170;272136
159062;359687;247965
159063;455280;271851
159064;514537;234859
159065;329845;268593
159066;349521;314612
159067;437400;280599
159068;415965;257036
159069;443887;335219
159070;438651;301945
159071;491458;311046
159072;353060;316451
159073;384303;267389
159074;440773;329575
159075;353597;321656
159076;439005;279466
159077;443465;270919
159078;509070;254433
159079;361795;318017
159080;497306;287153
159081;321782;263094
159082;526653;292952
159083;451150;330388
159084;425885;255660
159085;336279;259294
159086;391309;289874
159087;404542;267118
159088;385126;240776
159089;394747;283301
159090;391690;277787
159091;361779;242897
159092;404181;215735
159093;367902;274955
159094;397983;293011
159095;514407;291227
159096;403030;244066
159097;367122;259495
159098;421950;243702
159099;419380;310125
159100;325632;233873
159101;353712;224928
159102;386442;299323
159103;371381;272786
159104;421568;219245
159105;320956;317695
159106;410262;251372
159107;429294;244420
159108;396259;275676
159109;316753;321489
159110;404857;314626
159111;380280;235272
159112;353163;336035
159113;519411;291010
159114;381356;290128
159115;519718;296592
159116;489255;335476
159117;351705;292157
159118;352410;297765
159119;438647;272304
159120;405135;255737
159121;337600;320907
159122;412405;264934
159123;444274;262534
159124;321963;278448
159125;471667;300464
159126;383342;271696
159127;387863;286507
159128;333864;292783
159129;327494;255600
159130;320573;283096
159131;491062;270448
159132;459689;340197
159133;394310;277341
159134;511473;270721
159135;380737;322750
159136;350660;266636
159137;510581;262054
159138;497526;275930
159139;418442;245656
159140;473963;285536
159141;328506;321535
159142;333548;283242
159143;320479;231756
159144;483654;220538
159145;490395;307588
159146;326049;230741
159147;400522;279258
159148;377530;303075
159149;349675;256616
159150;439412;235287
159151;349497;265909
159152;398455;290748
159153;511840;333547
159154;457091;320447
159155;355098;310681
159156;436220;209880
159157;520122;308595
159158;441459;288656
159159;493472;239286
159160;437598;257362
159161;366835;242643
159162;382027;273535
159163;420631;300175
159164;383485;337296
159165;418646;242967
159166;402793;253993
159167;521757;285986
159168;333988;256145
159169;373910;289419
159170;441975;222518
159171;417569;289660
159172;345671;230237
159173;510797;258013
159174;326792;315364
159175;471996;239777
159176;521196;273245
159177;433023;294285
159178;362621;243417
159179;417989;299122
159180;356434;329968
159181;368812;301337
159182;459702;292259
159183;455897;317301
159184;349875;293157
159185;445568;273073
159186;353532;232138
159187;464275;344293
159188;447149;347548
159189;330261;248039
159190;458287;287003
159191;388963;276727
159192;343706;313289
159193;454550;249100
159194;444143;259260
159195;499322;293768
159196;397211;342932
159197;433551;292052
159198;485252;320066
159199;464446;260285
159200;496430;244860
159201;473123;249855
159202;510147;332423
159203;352653;298618
159204;332429;232505
159205;507737;287419
159206;485959;291626
159207;331420;236348
159208;465060;260296
159209;525565;290992
159210;377429;261106
159211;355471;264569
159212;471164;250164
159213;438252;310944
159214;376547;312890
159215;512078;244779
159216;475390;256071
159217;379312;306381
159218;438969;270590
159219;504250;268787
159220;484906;302361
159221;373142;294100
159222;324912;252264
159223;401958;265704
159224;373052;306321
159225;334553;271512
159226;369433;311025
159227;460803;299599
159228;370910;302737
159229;393268;295062
159230;509429;305900
159231;487620;261523
159232;448471;272871
159233;433328;288921
159234;532561;314358
159235;396470;240105
159236;526736;306690
159237;404010;305849
159238;449716;320495
159239;532717;302110
159240;441438;292082
159241;416688;315199
159242;488636;292142
159243;448625;313519
159244;486555;305269
159245;315521;318890
159246;327739;253997
159247;342981;248826
159248;418321;317785
159249;341596;244954
159250;409916;325464
159251;415346;273253
159252;460592;258125
159253;492797;304710
159254;454639;257934
159255;427028;304140
159256;377843;233940
159257;455271;297002
159258;396377;255726
159259;522938;257795
159260;429523;260289
159261;469856;319089
159262;467282;308078
159263;464489;252643
159264;443928;247502
159265;334395;282961
159266;504991;239677
159267;385338;302766
159268;344892;344955
159269;507501;310052
159270;485413;292428
159271;352108;323093
159272;487939;302967
159273;485729;324529
159274;464440;264402
159275;438056;232203
159276;336552;253779
159277;382276;255551
159278;395255;330483
159279;476605;336440
159280;450703;297889
159281;446439;237789
159282;430140;242934
159283;322963;345855
159284;475517;284965
159285;473503;277540
159286;438346;262783
159287;416712;278534
159288;330544;303730
159289;409868;323478
159290;314432;213495
159291;493842;241376
159292;394133;256916
159293;427845;280864
159294;335770;257954
159295;400029;296136
159296;504490;262244
159297;461316;253827
159298;335924;233998
159299;438964;270837
159300;439466;305349
159301;314319;280186
159302;363835;300975
159303;454260;308722
159304;442329;249399
159305;385190;252565
159306;357124;287391
159307;510196;257143
159308;337223;292304
159309;418970;320237
159310;402603;229418
159311;515650;339059
159312;373945;283016
159313;463127;262177
159314;519617;312904
159315;452790;246307
159316;449606;271754
159317;433175;343015
159318;383433;277144
159319;329059;252094
159320;510202;288980
159321;321897;313526
159322;501787;232943
159323;324821;263092
159324;389829;322861
159325;322150;297856
159326;696363;295628
159327;731824;260803
159328;613357;315233
159329;681557;274832
159330;486436;305044
159331;617539;330213
159332;461501;258394
159333;502295;289370
159334;492413;259210
159335;502280;323071
159336;526450;265454
159337;708497;290006
159338;672620;295843
159339;511509;284883
159340;587915;323714
159341;661081;318949
159342;479000;280656
159343;492578;343763
159344;519970;253974
159345;461284;227675
159346;741022;290779
159347;696657;296816
159348;557346;322197
159349;604161;248207
159350;717450;290435
159351;532382;299996
159352;537884;287426
159353;569587;218688
159354;557662;289874
159355;631154;260163
159356;495846;262910
159357;544210;282021
159358;707295;252125
159359;643348;336432
159360;557344;289504
159361;710915;279966
159362;748329;338921
159363;637716;310255
159364;698642;312809
159365;450766;277656
159366;484436;288977
159367;703308;341194
159368;583944;225593
159369;665744;310435
159370;517930;297121
159371;548157;320887
159372;468971;306469
159373;513634;245414
159374;719130;316665
159375;618746;333569
159376;532214;289640
159377;471189;262120
159378;470542;267563
159379;540190;291567
159380;705656;269012
159381;473340;257695
159382;450450;310448
159383;523458;253290
159384;504547;225095
159385;579349;216384
159386;687053;316296
159387;481902;283992
159388;619261;237630
159389;549537;314125
159390;525835;240189
159391;613713;323600
159392;581309;301428
159393;571493;250199
159394;672658;311854
159395;612768;298075
159396;604866;305946
159397;545875;301761
159398;523038;250996
159399;574536;251622
159400;637287;330116
159401;483431;310127
159402;467821;247615
159403;713622;278525
159404;674429;312172
159405;799374;255160
159406;730162;290525
159407;515265;341572
159408;573425;267799
159409;515150;319315
159410;599815;331630
159411;551259;274072
159412;679187;318664
159413;547006;314597
159414;626622;245650
159415;599477;239712
159416;475002;241799
159417;565609;216935
159418;623685;298021
159419;659969;323740
159420;664915;289887
159421;529466;293177
159422;657702;273847
159423;457420;311063
159424;618846;218574
159425;594944;234475
159426;673892;283123
159427;673012;236469
159428;518951;289158
159429;601974;305050
159430;665073;241161
159431;661118;345619
159432;544239;293613
159433;673352;248810
159434;523486;223394
159435;668935;217034
159436;788853;292584
159437;765879;307485
159438;653068;302094
159439;629551;282154
159440;658300;259183
159441;507690;298205
159442;472571;291712
159443;641938;249684
159444;596301;285599
159445;706694;302066
159446;628528;305147
159447;567956;279675
159448;660264;270996
159449;665803;226315
159450;728875;326224
159451;723774;254056
159452;663670;239679
159453;456063;225256
159454;548530;233137
159455;717876;300552
159456;605902;284444
159457;447209;253550
159458;712175;250979
159459;559040;261428
159460;673211;274876
159461;704140;331242
159462;491430;289353
159463;587091;277568
159464;683191;313352
159465;580703;279284
159466;630717;268273
159467;650277;270458
159468;509107;307316
159469;721299;271894
159470;513282;313580
159471;686617;327042
159472;486812;254811
159473;501702;252816
159474;731058;282943
159475;535484;299103
159476;564169;273261
159477;523647;333019
159478;699458;300411
159479;732185;275138
159480;616065;281508
159481;618845;226364
159482;671714;315238
159483;452245;343455
159484;640653;274976
159485;676457;232838
159486;504544;304482
159487;707365;281136
159488;509218;318966
159489;474008;299203
159490;733567;243066
159491;692646;294842
159492;626618;315085
159493;716652;324361
159494;546864;293801
159495;567978;258062
159496;690362;301092
159497;713295;267495
159498;651180;274339
159499;711358;324157
159500;677564;321788
159501;598543;282195
159502;584493;298238
159503;506493;341798
159504;570153;335671
159505;732376;313579
159506;559421;328385
159507;564138;337228
159508;515441;319517
159509;564986;304547
159510;502975;252347
159511;481640;252555
159512;479129;299545
159513;592314;265729
159514;551052;303132
159515;547111;266695
159516;733218;253457
159517;503991;311201
159518;545991;331764
159519;570283;285147
159520;699323;267343
159521;553182;264140
159522;734353;287980
159523;710919;221092
159524;691226;239821
159525;642174;267937
159526;473621;256418
159527;646377;253173
159528;677069;317349
159529;516366;290877
159530;667761;251581
159531;591911;272467
159532;630509;283773
159533;689404;281933
159534;585173;332702
159535;460252;305873
159536;496201;300730
159537;588170;266119
159538;606732;230377
159539;631874;291542
159540;680464;312281
159541;476886;350381
159542;676487;297435
159543;753801;307193
159544;459800;230541
159545;503901;383944
159546;520743;285251
159547;490212;326504
159548;515930;230689
159549;706868;311425
159550;481194;250436
159551;662088;292579
159552;753051;217886
159553;636844;313456
159554;588561;255947
159555;534444;260786
159556;670363;294606
159557;569318;306696
159558;603822;246100
159559;548114;232830
159560;521356;328311
159561;624978;289663
159562;724527;278177
159563;675808;294823
159564;530615;310394
159565;640370;265475
159566;751417;238071
159567;642762;228019
159568;459142;254877
159569;621892;233458
159570;666892;247168
159571;461918;284079
159572;611730;331951
159573;498582;272211
159574;638583;236474
159575;567079;306112
159576;636372;267037
159577;613800;332171
159578;552564;243540
159579;518070;278980
159580;579450;286421
159581;519323;312287
159582;719684;261473
159583;491652;284868
159584;503845;265512
159585;478525;307816
159586;497616;294888
159587;564373;315898
159588;526712;262705
159589;504317;289755
159590;568855;296152
159591;798210;237249
159592;694278;331606
159593;620272;313879
159594;720684;278736
159595;649677;287858
159596;477190;294207
159597;527054;293704
159598;611849;238938
159599;582711;294117
159600;515561;305968
159601;542944;306547
159602;624044;275681
159603;526887;260465
159604;575686;248317
159605;687622;247725
159606;582497;228872
159607;595961;256048
159608;557147;324508
159609;639235;271300
159610;502702;294384
159611;460518;229538
159612;712663;288444
159613;479199;319708
159614;636086;254602
159615;607059;287260
159616;589365;300774
159617;504841;253274
159618;677548;295304
159619;618656;292355
159620;462773;331150
159621;503741;290109
159622;543998;216767
159623;714810;269392
159624;724685;249855
159625;640353;264186
159626;722166;316757
159627;647972;246023
159628;658828;218248
159629;472480;314393
159630;706556;256309
159631;501087;269567
159632;643708;349821
159633;682860;298565
159634;573275;303526
159635;722483;280175
159636;508592;235802
159637;523037;306378
159638;503279;229623
159639;717198;265668
159640;502603;266048
159641;276268;305222
159642;203576;212057
159643;223450;266956
159644;234876;257585
159645;330285;261885
159646;223614;245878
159647;314426;317082
159648;216372;287166
159649;261057;281846
159650;217417;296968
159651;283632;317384
159652;205056;266225
159653;238885;313706
159654;281017;258453
159655;322523;258452
159656;282962;292632
159657;302143;318143
159658;301998;323368
159659;262523;290311
159660;268798;319996
159661;300369;269082
159662;273377;298310
159663;301985;300534
159664;229717;259034
159665;327294;228496
159666;289408;236219
159667;227638;225895
159668;282277;273954
159669;301709;269069
159670;300438;322095
159671;294334;254625
159672;241536;323379
159673;248754;259510
159674;294244;227424
159675;297765;252198
159676;249023;233143
159677;313475;276297
159678;247417;315235
159679;331561;271154
159680;226872;282082
159681;219768;280499
159682;234186;219820
159683;306896;279933
159684;307429;255013
159685;281501;280719
159686;331373;243684
159687;223364;281767
159688;285850;335077
159689;321997;358300
159690;229336;296650
159691;297684;293236
159692;227272;338672
159693;268644;334308
159694;332644;236540
159695;325384;265423
159696;264506;218159
159697;236741;270817
159698;302726;248752
159699;289463;263156
159700;322162;296945
159701;282822;275518
159702;202991;214219
159703;226666;278956
159704;293510;243206
159705;283383;348432
159706;225593;252796
159707;275323;309547
159708;296817;354816
159709;234579;329656
159710;238533;290907
159711;212619;313753
159712;270256;242468
159713;273850;310216
159714;275735;280278
159715;265450;330882
159716;318624;321178
159717;332071;312927
159718;225518;263943
159719;312353;315693
159720;231583;328645
159721;280896;314406
159722;204508;259217
159723;279329;277029
159724;224176;236665
159725;203047;242458
159726;220664;314734
159727;314193;336882
159728;236027;311133
159729;326969;294745
159730;269413;274017
159731;295177;246694
159732;321680;220790
159733;227372;314114
159734;249170;305951
159735;288777;235326
159736;291877;300961
159737;320092;263229
159738;280799;291086
159739;323937;260921
159740;235446;228219
159741;328997;230175
159742;247930;227314
159743;216854;360000
159744;302259;250436
159745;324796;295621
159746;331176;300210
159747;226146;283929
159748;312897;258505
159749;319762;310456
159750;298442;261076
159751;260667;281754
159752;222211;325647
159753;213004;281388
159754;332686;296140
159755;220688;234792
159756;286639;283375
159757;287449;289510
159758;330082;219422
159759;278139;295568
159760;242624;297407
159761;231830;273300
159762;259417;289234
159763;232207;295021
159764;287597;280537
159765;271688;301080
159766;204148;296896
159767;223724;311118
159768;276320;288560
159769;252357;302117
159770;223893;280825
159771;251343;257377
159772;231243;278158
159773;231769;283207
159774;295730;325743
159775;304684;269959
159776;281675;299895
159777;328206;247682
159778;294503;345641
159779;247110;261550
159780;326410;208168
159781;273128;301007
159782;271394;228204
159783;255842;269015
159784;303318;275986
159785;266950;327395
159786;209679;316396
159787;309260;302980
159788;333503;310402
159789;285946;278542
159790;293472;219115
159791;219857;261817
159792;227179;230456
159793;253885;243889
159794;241222;314554
159795;261418;292637
159796;245433;246347
159797;320449;318243
159798;274748;281000
159799;303608;240648
159800;331135;354142
159801;215062;270459
159802;287568;273328
159803;333070;268375
159804;336987;242462
159805;217968;254896
159806;262679;297279
159807;276705;274756
159808;329220;284667
159809;216827;296800
159810;241524;236533
159811;246128;272878
159812;329549;322987
159813;220059;273269
159814;246804;290159
159815;317187;266809
159816;310517;262719
159817;330592;253188
159818;242331;279821
159819;223040;246882
159820;291889;219969
159821;267048;222154
159822;326438;272848
159823;295330;218846
159824;311248;254317
159825;301529;270034
159826;218444;223301
159827;263732;275355
159828;234601;275409
159829;228195;307111
159830;288444;228837
159831;314144;277403
159832;260295;296209
159833;325337;309295
159834;209815;268545
159835;286149;281492
159836;249699;356665
159837;269623;277197
159838;242685;287794
159839;232426;257821
159840;202055;245060
159841;206559;292927
159842;326928;228076
159843;209134;299020
159844;208654;325307
159845;231505;262080
159846;270111;322095
159847;242324;272055
159848;252628;302708
159849;244991;327221
159850;254971;321301
159851;277356;275743
159852;288464;244932
159853;324103;243766
159854;330266;274329
159855;317154;257069
159856;202456;243050
159857;203297;258372
159858;323837;291060
159859;276199;255699
159860;284437;219828
159861;311671;207046
159862;214479;263550
159863;323725;273579
159864;291136;287572
159865;256388;343633
159866;213731;265935
159867;262857;290438
159868;237000;271958
159869;234803;322426
159870;222734;259841
159871;233616;241254
159872;220836;291203
159873;310641;282915
159874;228459;250786
159875;268922;302890
159876;243667;239024
159877;259382;286824
159878;276706;314517
159879;291604;208526
159880;330694;296146
159881;264588;300339
159882;262696;266864
159883;224153;282629
159884;274848;304543
159885;264656;276430
159886;229793;314005
159887;296357;232689
159888;238722;287736
159889;217563;264958
159890;269994;322173
159891;241164;305861
159892;212454;243275
159893;259339;317613
159894;241906;245527
159895;267073;276484
159896;291141;248979
159897;210277;235006
159898;244129;279930
159899;219518;313743
159900;311449;266334
159901;212517;286772
159902;285450;252727
159903;266677;256207
159904;215909;214689
159905;323135;249598
159906;201443;219487
159907;209827;257753
159908;249213;287665
159909;275213;272136
159910;249751;249878
159911;203716;251418
159912;251389;308992
159913;244225;263112
159914;293244;282602
159915;321993;316199
159916;263250;266730
159917;254770;241284
159918;260894;242073
159919;252066;317759
159920;307640;317775
159921;311227;293898
159922;236480;285870
159923;241244;309308
159924;201614;297376
159925;228409;284020
159926;324431;302575
159927;234764;264444
159928;209347;335741
159929;224318;315443
159930;292837;249464
159931;235192;248407
159932;309023;290393
159933;221995;262721
159934;322901;244161
159935;305471;321788
159936;257112;244755
159937;288175;244661
159938;256882;282156
159939;308312;276703
159940;313648;271727
159941;247667;306213
159942;234911;276565
159943;285293;291454
159944;301399;340601
159945;298859;284669
159946;229436;309228
159947;248723;286817
159948;280128;244754
159949;202014;267843
159950;203369;240230
159951;245755;296639
159952;312117;336183
159953;253172;310676
159954;302462;261002
159955;291989;252580
159956;218207;237021
159957;265174;288054
159958;297645;207939
159959;272568;225595
159960;239670;306579
159961;248801;270726
159962;291360;290310
159963;219883;275389
159964;263133;246921
159965;333843;306801
159966;314162;309212
159967;216257;285887
159968;298844;257372
159969;226217;279598
159970;234964;288939
159971;242214;323332
159972;210235;236859
159973;311353;344380
159974;257145;282805
159975;207333;238974
159976;224827;235400
159977;287497;237607
159978;282120;333564
159979;332428;261749
159980;280250;312212
159981;315494;266760
159982;335041;312512
159983;230803;221455
159984;273801;291957
159985;329342;273397
159986;267533;291794
159987;308625;330137
159988;200543;303160
159989;328426;270945
159990;225083;224586
159991;281904;248388
159992;290901;325381
159993;224817;289244
159994;292393;322411
159995;282917;302367
159996;200618;292294
159997;280837;294744
159998;237006;273150
159999;289261;292603
160000;314172;253958
160001;300242;228219
160002;306518;234055
160003;317600;232274
160004;255392;309241
160005;294441;317665
160006;281484;310793
160007;291780;309216
160008;276188;279446
160009;275549;280995
160010;323868;212443
160011;201078;234101
160012;268488;297342
160013;248329;331101
160014;268808;278421
160015;283983;238688
160016;278492;301503
160017;231327;316550
160018;287291;254306
160019;283452;325982
160020;325675;283717
160021;223665;274191
160022;228369;338584
160023;261125;227286
160024;330062;323959
160025;302552;335929
160026;290315;283578
160027;316227;314009
160028;297714;244202
160029;274643;266148
160030;231138;293095
160031;314108;308659
160032;304965;270581
160033;299259;263254
160034;243063;250917
160035;256569;252039
160036;279381;268744
160037;244374;328997
160038;198974;328434
160039;296598;252235
160040;318233;306100
160041;323855;294405
160042;214420;302819
160043;219480;265107
160044;279527;316954
160045;280313;214089
160046;264711;285156
160047;229171;311973
160048;311517;210099
160049;208266;324967
160050;212955;282013
160051;324915;275021
160052;287965;276343
160053;239148;257782
160054;226041;313136
160055;221898;359793
160056;236285;278869
160057;249225;296780
160058;314826;310616
160059;261141;284125
160060;338718;212560
160061;233363;240662
160062;214196;307831
160063;269473;235606
160064;214540;243957
160065;218901;281658
160066;326877;316816
160067;339442;240167
160068;213634;265537
160069;238050;227004
160070;287467;302283
160071;220625;284785
160072;221761;271251
160073;282065;299865
160074;205742;316502
160075;300242;295852
160076;343661;309133
160077;318159;245726
160078;233862;251729
160079;340826;376072
160080;248929;275331
160081;332473;324343
160082;231933;285965
160083;336776;291786
160084;275595;318851
160085;244624;271036
160086;274806;254877
160087;313366;300067
160088;336234;310854
160089;264365;315104
160090;233315;294522
160091;247948;321475
160092;260276;252857
160093;332899;286008
160094;279197;276466
160095;249893;328827
160096;303323;287392
160097;273658;285022
160098;320165;258597
160099;274158;276538
160100;277181;311270
160101;334847;298507
160102;261317;215180
160103;279742;276447
160104;276885;245071
160105;299920;274611
160106;307698;260311
160107;226645;236785
160108;314622;219684
160109;334631;253181
160110;266974;223562
160111;282334;312759
160112;314030;301854
160113;332406;291353
160114;230361;284950
160115;259006;269779
160116;237365;217750
160117;336659;258979
160118;318253;303714
160119;274539;312000
160120;261085;231756
160121;261925;325055
160122;316086;292538
160123;287834;276819
160124;290579;295536
160125;312392;357775
160126;314309;252824
160127;239315;293317
160128;264072;270162
160129;260970;301820
160130;278351;284171
160131;275650;260811
160132;307055;231555
160133;320651;332259
160134;283120;273933
160135;262875;348940
160136;236758;266129
160137;272076;308961
160138;327180;305286
160139;316198;247634
160140;266856;254758
160141;338247;288230
160142;298172;338655
160143;338041;233088
160144;316712;288291
160145;340847;228444
160146;240305;288517
160147;208439;323550
160148;247665;234946
160149;316218;361066
160150;264303;248100
160151;242098;274710
160152;218853;252837
160153;242021;257296
160154;319892;283328
160155;332336;320733
160156;286924;249850
160157;342633;326693
160158;300930;276337
160159;215371;262840
160160;229093;287723
160161;229939;270602
160162;301737;279696
160163;263717;292541
160164;299946;344949
160165;273702;263591
160166;208339;292240
160167;317582;246239
160168;319547;380434
160169;255956;320190
160170;255471;325695
160171;243771;311859
160172;289875;332205
160173;340435;239243
160174;274962;228565
160175;250967;255558
160176;241159;251502
160177;335232;271749
160178;316708;257862
160179;265302;301407
160180;255459;295785
160181;245092;306537
160182;267780;290959
160183;323934;280551
160184;215675;298344
160185;221299;310132
160186;273658;277816
160187;219796;275641
160188;301059;246914
160189;241126;275335
160190;224170;299377
160191;309861;309988
160192;320351;338981
160193;251296;280059
160194;278889;254331
160195;334560;298170
160196;298794;286218
160197;326817;315846
160198;308882;325279
160199;256888;303451
160200;291473;296385
160201;332917;235434
160202;250941;250478
160203;308563;324838
160204;261850;317575
160205;296071;282689
160206;310383;234099
160207;341962;273696
160208;233116;305016
160209;236708;364965
160210;308452;283017
160211;237892;258269
160212;327551;235174
160213;312893;329445
160214;332485;306818
160215;214672;224237
160216;296789;225597
160217;240340;328393
160218;294573;258180
160219;320746;258420
160220;210504;293593
160221;244311;232846
160222;286041;291888
160223;227179;338301
160224;278188;299989
160225;283480;349361
160226;310550;294168
160227;239074;290203
160228;334885;298431
160229;335927;271581
160230;288839;303209
160231;324047;332041
160232;328658;236289
160233;296158;324575
160234;236205;317978
160235;315005;302895
160236;223048;260130
160237;272444;224172
160238;272592;268949
160239;238786;287872
160240;267958;265219
160241;253388;327256
160242;296896;263947
160243;238531;246627
160244;264698;294846
160245;271743;245326
160246;239463;255996
160247;291256;234407
160248;288635;270256
160249;230791;283055
160250;213542;306957
160251;259086;296799
160252;230974;285672
160253;220706;292699
160254;316237;271811
160255;330977;309253
160256;226331;286818
160257;328262;273805
160258;238880;243550
160259;213011;318196
160260;308050;316310
160261;345305;283956
160262;308717;285183
160263;258489;311884
160264;325968;279612
160265;310030;357652
160266;320235;266417
160267;285257;252150
160268;311627;314576
160269;300526;247958
160270;325278;314267
160271;274163;257503
160272;315720;298388
160273;225976;303040
160274;276868;271799
160275;341254;270425
160276;211228;317032
160277;321172;268250
160278;275960;294767
160279;233784;273797
160280;304355;309307
160281;253086;268713
160282;299268;297754
160283;269159;306591
160284;227397;254879
160285;215929;298706
160286;214891;245785
160287;263314;293601
160288;217886;245045
160289;211558;241206
160290;276976;283500
160291;334479;285440
160292;306626;234071
160293;213219;322867
160294;336578;327482
160295;283666;311857
160296;299593;335323
160297;220472;248011
160298;301667;296206
160299;285018;314750
160300;253807;305184
160301;224477;235664
160302;275439;289921
160303;288686;266566
160304;336120;369094
160305;229077;276621
160306;247385;333430
160307;271622;298785
160308;322304;300574
160309;248911;328951
160310;232886;208712
160311;209667;296561
160312;219017;311666
160313;215396;321206
160314;248478;236152
160315;242290;257773
160316;271522;232303
160317;242567;243388
160318;257349;249036
160319;246806;248738
160320;326146;330816
160321;325750;262200
160322;315357;251809
160323;286467;302277
160324;282986;291115
160325;209676;231051
160326;298734;250330
160327;250593;275398
160328;261576;266308
160329;252915;269843
160330;312863;293164
160331;255899;305848
160332;270856;311553
160333;208495;297988
160334;282060;240956
160335;271408;247187
160336;316212;302726
160337;263345;339192
160338;258190;265305
160339;316598;302452
160340;302821;311627
160341;254836;277330
160342;214705;326214
160343;341898;250072
160344;329739;310192
160345;308173;263151
160346;282179;260277
160347;270227;232655
160348;283208;296825
160349;253666;336704
160350;242789;280434
160351;311059;249320
160352;317439;333265
160353;337409;252050
160354;344121;276461
160355;243413;270035
160356;286216;291710
160357;219359;247800
160358;260047;242304
160359;208739;259361
160360;317137;285534
160361;298222;244832
160362;229249;316926
160363;318333;309065
160364;232445;269162
160365;325322;304173
160366;300908;240641
160367;296185;285010
160368;328803;257848
160369;298078;326281
160370;329089;287749
160371;215756;251577
160372;213726;243187
160373;232263;246246
160374;223050;267584
160375;321935;276547
160376;233723;273768
160377;329556;245149
160378;289880;259972
160379;282458;255120
160380;220557;314625
160381;290829;224491
160382;251603;254660
160383;262180;275463
160384;283875;294303
160385;344306;262583
160386;203882;255778
160387;214268;297645
160388;321793;243886
160389;343494;303974
160390;296781;235579
160391;301732;245723
160392;252265;305239
160393;294858;276639
160394;223453;312599
160395;295419;232433
160396;280084;269494
160397;267832;306949
160398;275222;287869
160399;208921;300305
160400;326871;277298
160401;278510;306665
160402;325743;305520
160403;252177;279666
160404;322354;311586
160405;290754;233351
160406;318531;306399
160407;276924;285915
160408;228185;301897
160409;294120;262226
160410;243088;290251
160411;242277;289527
160412;245621;355478
160413;239214;264574
160414;273180;306115
160415;304145;335779
160416;303047;325169
160417;277850;261604
160418;242436;231609
160419;224441;317972
160420;220192;236501
160421;320511;284325
160422;215401;320533
160423;342842;258057
160424;244014;286188
160425;225744;221031
160426;319753;244859
160427;292812;334910
160428;266235;267647
160429;309611;313424
160430;342465;264556
160431;288710;289049
160432;334215;290082
160433;263345;307533
160434;321956;238752
160435;313107;242773
160436;240396;268269
160437;296735;249049
160438;332990;292112
160439;338637;232544
160440;330773;251151
160441;230019;231222
160442;237945;292459
160443;291050;286323
160444;302342;234656
160445;233625;306034
160446;340632;252895
160447;343241;280500
160448;253401;281558
160449;313449;306983
160450;232813;282711
160451;221742;298410
160452;242603;279369
160453;221094;289092
160454;234957;258286
160455;258035;272315
160456;244586;289032
160457;232548;265160
160458;339586;301186
160459;237484;269962
160460;283077;268853
160461;238854;326171
160462;314015;236757
160463;203845;275095
160464;340828;342300
160465;293740;271557
160466;320680;284876
160467;258607;254713
160468;205032;313628
160469;299223;286049
160470;222440;324962
160471;317484;286622
160472;320355;245529
160473;309157;303296
160474;327619;230542
160475;335590;327987
160476;211087;320396
160477;210778;325203
160478;340749;332194
160479;409498;261005
160480;341192;265736
160481;307704;313428
160482;319304;304081
160483;329496;267584
160484;404670;311942
160485;398031;256625
160486;445214;300583
160487;290715;321291
160488;427468;289314
160489;283147;285137
160490;329599;260322
160491;280453;263184
160492;320417;270131
160493;438740;296821
160494;350957;322781
160495;363694;276777
160496;316360;216771
160497;368446;325716
160498;383144;351814
160499;328025;281159
160500;422481;264051
160501;413191;244082
160502;293711;308047
160503;363116;294921
160504;297921;320430
160505;367651;346236
160506;451681;242824
160507;374012;287361
160508;442765;287813
160509;431094;218130
160510;328847;303005
160511;285553;304370
160512;380123;329663
160513;438480;267492
160514;390619;284152
160515;428015;264204
160516;284113;306225
160517;321995;306721
160518;346426;253093
160519;324575;301579
160520;333727;245892
160521;300801;209082
160522;287825;341424
160523;347354;286029
160524;437113;328599
160525;299261;335417
160526;433013;313479
160527;363541;283592
160528;401178;301329
160529;384298;282223
160530;335243;277251
160531;317047;287826
160532;307310;302216
160533;350216;285555
160534;276797;323415
160535;397752;298847
160536;403510;333434
160537;404877;246809
160538;449820;308752
160539;315248;315129
160540;429640;315412
160541;373562;276613
160542;424913;286023
160543;415475;273843
160544;307508;327034
160545;328261;270600
160546;349565;307150
160547;272437;310940
160548;426666;334451
160549;271734;251166
160550;326535;245820
160551;371687;256144
160552;435916;326808
160553;398437;272875
160554;279834;294371
160555;292635;316156
160556;282384;284623
160557;368942;335921
160558;423330;248239
160559;308162;346524
160560;369128;237123
160561;439807;243463
160562;282157;285091
160563;342959;258925
160564;438009;232463
160565;346140;310581
160566;404476;335117
160567;299929;292216
160568;333655;297955
160569;278065;275329
160570;379515;222163
160571;350345;310154
160572;325244;293972
160573;384261;292092
160574;291174;304237
160575;376707;286087
160576;278588;223763
160577;442427;330074
160578;393766;224822
160579;285020;310940
160580;324498;294353
160581;382002;343943
160582;324103;279819
160583;335448;257243
160584;427320;257397
160585;448190;291560
160586;447485;317605
160587;350992;354928
160588;381013;219126
160589;326997;326127
160590;397856;233030
160591;432496;278598
160592;273181;283108
160593;418237;228688
160594;293170;235144
160595;395221;295211
160596;350836;254885
160597;416756;262316
160598;387601;286321
160599;289558;275212
160600;453394;281423
160601;412711;245608
160602;273214;274540
160603;295497;290184
160604;443150;287272
160605;382979;227587
160606;273172;263581
160607;278155;306903
160608;340283;256074
160609;429331;302192
160610;344714;239149
160611;410823;292748
160612;346020;302311
160613;309484;364046
160614;396407;304161
160615;351018;328769
160616;348202;282392
160617;429665;305275
160618;381132;300712
160619;438765;305163
160620;403750;294024
160621;282627;312172
160622;353149;275118
160623;369086;233164
160624;428572;259969
160625;334043;226693
160626;402397;320166
160627;355481;256399
160628;377686;253546
160629;358346;269373
160630;346754;260219
160631;420662;330086
160632;386908;289507
160633;327001;274196
160634;323314;256313
160635;323883;244167
160636;273516;283679
160637;431018;312453
160638;412254;343641
160639;362709;227994
160640;318302;270661
160641;444989;260076
160642;285366;285520
160643;364300;318842
160644;316054;250423
160645;415390;270134
160646;403397;254392
160647;396408;285659
160648;275062;275158
160649;361893;271338
160650;307066;304139
160651;350956;284773
160652;320925;294725
160653;429972;286557
160654;414107;237774
160655;309812;288151
160656;387437;336775
160657;304895;271386
160658;346839;327191
160659;292958;327496
160660;303577;254489
160661;421859;327130
160662;376293;222913
160663;379297;314862
160664;379595;251641
160665;364259;259301
160666;300164;271431
160667;308602;238875
160668;313648;249367
160669;344569;255882
160670;323686;279515
160671;403253;267963
160672;307645;245528
160673;327425;314564
160674;447949;295425
160675;427503;255970
160676;371475;279941
160677;372337;309135
160678;387220;314395
160679;436604;232124
160680;306192;303052
160681;424316;316919
160682;431949;252532
160683;337598;236746
160684;359892;268877
160685;317812;275817
160686;431816;282884
160687;444904;316714
160688;451406;249343
160689;411944;293215
160690;334570;313898
160691;341819;329811
160692;447986;301195
160693;312721;304523
160694;278115;302610
160695;341775;287806
160696;332117;258021
160697;414441;306074
160698;284027;255187
160699;445445;358476
160700;361837;303678
160701;281074;231045
160702;299553;240174
160703;311156;255679
160704;279858;294436
160705;447048;260986
160706;290587;319099
160707;441595;248320
160708;313587;251436
160709;315932;272230
160710;394919;331695
160711;359483;306134
160712;308320;293110
160713;280269;223490
160714;281500;263506
160715;300667;246062
160716;411534;300245
160717;407517;267603
160718;346714;318673
160719;307998;295367
160720;422217;231394
160721;368944;243259
160722;381311;313163
160723;374066;237580
160724;450278;289211
160725;427048;251898
160726;359796;226115
160727;371381;324069
160728;397633;306740
160729;368854;310770
160730;441317;263978
160731;291038;302288
160732;348934;280183
160733;264251;251095
160734;377050;309176
160735;309784;304094
160736;338177;240721
160737;345203;255722
160738;341142;319019
160739;396976;294674
160740;425661;313930
160741;431927;269839
160742;433989;301033
160743;399591;279873
160744;312935;263063
160745;395307;240759
160746;381697;312756
160747;446132;263852
160748;273469;304638
160749;388845;290704
160750;431243;244009
160751;360315;312206
160752;394602;297497
160753;418904;253045
160754;453273;304017
160755;336975;280652
160756;364727;301418
160757;414283;275061
160758;433291;280901
160759;350033;249398
160760;427067;338856
160761;406093;251754
160762;398563;266085
160763;391336;247276
160764;282294;296395
160765;301935;220932
160766;389558;222437
160767;416673;320406
160768;363435;283380
160769;387702;299916
160770;432496;267101
160771;354999;265107
160772;309711;278937
160773;381253;325145
160774;374020;270729
160775;354842;257159
160776;308326;250962
160777;445349;281018
160778;425918;253932
160779;401248;289651
160780;316742;274659
160781;447251;230965
160782;287128;305199
160783;398916;326616
160784;299852;286726
160785;316304;310292
160786;455078;304645
160787;287214;270950
160788;417923;277659
160789;310112;287549
160790;362887;340466
160791;342246;314741
160792;338971;288174
160793;334757;242539
160794;375083;248657
160795;277078;229297
160796;381617;328423
160797;445753;338018
160798;369159;274175
160799;357704;302858
160800;419787;284580
160801;431109;331842
160802;431063;351075
160803;284678;301380
160804;422781;220160
160805;309163;344065
160806;398803;217910
160807;378981;303280
160808;366942;281922
160809;323113;303327
160810;288103;260007
160811;425565;305611
160812;372857;282452
160813;441618;299147
160814;441502;338978
160815;395564;228871
160816;428265;246773
160817;310531;303056
160818;315142;249452
160819;307088;275657
160820;389916;240130
160821;289495;225794
160822;314670;261736
160823;425747;272356
160824;344780;216313
160825;446506;326706
160826;357094;342317
160827;331162;236144
160828;406407;236872
160829;442650;230881
160830;442246;292645
160831;315812;315367
160832;349055;244058
160833;397660;314612
160834;295606;277952
160835;361250;309370
160836;408744;279038
160837;330270;231061
160838;298931;299147
160839;349819;326773
160840;363537;283051
160841;411330;277814
160842;371975;276502
160843;317875;293872
160844;281157;230665
160845;317451;286921
160846;406505;318540
160847;445690;320077
160848;396199;296624
160849;447640;266584
160850;418316;298257
160851;368684;290697
160852;303761;246740
160853;404517;222663
160854;355779;290115
160855;387527;345957
160856;363674;289764
160857;384750;263556
160858;377367;255188
160859;455032;238843
160860;404040;231356
160861;395662;225552
160862;376249;265878
160863;323490;298354
160864;426444;331434
160865;381635;257566
160866;371435;297292
160867;418614;306064
160868;380149;307472
160869;308207;228102
160870;319022;293173
160871;334004;231287
160872;396601;293793
160873;415900;323954
160874;362166;253377
160875;571011;317433
160876;458887;308770
160877;406396;261882
160878;316349;296913
160879;399006;272473
160880;379762;273141
160881;316060;240908
160882;319369;236437
160883;363937;272222
160884;315546;265787
160885;370245;295589
160886;387913;299855
160887;459354;307055
160888;304256;317323
160889;406962;284261
160890;368428;255763
160891;381380;213665
160892;280379;265277
160893;383160;262820
160894;389465;296097
160895;321336;233851
160896;321783;261086
160897;309550;215422
160898;411037;301557
160899;452330;300775
160900;285502;263710
160901;423695;308550
160902;294449;241867
160903;414397;295457
160904;431177;289591
160905;336204;284435
160906;375782;283362
160907;335973;301490
160908;280043;276739
160909;421256;332316
160910;354146;284015
160911;359007;332340
160912;422531;254566
160913;281635;299851
160914;289363;327125
160915;463348;228815
160916;363370;275729
160917;446511;361243
160918;402012;270279
160919;407613;265158
160920;343837;244905
160921;368379;256447
160922;375496;262755
160923;428133;317224
160924;345655;277905
160925;414593;311269
160926;353222;299620
160927;368927;207954
160928;413041;265031
160929;371349;259409
160930;457286;232936
160931;394577;291842
160932;329298;256673
160933;379124;251836
160934;333204;240502
160935;334816;267330
160936;298814;248816
160937;365171;321246
160938;327005;284166
160939;297712;297558
160940;370611;289932
160941;358287;303559
160942;342983;308123
160943;365225;302689
160944;422975;287488
160945;383807;307466
160946;456411;276011
160947;366593;332596
160948;347225;223370
160949;340838;317106
160950;348832;265109
160951;285657;314621
160952;367541;227189
160953;315717;293363
160954;359052;324483
160955;281766;275411
160956;381924;268208
160957;355964;241476
160958;295713;224398
160959;353602;232389
160960;362153;302751
160961;334739;293291
160962;296065;268090
160963;359906;302388
160964;387634;249909
160965;290381;282759
160966;402699;324221
160967;379499;251292
160968;294051;285544
160969;374580;326966
160970;377961;281300
160971;339948;287706
160972;457332;335382
160973;320755;271645
160974;311191;317173
160975;486877;262176
160976;335874;317294
160977;399090;305675
160978;417352;284332
160979;448057;266397
160980;304297;299290
160981;357638;248403
160982;402709;276281
160983;404343;225231
160984;362226;312068
160985;338617;325257
160986;377633;258984
160987;303391;269798
160988;455574;338174
160989;426223;282798
160990;408068;247851
160991;325582;268293
160992;330283;303930
160993;344182;295212
160994;320427;295809
160995;288547;294366
160996;415668;238998
160997;426477;287432
160998;333160;272217
160999;366919;232392
161000;432734;286795
161001;426559;256108
161002;433683;265561
161003;387700;302750
161004;424540;240297
161005;455487;271256
161006;341610;354322
161007;414881;286657
161008;332593;249804
161009;312586;303049
161010;426800;311898
161011;289688;252670
161012;277792;238004
161013;428499;292280
161014;314755;336324
161015;315446;307115
161016;387365;301509
161017;466139;313746
161018;321638;260207
161019;377282;290505
161020;301051;280334
161021;384183;287485
161022;464165;343917
161023;386821;357789
161024;344776;293862
161025;434382;215221
161026;405301;265255
161027;370259;248254
161028;401345;292639
161029;330682;270988
161030;336715;256033
161031;312145;278770
161032;326281;264198
161033;435428;287886
161034;342333;312600
161035;323951;245413
161036;412033;229363
161037;371610;294828
161038;302900;304453
161039;426585;320699
161040;449633;289420
161041;303526;246047
161042;412665;282449
161043;378637;265318
161044;310593;347491
161045;398155;224390
161046;438507;259522
161047;460141;319627
161048;328394;282416
161049;374841;302721
161050;298511;257995
161051;377493;288205
161052;331199;323020
161053;372312;259450
161054;292689;320920
161055;282415;294704
161056;465482;330225
161057;323283;230108
161058;330501;277606
161059;322244;311199
161060;279419;245923
161061;302893;253319
161062;419990;238440
161063;279680;305207
161064;373735;309632
161065;438310;248611
161066;437368;303245
161067;410362;253843
161068;326136;327396
161069;404709;238240
161070;372754;305191
161071;401702;343422
161072;304764;263957
161073;436805;245399
161074;417448;287253
161075;450005;267571
161076;365393;267035
161077;299755;310659
161078;309477;271450
161079;342842;338057
161080;286997;322858
161081;372835;294625
161082;371302;260622
161083;358095;260631
161084;400245;300236
161085;238155;282951
161086;238724;254482
161087;274114;230269
161088;280145;247954
161089;286759;301357
161090;346754;286671
161091;290183;249968
161092;269983;269759
161093;264068;296229
161094;274170;254724
161095;332636;310756
161096;308541;232896
161097;351487;299534
161098;331442;331529
161099;253216;261150
161100;288474;249764
161101;259492;236832
161102;365931;229181
161103;331210;222037
161104;337002;269940
161105;227196;271387
161106;304673;264642
161107;255490;277110
161108;325726;289846
161109;335146;327382
161110;304585;293706
161111;333928;227921
161112;347966;295715
161113;257842;310131
161114;311819;288785
161115;259872;252785
161116;277651;317825
161117;284796;278830
161118;337141;278829
161119;301371;290226
161120;246949;304582
161121;284049;309123
161122;251005;225229
161123;309426;278442
161124;327594;363306
161125;336582;315056
161126;340036;244792
161127;222337;270917
161128;350060;332016
161129;308073;229773
161130;232484;239330
161131;291799;314601
161132;225612;306502
161133;288472;272855
161134;227523;274255
161135;311030;248834
161136;351488;266011
161137;336038;266447
161138;258334;316958
161139;262512;262278
161140;275165;229093
161141;320706;256927
161142;248715;270078
161143;266817;305692
161144;308914;334294
161145;320768;294411
161146;264445;263608
161147;344199;281717
161148;301139;291269
161149;250965;305171
161150;287867;227057
161151;300648;281574
161152;269218;330273
161153;324609;248649
161154;354380;207781
161155;309775;256573
161156;259113;345599
161157;321285;249327
161158;319835;247739
161159;237373;262916
161160;367110;236413
161161;349583;308551
161162;311772;280982
161163;276591;307224
161164;329359;350049
161165;289100;234678
161166;332623;256906
161167;370374;261279
161168;236034;332152
161169;311281;298036
161170;232719;310911
161171;293444;316992
161172;328198;305677
161173;334362;255334
161174;321129;267867
161175;367423;290259
161176;362367;275301
161177;279425;234821
161178;338359;277643
161179;315969;328546
161180;286961;329980
161181;322307;268043
161182;248920;335261
161183;364570;240953
161184;249071;275376
161185;231830;340336
161186;340152;293950
161187;330859;220566
161188;340634;322684
161189;294301;337429
161190;303081;252107
161191;254574;240255
161192;330276;219674
161193;269795;282600
161194;271783;322713
161195;260522;316031
161196;325960;293373
161197;245584;321379
161198;369438;282620
161199;253488;274143
161200;296554;261870
161201;253071;259475
161202;250902;329499
161203;347969;300317
161204;338749;270889
161205;250151;269827
161206;298437;217571
161207;247137;313748
161208;259339;258539
161209;264138;287496
161210;240401;266543
161211;351654;253833
161212;362147;288780
161213;323224;273836
161214;278232;266118
161215;363625;227445
161216;228051;326805
161217;227116;290855
161218;284427;242921
161219;253856;260540
161220;265100;249944
161221;306333;289387
161222;304627;295462
161223;300058;334183
161224;269523;257351
161225;304762;266601
161226;333483;242658
161227;312637;251468
161228;295544;332516
161229;300364;245329
161230;312611;255772
161231;242227;285100
161232;287850;270089
161233;276719;295666
161234;354401;241548
161235;229328;344105
161236;336214;294852
161237;319112;214529
161238;344705;285261
161239;360271;261555
161240;351542;218690
161241;298698;246906
161242;237598;255507
161243;301174;224769
161244;280346;253021
161245;264525;284647
161246;238839;260940
161247;343145;320683
161248;265577;222308
161249;267771;293691
161250;319180;233893
161251;355624;260728
161252;257006;266646
161253;282569;273130
161254;291398;276795
161255;289987;274002
161256;222872;248742
161257;300087;318941
161258;299163;261935
161259;324561;299539
161260;263577;287382
161261;319218;328923
161262;322808;279425
161263;307034;304099
161264;340589;262291
161265;270091;244149
161266;253248;272454
161267;249250;326678
161268;339783;294787
161269;341772;288397
161270;272499;244737
161271;355280;294142
161272;335838;316542
161273;259535;307539
161274;286213;266635
161275;308158;243453
161276;305951;309105
161277;308523;290997
161278;267051;288574
161279;281087;250803
161280;242754;297681
161281;310050;291210
161282;291960;308616
161283;365485;317941
161284;269053;338868
161285;297385;300419
161286;317055;249113
161287;336548;252938
161288;302986;290714
161289;254808;274457
161290;293352;273581
161291;224889;335305
161292;224391;277336
161293;239620;258191
161294;300117;239733
161295;339574;350284
161296;355444;288451
161297;293292;295323
161298;231612;313236
161299;348351;289915
161300;279928;256681
161301;293867;255005
161302;239357;313415
161303;223454;245429
161304;227321;298568
161305;340911;339160
161306;286825;318135
161307;317833;282624
161308;302415;255518
161309;272797;260172
161310;266984;250420
161311;285567;312836
161312;308193;324637
161313;266075;280677
161314;313440;293743
161315;294388;364848
161316;294827;316423
161317;280457;268666
161318;270493;251467
161319;245758;300019
161320;317495;270700
161321;307003;233760
161322;261941;340311
161323;357034;259245
161324;345815;247180
161325;343935;310236
161326;317672;328391
161327;327261;253486
161328;349047;303653
161329;321778;232658
161330;238305;268129
161331;346532;262027
161332;267433;289619
161333;268819;252457
161334;301937;269811
161335;278420;249025
161336;358879;245964
161337;264356;237328
161338;353611;257004
161339;334908;251890
161340;296909;263560
161341;289350;271574
161342;242905;337969
161343;258340;237143
161344;275604;313821
161345;227589;280655
161346;359449;219729
161347;248567;285945
161348;252006;306204
161349;258465;219580
161350;363518;292394
161351;230955;322109
161352;258458;301234
161353;356464;236242
161354;245728;230222
161355;268263;316578
161356;234389;304406
161357;325206;279862
161358;307092;276148
161359;245598;249443
161360;320930;243893
161361;363804;266023
161362;265910;278154
161363;353242;290847
161364;368505;324458
161365;350406;299065
161366;348816;347328
161367;246466;245066
161368;368275;290654
161369;274336;287173
161370;308953;251340
161371;363519;265491
161372;365259;277139
161373;319054;273868
161374;272760;343525
161375;352668;306075
161376;362491;290804
161377;274744;218420
161378;325920;237124
161379;354340;255168
161380;360110;298369
161381;350212;239061
161382;310798;241654
161383;272385;262693
161384;246416;310091
161385;317062;242976
161386;293196;278986
161387;310530;292289
161388;268012;295089
161389;297321;219913
161390;238953;321164
161391;286422;217137
161392;273116;264564
161393;286813;256731
161394;251618;245455
161395;263237;293742
161396;226506;240903
161397;337560;225026
161398;320959;312833
161399;324345;239712
161400;306035;296118
161401;261414;275423
161402;332582;333232
161403;257878;285114
161404;257511;230379
161405;334148;238909
161406;257353;251206
161407;251769;268172
161408;360275;256967
161409;358785;263217
161410;364511;325157
161411;344756;297143
161412;255856;286438
161413;231407;271796
161414;340785;238802
161415;343943;250131
161416;359885;270206
161417;220597;242493
161418;273664;288251
161419;354482;306918
161420;260934;265052
161421;332655;335347
161422;340346;265789
161423;350176;254274
161424;282242;276782
161425;281349;255688
161426;227650;251160
161427;361325;229417
161428;294037;342042
161429;233391;280361
161430;230470;320277
161431;359206;233523
161432;332327;248500
161433;249928;262698
161434;349989;239258
161435;226404;275319
161436;287821;314683
161437;309134;229894
161438;260126;283329
161439;317704;313497
161440;232326;325444
161441;335279;246506
161442;325943;319626
161443;223229;267658
161444;240313;265381
161445;263809;234033
161446;325525;304426
161447;353249;221561
161448;335801;265138
161449;327944;336343
161450;355572;224766
161451;196513;315219
161452;137348;237188
161453;199587;317896
161454;208865;291113
161455;171908;285960
161456;183775;269388
161457;148462;276569
161458;175089;289457
161459;208756;280034
161460;129629;339685
161461;145418;317998
161462;169097;234942
161463;208062;235316
161464;188045;222948
161465;135862;229278
161466;138309;223941
161467;178435;321032
161468;167201;324701
161469;164355;273940
161470;187338;312905
161471;185591;281114
161472;181486;248659
161473;130177;228219
161474;146645;268051
161475;188533;285061
161476;145716;320578
161477;131440;302763
161478;159925;326036
161479;191352;268104
161480;191024;277216
161481;177021;256195
161482;155636;306207
161483;135711;272386
161484;145907;277468
161485;201004;272296
161486;183752;317026
161487;170369;330025
161488;181756;238063
161489;181299;231592
161490;170921;286293
161491;129121;332197
161492;140049;289304
161493;171175;283578
161494;162161;289483
161495;154833;288342
161496;152379;240944
161497;191900;255028
161498;149340;300162
161499;182646;295249
161500;163256;292585
161501;152634;241399
161502;203716;288474
161503;169541;226004
161504;135030;207884
161505;144638;265917
161506;193407;294425
161507;141735;253449
161508;178386;248532
161509;185228;277790
161510;193126;280244
161511;198506;328701
161512;175537;233140
161513;156357;271572
161514;198524;332885
161515;127803;253891
161516;184069;269935
161517;167550;233419
161518;159330;259614
161519;198527;309649
161520;162311;287761
161521;135385;246602
161522;195849;284989
161523;168610;282195
161524;148374;229827
161525;175594;288057
161526;180493;257150
161527;159461;260589
161528;151011;295540
161529;144418;260422
161530;154260;277046
161531;203226;243023
161532;150351;254861
161533;169831;322469
161534;180185;287593
161535;168879;328460
161536;160282;273892
161537;141272;318599
161538;192234;303208
161539;167233;236131
161540;159548;218616
161541;209783;345191
161542;157492;324995
161543;141277;316767
161544;126884;319978
161545;151748;237350
161546;166801;286383
161547;168879;348803
161548;153428;276322
161549;147560;290213
161550;154079;300201
161551;154015;274126
161552;197942;252461
161553;130849;259479
161554;181964;262818
161555;191848;313851
161556;153929;224725
161557;144455;283004
161558;173912;280961
161559;169097;290504
161560;136581;269731
161561;132147;295951
161562;152705;280236
161563;150126;282838
161564;184443;288986
161565;204359;335605
161566;160367;213260
161567;165450;245531
161568;198108;250370
161569;148237;319796
161570;203775;354337
161571;190842;297698
161572;171002;320592
161573;153579;296136
161574;206772;223147
161575;141892;252874
161576;189407;302784
161577;206983;281269
161578;176673;253827
161579;195262;332574
161580;132742;275820
161581;171985;304361
161582;188835;260160
161583;159272;237625
161584;208167;267010
161585;175328;289045
161586;145382;297782
161587;198349;282597
161588;205545;229345
161589;161960;308211
161590;171442;235798
161591;187517;334765
161592;129884;261750
161593;175194;325402
161594;161750;235147
161595;154000;239631
161596;150800;289230
161597;134045;252995
161598;186117;234091
161599;150299;283433
161600;127895;252208
161601;127984;224124
161602;192102;290147
161603;141436;278961
161604;206616;255371
161605;168702;242987
161606;177029;230409
161607;155269;263677
161608;156440;273156
161609;211155;286600
161610;194586;251608
161611;153600;296079
161612;157375;289027
161613;130961;297221
161614;189660;262676
161615;179881;230177
161616;174805;270808
161617;172908;249139
161618;139539;319056
161619;183602;258962
161620;207303;284748
161621;178450;233767
161622;200803;244309
161623;127205;297604
161624;190119;253174
161625;193540;247325
161626;188775;262133
161627;169952;262794
161628;142007;314029
161629;168038;308136
161630;138833;264646
161631;167052;285941
161632;158883;234774
161633;211416;351996
161634;166702;283615
161635;139045;264259
161636;176998;342857
161637;171344;298994
161638;201073;345883
161639;142894;336603
161640;189344;246155
161641;189148;305270
161642;173492;270601
161643;195634;328289
161644;145612;323263
161645;140723;245877
161646;184027;314856
161647;190034;280764
161648;172659;279865
161649;159661;242909
161650;153261;243743
161651;178362;301136
161652;131815;314543
161653;153671;255245
161654;161174;335660
161655;140031;256940
161656;197746;248831
161657;161435;322487
161658;157284;296256
161659;168822;267423
161660;209098;259520
161661;176078;302567
161662;163066;223202
161663;186836;320956
161664;144142;318745
161665;192429;297009
161666;179059;261991
161667;203611;246861
161668;168780;238180
161669;208802;326021
161670;201830;234259
161671;176761;303678
161672;170905;318458
161673;177406;311584
161674;153577;316104
161675;191596;237307
161676;167685;277644
161677;160277;234231
161678;206828;257757
161679;172080;299858
161680;190352;327915
161681;180453;294512
161682;166472;253903
161683;138692;285374
161684;193548;278538
161685;203838;263309
161686;133336;239753
161687;161913;314622
161688;202183;279881
161689;182467;275609
161690;197290;278208
161691;186072;297360
161692;183053;270043
161693;153162;259557
161694;179537;314299
161695;153701;338018
161696;193048;315382
161697;157137;295452
161698;177906;294355
161699;196558;271500
161700;164981;283097
161701;135708;240581
161702;141374;254822
161703;157642;316831
161704;151411;260041
161705;152660;234177
161706;197696;255867
161707;202861;315097
161708;158749;274635
161709;152475;243092
161710;143614;333716
161711;144998;300131
161712;131243;279565
161713;158327;229900
161714;155272;296289
161715;156330;340127
161716;127806;299175
161717;179106;280760
161718;200113;225720
161719;186349;303878
161720;165949;278879
161721;161233;289629
161722;167949;253545
161723;131754;289518
161724;181753;311796
161725;164660;265269
161726;143820;282975
161727;167313;294601
161728;205014;274918
161729;204956;320954
161730;199483;325760
161731;133283;261348
161732;192831;280039
161733;156438;239636
161734;160376;265205
161735;194579;256543
161736;155107;306704
161737;202255;236820
161738;181662;278618
161739;199353;253535
161740;139121;227414
161741;159528;300216
161742;193758;325619
161743;147538;297913
161744;166249;228377
161745;144041;312248
161746;159560;301700
161747;131868;265766
161748;156043;277957
161749;151934;315597
161750;181381;257757
161751;189363;343218
161752;173207;286726
161753;206758;288228
161754;173202;257321
161755;212762;306505
161756;145455;328742
161757;140600;257124
161758;174338;274239
161759;163141;256109
161760;208526;276844
161761;200318;251246
161762;146791;290377
161763;188456;260500
161764;135015;300140
161765;131536;295140
161766;159071;303710
161767;182208;251306
161768;197376;251614
161769;174205;268845
161770;211056;239315
161771;184238;221852
161772;198285;252712
161773;136005;246336
161774;195413;318066
161775;209462;314914
161776;153395;299553
161777;131243;281414
161778;138926;246427
161779;161014;298562
161780;208670;235187
161781;127089;240865
161782;130563;336261
161783;150068;298690
161784;200997;255751
161785;204822;264435
161786;179115;305759
161787;180934;264246
161788;129211;333099
161789;187647;337535
161790;210115;262652
161791;183140;295985
161792;170617;261190
161793;145438;285671
161794;182389;293863
161795;163229;222845
161796;141899;322134
161797;197759;274201
161798;171361;235259
161799;206117;295547
161800;175500;216278
161801;127998;278443
161802;141463;323761
161803;168488;211135
161804;133997;304485
161805;209895;228374
161806;157254;256116
161807;138565;284195
161808;212070;313372
161809;153893;227414
161810;155679;326741
161811;155110;311971
161812;149405;286750
161813;197555;245987
161814;148935;289078
161815;143610;246794
161816;147052;279280
161817;206014;278914
161818;190620;311320
161819;170815;300438
161820;181870;268493
161821;190977;241626
161822;195562;349500
161823;149103;291819
161824;163834;283999
161825;193577;271517
161826;195275;270652
161827;181082;250492
161828;179075;280622
161829;186101;318470
161830;158597;316164
161831;181391;284148
161832;172480;235159
161833;187561;314706
161834;198714;277971
161835;137538;273269
161836;141750;305499
161837;138596;273362
161838;159526;269435
161839;170999;300728
161840;181399;279175
161841;194408;290018
161842;179390;256362
161843;194485;232902
161844;162361;207422
161845;196794;261808
161846;179788;241212
161847;141340;274999
161848;169379;342384
161849;149711;303335
161850;154668;227575
161851;146597;349887
161852;195689;306354
161853;141076;266275
161854;189247;249634
161855;134150;283482
161856;178371;301905
161857;196399;260800
161858;143077;281777
161859;141683;272485
161860;168752;235414
161861;146083;314906
161862;135432;246945
161863;150532;300196
161864;183880;269921
161865;208575;268095
161866;133450;249930
161867;194883;216025
161868;180427;216617
161869;187405;272750
161870;210708;262571
161871;181757;269168
161872;176946;255521
161873;181056;265173
161874;137473;240381
161875;198167;289700
161876;179887;225480
161877;190123;242734
161878;156525;243334
161879;169102;262320
161880;195678;239610
161881;181784;281890
161882;150246;320722
161883;177726;331413
161884;170161;336332
161885;159890;275188
161886;184105;304804
161887;207922;287579
161888;172795;245231
161889;181342;277121
161890;146019;284321
161891;140319;241321
161892;135011;253658
161893;196725;250000
161894;183090;286512
161895;142485;241223
161896;208956;354164
161897;166876;258577
161898;148358;294965
161899;172327;216061
161900;136726;248666
161901;161862;296329
161902;189066;294068
161903;175113;310983
161904;157455;278485
161905;129795;276164
161906;148830;239586
161907;202799;317132
161908;176614;258240
161909;190284;330131
161910;183630;341034
161911;208458;308609
161912;180262;303476
161913;172049;278165
161914;175623;272932
161915;147964;250201
161916;173255;304054
161917;218418;285210
161918;152501;293276
161919;160329;260694
161920;245773;256586
161921;194763;222622
161922;177392;241509
161923;197044;266226
161924;240101;245054
161925;151054;316961
161926;209917;257681
161927;153444;297112
161928;232089;290024
161929;160827;280726
161930;176586;240484
161931;228833;254072
161932;172404;252980
161933;212773;238147
161934;172412;306396
161935;212736;330146
161936;235062;259030
161937;202506;272907
161938;215028;347205
161939;179578;246921
161940;183028;254680
161941;148787;283845
161942;237853;305349
161943;227208;338902
161944;207888;258698
161945;208690;320436
161946;238575;285194
161947;172958;294659
161948;213868;310690
161949;168559;302354
161950;237738;291453
161951;165257;305782
161952;216414;276772
161953;198431;325695
161954;183325;265423
161955;237445;288024
161956;195368;399297
161957;200206;306268
161958;197232;237520
161959;236515;314409
161960;245096;229385
161961;157901;249354
161962;232001;337468
161963;167104;288531
161964;227706;330428
161965;155876;308228
161966;149937;322690
161967;223529;283072
161968;219650;310966
161969;199250;295607
161970;180314;254996
161971;226599;241383
161972;222243;296481
161973;150672;263607
161974;174332;253606
161975;182468;273987
161976;165365;250607
161977;167479;287319
161978;157657;240883
161979;229559;271318
161980;220543;271855
161981;219485;326562
161982;207057;239452
161983;172602;271378
161984;151182;262816
161985;187959;259880
161986;227843;303459
161987;194304;345667
161988;214858;271461
161989;183427;240776
161990;203574;252378
161991;192253;264384
161992;211438;249721
161993;170221;295400
161994;196025;273543
161995;221395;212426
161996;183371;234533
161997;236868;338044
161998;233919;229345
161999;159106;276052
162000;161829;318096
162001;178581;334634
162002;173539;274552
162003;183610;271497
162004;181514;318757
162005;226109;263160
162006;242802;324286
162007;200527;284112
162008;170558;298174
162009;211616;279860
162010;170658;298920
162011;211962;251396
162012;178303;344755
162013;230497;286287
162014;225077;273894
162015;215398;290287
162016;174999;301397
162017;207812;326543
162018;207102;288511
162019;204524;300980
162020;177786;326993
162021;165888;318142
162022;205414;276276
162023;224283;309501
162024;236682;347147
162025;156455;275016
162026;152196;303313
162027;235177;286161
162028;209530;236654
162029;207731;310397
162030;184759;286745
162031;166538;332581
162032;239210;224494
162033;180763;266588
162034;187579;343339
162035;196959;296165
162036;217199;241653
162037;142028;329698
162038;218740;252763
162039;236833;255800
162040;177409;254783
162041;208595;229911
162042;155371;275353
162043;227619;278555
162044;185253;246121
162045;228512;283122
162046;197556;304410
162047;234270;296921
162048;233962;250502
162049;223917;326068
162050;162198;259010
162051;197585;267455
162052;166855;284532
162053;219165;297513
162054;236017;257111
162055;211574;263727
162056;161572;306021
162057;235927;274199
162058;183442;307020
162059;204766;248876
162060;240498;264809
162061;195656;330444
162062;156766;255309
162063;177006;264025
162064;162946;210464
162065;203338;347524
162066;201029;254367
162067;183217;262026
162068;173332;253281
162069;200857;254228
162070;189998;282268
162071;177600;290859
162072;172394;260943
162073;166167;231517
162074;153248;227754
162075;216265;277558
162076;223711;258034
162077;160756;273071
162078;205662;286026
162079;195012;289228
162080;196730;286197
162081;154759;246866
162082;206959;253254
162083;213767;279395
162084;152418;365592
162085;241813;246737
162086;173804;258273
162087;201668;254130
162088;193605;294599
162089;245578;294767
162090;213479;295558
162091;190024;288184
162092;230642;245504
162093;213117;338233
162094;193740;239670
162095;193956;279021
162096;176763;222393
162097;234635;262267
162098;169032;330154
162099;148407;295290
162100;195863;260478
162101;242190;276015
162102;165335;249954
162103;159359;242437
162104;201393;283471
162105;188746;270882
162106;184202;245146
162107;154209;279191
162108;224158;262403
162109;176965;263554
162110;187237;259176
162111;199485;269073
162112;187714;259699
162113;188948;218585
162114;166837;297838
162115;215673;269848
162116;225359;256392
162117;217115;316348
162118;223467;273057
162119;221381;271766
162120;172349;301126
162121;164990;323987
162122;187951;306291
162123;219248;265953
162124;187612;261919
162125;192218;338605
162126;190024;311965
162127;209831;237360
162128;211831;270451
162129;157595;269047
162130;171058;254374
162131;197810;302974
162132;202290;312193
162133;210326;253268
162134;199370;322932
162135;237786;245187
162136;233836;266313
162137;152007;276606
162138;170428;262515
162139;153839;343033
162140;211361;273335
162141;205132;238615
162142;191991;346534
162143;161032;294224
162144;162421;239040
162145;213822;277166
162146;214828;249301
162147;183610;261530
162148;157648;268291
162149;209440;258149
162150;206600;208973
162151;152201;307845
162152;227525;276817
162153;235996;313089
162154;238806;288310
162155;180570;277778
162156;165246;294619
162157;228879;322494
162158;176340;313216
162159;176067;264628
162160;234540;308855
162161;150992;306563
162162;196332;309193
162163;154807;295513
162164;228573;237221
162165;195558;279286
162166;159959;216078
162167;241361;227314
162168;190014;264755
162169;243677;299134
162170;199311;320230
162171;188442;291783
162172;190188;312416
162173;173055;281374
162174;151920;300109
162175;207186;269897
162176;195089;307643
162177;162065;295669
162178;217981;306970
162179;233867;342873
162180;184384;253972
162181;182443;262372
162182;171117;246595
162183;170432;269269
162184;158436;307253
162185;183110;295245
162186;147107;276932
162187;226768;283063
162188;198382;308541
162189;203865;287314
162190;233432;275316
162191;207930;307087
162192;213297;297895
162193;180099;357180
162194;200508;255027
162195;218418;207660
162196;236014;280432
162197;166848;241772
162198;242965;255878
162199;226219;273838
162200;226465;272343
162201;165548;322987
162202;242264;265589
162203;228329;283096
162204;239308;263507
162205;240815;229895
162206;186916;230236
162207;182476;269838
162208;163609;324149
162209;217257;351663
162210;230056;305368
162211;157629;241306
162212;223070;248971
162213;243060;277854
162214;192010;298547
162215;160873;235456
162216;172916;284291
162217;230928;286776
162218;243975;294295
162219;205558;293014
162220;156285;299789
162221;226464;214434
162222;188397;327099
162223;150194;241945
162224;212072;223696
162225;178235;266350
162226;216669;251587
162227;154471;254745
162228;220091;325129
162229;242804;295034
162230;220373;299537
162231;190965;295883
162232;204949;226850
162233;231799;288335
162234;172636;262505
162235;159958;248072
162236;240960;291862
162237;209679;256316
162238;151833;292899
162239;222881;286604
162240;163511;269261
162241;181051;259137
162242;148705;263806
162243;217753;273519
162244;243732;293912
162245;223338;250679
162246;223686;262062
162247;165864;244421
162248;183192;331306
162249;169129;325158
162250;163962;324617
162251;159831;259543
162252;240715;215126
162253;209040;312783
162254;189950;261655
162255;192663;320940
162256;201594;235042
162257;240776;295090
162258;174863;267773
162259;154221;269726
162260;150554;243059
162261;177870;216426
162262;200966;317039
162263;198413;321763
162264;219196;301347
162265;244034;291349
162266;159064;269879
162267;189035;236244
162268;166375;324934
162269;245503;342249
162270;174048;280651
162271;237031;332705
162272;149431;303860
162273;232922;244716
162274;191928;307991
162275;198147;269417
162276;203116;252543
162277;189186;236688
162278;175009;238572
162279;157609;337906
162280;156115;271349
162281;178445;308629
162282;171581;257322
162283;150894;224017
162284;225544;224275
162285;199468;224648
162286;151392;328446
162287;199252;346076
162288;208386;311777
162289;218149;248163
162290;155494;308913
162291;153521;312271
162292;212671;273750
162293;181819;294245
162294;161247;287992
162295;194347;297146
162296;180653;277272
162297;181498;239332
162298;208190;303990
162299;360707;288800
162300;402815;207159
162301;297917;333657
162302;324177;270958
162303;357930;253531
162304;337692;250249
162305;342829;283017
162306;323562;321956
162307;361747;257787
162308;314812;235512
162309;400425;302459
162310;415716;260034
162311;342433;292256
162312;351819;334407
162313;258074;214139
162314;269986;236391
162315;386974;219396
162316;407184;269587
162317;264304;230149
162318;328867;311481
162319;391724;306217
162320;358191;324879
162321;411274;258164
162322;290609;301051
162323;368788;246835
162324;372056;299979
162325;359728;283889
162326;332119;351685
162327;264803;235847
162328;277363;321801
162329;324348;318726
162330;289498;288715
162331;378603;272781
162332;328169;304360
162333;356917;306669
162334;389704;292546
162335;354014;330696
162336;405890;278492
162337;308721;256917
162338;400770;303835
162339;310926;214272
162340;315110;295113
162341;399594;267936
162342;388688;298300
162343;379272;298700
162344;298948;304494
162345;312603;248227
162346;322788;310982
162347;330246;321529
162348;390615;255009
162349;297998;289588
162350;344935;306421
162351;389998;300681
162352;333360;269986
162353;328598;253908
162354;367371;296956
162355;328254;334709
162356;334488;281511
162357;256607;258481
162358;406341;273856
162359;285983;305795
162360;277860;295226
162361;274976;240808
162362;336818;330199
162363;259246;329677
162364;426283;337982
162365;323581;252521
162366;281681;275265
162367;353748;267456
162368;316087;300164
162369;338304;250106
162370;257364;265883
162371;291740;315988
162372;312484;252369
162373;313146;208124
162374;419360;299058
162375;258767;283372
162376;272008;314476
162377;397692;238114
162378;286769;301158
162379;254583;297887
162380;414505;277680
162381;341052;259079
162382;261433;297878
162383;259416;318036
162384;391771;310557
162385;400835;277510
162386;418628;260083
162387;312967;273508
162388;339311;289499
162389;295782;304779
162390;361548;263744
162391;278196;228766
162392;421988;320785
162393;320646;215380
162394;320773;261350
162395;328325;295419
162396;347344;233651
162397;364680;298408
162398;288643;256864
162399;270565;238672
162400;419591;241655
162401;418545;299459
162402;401642;271870
162403;267263;296787
162404;365276;286150
162405;345078;279905
162406;401165;242488
162407;389748;295187
162408;379725;326461
162409;378496;304280
162410;370242;237306
162411;299299;327009
162412;296276;338884
162413;396656;293238
162414;283047;258396
162415;283748;294755
162416;348106;334103
162417;366951;318682
162418;337765;288119
162419;393829;276194
162420;271027;306160
162421;315806;257564
162422;379380;260631
162423;339727;258772
162424;361866;319181
162425;275319;287470
162426;392613;276094
162427;260756;263154
162428;335311;222328
162429;349052;350571
162430;419380;301533
162431;311196;292937
162432;413746;252053
162433;399780;278436
162434;335828;225081
162435;252934;234461
162436;284466;265845
162437;349508;262241
162438;387730;341337
162439;323426;271626
162440;356596;304802
162441;412576;303582
162442;351576;230809
162443;394859;306032
162444;433419;294173
162445;292678;319164
162446;359485;254433
162447;268419;268379
162448;418401;282300
162449;343099;279113
162450;336147;306361
162451;367473;287518
162452;319458;244924
162453;390050;297367
162454;254864;302105
162455;255493;250736
162456;404708;284771
162457;345330;257638
162458;395545;292534
162459;316200;313137
162460;293882;332695
162461;313894;280658
162462;419995;335487
162463;311862;252733
162464;305182;271092
162465;350969;294078
162466;344182;344915
162467;344887;241196
162468;294684;230904
162469;406878;294170
162470;376325;275403
162471;373289;250241
162472;316516;285897
162473;420869;245748
162474;271471;277778
162475;311589;306796
162476;395071;310119
162477;332946;284785
162478;385716;250938
162479;291485;265397
162480;399953;261116
162481;304636;325794
162482;372798;272838
162483;299194;249750
162484;333591;331102
162485;333843;314904
162486;418712;259134
162487;333739;281327
162488;294592;263282
162489;279409;285800
162490;294241;305945
162491;299971;258820
162492;382303;245738
162493;349975;312181
162494;385847;306467
162495;287689;328924
162496;335298;294975
162497;268905;312282
162498;308237;321409
162499;423613;302775
162500;364226;288880
162501;330139;221850
162502;353216;326562
162503;405634;304290
162504;372761;228149
162505;404978;294344
162506;372515;276863
162507;357308;328304
162508;319115;289964
162509;382623;312761
162510;360247;285335
162511;351644;259624
162512;314508;225419
162513;354627;343977
162514;394783;261721
162515;320993;234945
162516;364031;322553
162517;364896;245388
162518;341546;330271
162519;369635;276360
162520;282807;322331
162521;336236;277026
162522;422532;261621
162523;320496;295398
162524;358448;292990
162525;410059;240310
162526;318901;331131
162527;274735;304541
162528;320484;311878
162529;407399;267389
162530;341086;242229
162531;301762;322699
162532;382502;222548
162533;411538;299068
162534;361268;227891
162535;414517;267012
162536;272298;324963
162537;328084;281843
162538;322846;272024
162539;392977;217416
162540;338200;305213
162541;290743;248333
162542;261913;292213
162543;312988;260814
162544;293232;240537
162545;257555;265201
162546;292412;321265
162547;251444;328769
162548;264562;232161
162549;277589;289847
162550;257576;292651
162551;371535;335911
162552;354742;285853
162553;406128;316832
162554;298681;353674
162555;270126;231975
162556;309891;310754
162557;359970;278330
162558;318016;267272
162559;364348;283159
162560;282051;270796
162561;369542;315809
162562;344383;279698
162563;368861;248238
162564;309972;263926
162565;307530;263246
162566;323366;340887
162567;371175;224977
162568;311413;276113
162569;274441;315132
162570;347920;296230
162571;408397;243123
162572;420574;340077
162573;356741;247318
162574;332064;282919
162575;281009;306052
162576;364266;305118
162577;372241;241243
162578;339946;286452
162579;312855;329435
162580;276099;305039
162581;407793;286231
162582;274086;317968
162583;338111;284903
162584;328862;279747
162585;343010;269682
162586;264889;252507
162587;336603;289785
162588;306561;283524
162589;215004;239601
162590;275810;286113
162591;280286;327973
162592;347126;249496
162593;264228;365716
162594;284374;286969
162595;249145;294482
162596;328442;256804
162597;337586;278963
162598;330377;331223
162599;328231;263647
162600;305756;257814
162601;296498;247220
162602;357191;264469
162603;291919;277155
162604;313066;243377
162605;360010;272105
162606;334094;297968
162607;294218;346896
162608;301185;293098
162609;237787;259445
162610;235626;234430
162611;217588;307330
162612;358464;356404
162613;264357;267634
162614;283352;339327
162615;281423;286214
162616;222381;249120
162617;274924;247610
162618;241105;292553
162619;342435;329051
162620;282119;270998
162621;318068;275758
162622;359248;253981
162623;234824;332732
162624;282946;260210
162625;237129;311613
162626;274004;362173
162627;261174;247984
162628;330352;327862
162629;301460;281507
162630;309710;214414
162631;270207;287468
162632;325936;306367
162633;245628;288779
162634;299128;317340
162635;222675;239281
162636;299561;272529
162637;304481;314470
162638;299503;284255
162639;320271;303319
162640;233310;270900
162641;347488;253601
162642;348199;252105
162643;230052;315409
162644;226392;214805
162645;275463;307431
162646;321701;238699
162647;281932;237977
162648;274608;264589
162649;321320;318670
162650;350678;274042
162651;354159;225239
162652;241626;297120
162653;329766;210825
162654;243115;251275
162655;281357;282950
162656;358709;269234
162657;325654;275311
162658;258176;267761
162659;350952;251147
162660;280937;242565
162661;304476;318957
162662;271995;289873
162663;270069;269018
162664;227978;292905
162665;246193;291737
162666;350109;305553
162667;228262;248979
162668;341744;235198
162669;336912;277756
162670;242488;238402
162671;306724;213733
162672;318189;321655
162673;271237;250011
162674;215690;274928
162675;269399;289528
162676;253383;276411
162677;232720;300515
162678;241878;240357
162679;256625;257863
162680;339286;266635
162681;238273;244513
162682;226526;315832
162683;356280;242955
162684;281026;318785
162685;232318;325847
162686;277170;286350
162687;212180;255962
162688;265629;298787
162689;293821;241255
162690;305300;238315
162691;256686;271564
162692;253354;270097
162693;323129;279630
162694;223971;358546
162695;309134;259146
162696;260640;225324
162697;276283;283289
162698;240524;313326
162699;274973;277844
162700;220172;266782
162701;293029;312461
162702;290082;255237
162703;294928;320555
162704;326826;256049
162705;274584;312827
162706;356482;285025
162707;329733;249518
162708;282499;217171
162709;315570;304847
162710;279539;315922
162711;333587;251400
162712;358351;277663
162713;298174;278949
162714;320691;273212
162715;258746;319638
162716;340683;280466
162717;297284;285311
162718;235219;232927
162719;236294;263020
162720;226438;313989
162721;242439;313741
162722;360351;290668
162723;275988;319638
162724;310842;268858
162725;351259;275301
162726;266079;297947
162727;319194;272870
162728;256555;285988
162729;332662;235468
162730;233164;286571
162731;297819;278593
162732;292708;250941
162733;324544;307723
162734;242368;297565
162735;272047;321479
162736;234909;244007
162737;242666;222715
162738;288997;309533
162739;315285;266087
162740;327995;290484
162741;251810;281150
162742;252339;310412
162743;223273;251901
162744;284350;316332
162745;280143;290456
162746;234818;242638
162747;240347;299721
162748;221459;238270
162749;247655;273600
162750;313585;258235
162751;258569;307233
162752;223836;242130
162753;304281;234780
162754;298375;305358
162755;335171;269850
162756;241516;302314
162757;336940;241405
162758;343734;288004
162759;322914;261215
162760;239822;244250
162761;221591;243466
162762;340080;238945
162763;235958;243779
162764;295625;287631
162765;337859;289940
162766;267595;311808
162767;327414;361034
162768;282165;299040
162769;224143;241256
162770;229402;294559
162771;223934;308520
162772;233053;265672
162773;245660;357238
162774;326458;257263
162775;311835;263490
162776;281321;236239
162777;329378;343932
162778;344086;251392
162779;329998;297204
162780;239643;271237
162781;292142;230628
162782;323694;280723
162783;300516;301809
162784;314087;297954
162785;312692;251153
162786;304276;237179
162787;230169;246210
162788;359624;217519
162789;314246;275989
162790;290105;309904
162791;321165;237894
162792;358538;308393
162793;349578;308878
162794;308692;244183
162795;272603;271256
162796;228442;299359
162797;304536;271350
162798;250135;284782
162799;256901;326815
162800;230918;274175
162801;328008;275913
162802;294612;236518
162803;293997;245123
162804;221923;307284
162805;312250;295469
162806;220457;296444
162807;345403;283511
162808;333699;318690
162809;324815;225098
162810;305431;274174
162811;300328;267490
162812;294778;271617
162813;264956;263386
162814;240077;296217
162815;316223;325920
162816;235122;264952
162817;340106;301381
162818;240498;248989
162819;312092;238091
162820;237017;312464
162821;228335;312059
162822;294665;236622
162823;272262;307844
162824;277070;304284
162825;327398;308423
162826;320093;240958
162827;333443;289571
162828;234353;282908
162829;329506;311772
162830;219179;317003
162831;300758;329133
162832;264687;226054
162833;286068;247706
162834;240669;308285
162835;288664;261304
162836;275655;266992
162837;276636;235790
162838;327733;280683
162839;320082;225498
162840;224721;267917
162841;266663;261142
162842;309585;258807
162843;254022;263790
162844;262752;249786
162845;295896;304623
162846;238291;227979
162847;281184;255813
162848;315849;319177
162849;304267;238507
162850;359648;291881
162851;291779;232474
162852;291825;262044
162853;260244;336425
162854;261901;263680
162855;302995;271487
162856;328989;305437
162857;215118;225507
162858;254817;220814
162859;296343;277162
162860;354694;266225
162861;351124;316636
162862;328719;264711
162863;236914;242000
162864;252937;299363
162865;337022;256674
162866;298111;257309
162867;240335;255230
162868;270687;300171
162869;234371;339521
162870;246266;310338
162871;277571;277923
162872;295006;331240
162873;258297;283908
162874;330431;315298
162875;310599;227296
162876;361016;265393
162877;336633;249306
162878;217055;228909
162879;314368;287557
162880;306167;304597
162881;305852;279366
162882;310539;250098
162883;341367;357240
162884;293003;301694
162885;257382;315482
162886;332503;290833
162887;347795;267177
162888;314083;299287
162889;272954;334170
162890;296736;313787
162891;328466;232670
162892;289031;302361
162893;279883;336657
162894;289264;292103
162895;290936;261761
162896;351934;275847
162897;316018;321602
162898;286824;277402
162899;285498;336071
162900;303765;249500
162901;311991;350994
162902;264964;293326
162903;343497;305684
162904;265200;312924
162905;313887;249683
162906;248628;255546
162907;355793;294825
162908;226525;243352
162909;345491;284498
162910;240344;275382
162911;278147;270940
162912;221913;270749
162913;341476;299196
162914;291591;290713
162915;289896;318781
162916;229613;243258
162917;295957;263604
162918;264288;291794
162919;251731;279450
162920;288869;324362
162921;300946;317729
162922;273003;235845
162923;219279;262131
162924;301566;254921
162925;283412;256350
162926;280077;264904
162927;314239;289187
162928;258756;239437
162929;328633;283025
162930;277772;234537
162931;356012;263534
162932;248966;305316
162933;337277;332659
162934;355584;268656
162935;352924;238337
162936;257459;322444
162937;253148;232998
162938;358909;304086
162939;150252;272967
162940;144290;296357
162941;134553;243712
162942;127704;253167
162943;155703;282612
162944;155914;244208
162945;187864;274433
162946;166712;265754
162947;130097;272113
162948;157077;251913
162949;159569;308744
162950;166327;306661
162951;143679;314930
162952;172241;255987
162953;154115;292731
162954;183561;238452
162955;167017;344701
162956;118766;264588
162957;155756;284653
162958;175403;315975
162959;186268;264962
162960;173183;227306
162961;135353;234837
162962;177980;230674
162963;193868;267101
162964;179648;252181
162965;162800;239424
162966;118000;286094
162967;177536;219533
162968;184995;273984
162969;193776;211538
162970;120197;266729
162971;127893;251051
162972;122768;264998
162973;185795;332792
162974;132535;282141
162975;166729;267873
162976;142095;296127
162977;144343;280187
162978;144362;272760
162979;191888;289871
162980;165554;264164
162981;161943;299075
162982;159730;257571
162983;177737;225851
162984;181689;306380
162985;120670;286368
162986;118027;244327
162987;121721;236283
162988;136210;307644
162989;134516;271522
162990;191722;303753
162991;141516;284371
162992;140182;275006
162993;186159;229127
162994;144355;232646
162995;153691;269768
162996;190904;293789
162997;149671;308926
162998;143500;258075
162999;149875;250408
163000;174480;242809
163001;132800;254806
163002;133840;240866
163003;147884;271700
163004;138236;227119
163005;137434;299232
163006;190007;329851
163007;161523;227815
163008;158597;305254
163009;131524;327838
163010;184749;240768
163011;178390;322857
163012;171076;273237
163013;164707;249143
163014;144462;324341
163015;133075;334225
163016;133284;304444
163017;159927;307435
163018;116110;276073
163019;184247;208140
163020;130968;252707
163021;166522;354706
163022;188620;262669
163023;184105;290460
163024;127821;234536
163025;192041;285079
163026;164204;297459
163027;140626;228686
163028;123521;288264
163029;137957;266488
163030;161117;308624
163031;141080;236144
163032;188817;326174
163033;166576;303803
163034;140744;233144
163035;140969;312245
163036;162154;257687
163037;115966;264778
163038;132376;286699
163039;141545;311821
163040;124516;301847
163041;155536;242116
163042;147709;254680
163043;118809;215662
163044;181785;288923
163045;191334;256269
163046;166995;282645
163047;182540;303319
163048;168164;278121
163049;159158;248452
163050;153840;257416
163051;131485;256859
163052;152596;249304
163053;151875;323398
163054;121189;267444
163055;175222;288076
163056;164848;347805
163057;122068;290557
163058;187631;223691
163059;168748;267063
163060;134601;244600
163061;168857;290111
163062;123530;325018
163063;123654;305074
163064;184130;317270
163065;141772;281583
163066;122990;265104
163067;144825;332171
163068;122625;294367
163069;154360;274419
163070;146716;291485
163071;126046;293727
163072;152528;206374
163073;166744;295312
163074;127253;338290
163075;145067;282437
163076;118600;246418
163077;167266;282987
163078;134604;306919
163079;164026;295402
163080;165206;290111
163081;144079;245328
163082;126737;258778
163083;176225;356887
163084;120287;302337
163085;160985;283079
163086;180328;321263
163087;147649;260727
163088;153666;258774
163089;152024;231121
163090;124670;216907
163091;124207;314882
163092;178480;230478
163093;148460;288935
163094;124930;253187
163095;151250;267308
163096;130605;319190
163097;164668;224397
163098;120724;244413
163099;140408;258812
163100;133988;257447
163101;188939;301813
163102;177176;296139
163103;128226;317688
163104;150856;306637
163105;165656;255510
163106;125832;279885
163107;171676;217385
163108;120231;324553
163109;120705;299832
163110;175398;236006
163111;174769;314040
163112;168629;278347
163113;164000;257857
163114;154823;259192
163115;119374;263893
163116;172580;268373
163117;161398;300963
163118;135886;254851
163119;169519;271232
163120;124498;246658
163121;176019;250716
163122;117661;257245
163123;169416;335257
163124;133750;258826
163125;173118;268287
163126;147140;330508
163127;128843;274585
163128;150751;298158
163129;191679;290494
163130;119648;252503
163131;150873;299314
163132;162190;220714
163133;125528;244502
163134;146015;293818
163135;125911;290953
163136;170989;286489
163137;133171;333390
163138;159375;246552
163139;132447;322522
163140;148964;272450
163141;142996;297774
163142;189775;329376
163143;150685;326662
163144;150345;340586
163145;137403;303678
163146;171236;261240
163147;192643;303828
163148;183332;240246
163149;131171;247672
163150;141930;241596
163151;149841;218694
163152;155005;225875
163153;137772;281184
163154;177098;258490
163155;141048;250516
163156;116756;296384
163157;134771;307849
163158;136203;267453
163159;184406;294579
163160;194629;276610
163161;153815;272879
163162;183869;271788
163163;177340;233661
163164;155059;253166
163165;124204;301227
163166;164533;254511
163167;115326;312225
163168;119812;317316
163169;187220;283070
163170;130730;319101
163171;120550;335100
163172;137160;239103
163173;149746;295864
163174;130664;290824
163175;136522;244563
163176;178613;309017
163177;164394;294723
163178;181144;285543
163179;171314;265304
163180;153961;258703
163181;134009;326261
163182;159516;287656
163183;151917;327119
163184;189405;225035
163185;151513;286582
163186;189688;238878
163187;129402;259538
163188;166512;301038
163189;167522;328620
163190;135615;256718
163191;127927;347070
163192;143886;334777
163193;171383;330893
163194;167370;271651
163195;155353;260074
163196;140730;274052
163197;163969;257626
163198;175112;279587
163199;153287;300397
163200;121508;336947
163201;129661;237041
163202;162550;230290
163203;154000;238328
163204;132311;265967
163205;156347;214098
163206;147693;306073
163207;175022;267620
163208;148738;310063
163209;165430;298039
163210;189591;272429
163211;186848;372879
163212;179244;341927
163213;154323;286752
163214;177682;329185
163215;152350;281007
163216;186932;272695
163217;161856;278573
163218;147409;306583
163219;155105;237195
163220;123951;253667
163221;173746;330219
163222;189167;286600
163223;193046;222497
163224;173142;288815
163225;179953;327372
163226;117223;269161
163227;163219;316789
163228;167343;271844
163229;134519;271747
163230;129081;340019
163231;121157;326492
163232;146591;286704
163233;188377;333007
163234;175546;285648
163235;172376;245039
163236;144507;294252
163237;162298;324272
163238;167683;260259
163239;172391;260963
163240;192661;293423
163241;169861;326573
163242;127301;254383
163243;177133;299090
163244;154052;296610
163245;124624;232764
163246;170165;249352
163247;156615;348505
163248;130485;251562
163249;119545;300182
163250;188988;287206
163251;172094;237654
163252;174924;250596
163253;182869;281109
163254;137929;307773
163255;178934;218784
163256;172003;258010
163257;146400;233899
163258;161591;236579
163259;153932;298671
163260;141712;313177
163261;125157;214570
163262;153543;342298
163263;145747;226227
163264;126386;286251
163265;122275;226534
163266;163047;285727
163267;120336;226220
163268;143932;280515
163269;131685;278654
163270;117543;313418
163271;139467;277898
163272;147139;245053
163273;149730;277607
163274;131835;267040
163275;126600;301630
163276;184531;295401
163277;175835;225300
163278;134793;253699
163279;125303;271922
163280;176177;247617
163281;161444;232380
163282;195011;292922
163283;163092;236570
163284;176875;322657
163285;120861;224586
163286;149491;260563
163287;139704;310727
163288;192502;267445
163289;184413;316396
163290;157898;301054
163291;131817;251619
163292;165939;289895
163293;157481;332710
163294;168878;331272
163295;185525;277736
163296;137788;296934
163297;154478;256964
163298;163319;261113
163299;161212;303186
163300;164186;235375
163301;152386;221120
163302;152391;329892
163303;127197;249707
163304;116998;321732
163305;174735;273504
163306;182474;272799
163307;186481;292953
163308;169621;288288
163309;158331;339479
163310;127614;273262
163311;137985;275265
163312;132926;309552
163313;132938;304290
163314;124800;330961
163315;173359;313460
163316;133154;254036
163317;138622;314369
163318;121228;302685
163319;183202;292724
163320;163382;255966
163321;191882;282284
163322;174827;263648
163323;151570;290305
163324;131000;261019
163325;162562;216254
163326;145909;300046
163327;157737;264669
163328;134798;329236
163329;148886;279740
163330;132174;247943
163331;128911;271925
163332;166904;241700
163333;133239;223084
163334;180503;211327
163335;175449;294982
163336;153121;275350
163337;164019;263228
163338;170098;275065
163339;130020;265524
163340;126120;262550
163341;158194;289641
163342;139208;325526
163343;182845;227952
163344;180206;321177
163345;164007;281566
163346;137405;286063
163347;146568;259744
163348;140864;260536
163349;118816;292300
163350;160950;287252
163351;157710;259309
163352;170599;329262
163353;132733;270464
163354;123967;352670
163355;147187;228023
163356;161280;276198
163357;156404;283829
163358;178931;245116
163359;174756;319653
163360;127198;312537
163361;167958;271855
163362;183345;217173
163363;160681;281120
163364;123298;308459
163365;132941;265194
163366;157933;240216
163367;133959;244346
163368;161264;317463
163369;175670;237373
163370;141084;323735
163371;117553;294914
163372;188193;326579
163373;134918;338017
163374;137232;268139
163375;175670;281392
163376;146093;302570
163377;167070;273555
163378;163401;239618
163379;139289;249311
163380;139651;261381
163381;164813;251897
163382;148703;249253
163383;135311;305112
163384;264534;265935
163385;289387;277246
163386;380597;296513
163387;290013;274638
163388;251985;320955
163389;317585;352878
163390;254061;237847
163391;347842;263935
163392;328881;259836
163393;344572;268773
163394;349764;296781
163395;401694;332959
163396;391757;290282
163397;287435;304138
163398;394303;269268
163399;277812;254888
163400;337633;236533
163401;351364;224110
163402;299696;321783
163403;247646;320360
163404;361947;269547
163405;289164;284860
163406;309253;382101
163407;389013;221579
163408;374735;281356
163409;327466;282069
163410;396372;352229
163411;307039;336488
163412;299653;348562
163413;290604;274315
163414;351253;277252
163415;392580;232091
163416;413317;222896
163417;347562;252988
163418;390497;294883
163419;310985;226620
163420;355268;274602
163421;294686;226541
163422;372111;247966
163423;386635;338683
163424;275167;355624
163425;290162;234823
163426;389710;274153
163427;256599;236279
163428;405052;285139
163429;264613;288195
163430;356214;230191
163431;327064;333416
163432;320427;224958
163433;317389;291267
163434;322607;235550
163435;396519;258032
163436;310455;296563
163437;385288;273134
163438;365655;252558
163439;314672;290642
163440;252025;336015
163441;368878;316283
163442;329304;270420
163443;251909;282270
163444;314491;276826
163445;334315;297089
163446;409373;325440
163447;369156;301296
163448;331719;286995
163449;330591;263241
163450;378976;246406
163451;281493;278811
163452;359430;275377
163453;322541;324323
163454;345318;225301
163455;254379;289409
163456;338445;301768
163457;359972;323976
163458;362337;277328
163459;313660;314469
163460;261118;317658
163461;383530;291880
163462;328003;292466
163463;336420;296284
163464;275270;260035
163465;287404;247285
163466;256201;329725
163467;351327;268888
163468;353705;225513
163469;329995;317584
163470;256317;248979
163471;357799;303971
163472;396947;264993
163473;316169;317935
163474;258286;292745
163475;324402;296320
163476;274878;260027
163477;372294;243189
163478;380450;336234
163479;248857;269028
163480;333606;301910
163481;350766;296978
163482;404402;293628
163483;327194;309765
163484;249064;315258
163485;334302;261368
163486;298822;318325
163487;342604;256005
163488;395129;318666
163489;375582;264804
163490;300095;249007
163491;278760;269437
163492;338191;291633
163493;353033;267043
163494;341115;239525
163495;286145;326297
163496;312071;326918
163497;371635;265732
163498;279337;233634
163499;252480;263635
163500;343590;267944
163501;288849;302945
163502;404492;281204
163503;282285;240081
163504;312092;325184
163505;363028;312494
163506;320272;274465
163507;260366;290488
163508;382055;354712
163509;301735;223859
163510;402717;229288
163511;312902;230423
163512;399077;236130
163513;289347;311133
163514;371205;324632
163515;380426;313237
163516;312729;263062
163517;253085;303679
163518;360539;226924
163519;252533;294312
163520;315923;257373
163521;317566;307650
163522;252142;245904
163523;266304;269782
163524;359493;267796
163525;374145;328490
163526;388046;280353
163527;308137;344939
163528;371573;307184
163529;278560;254972
163530;352769;335564
163531;401114;295754
163532;354447;237721
163533;365834;246867
163534;308468;318085
163535;372175;267768
163536;249792;313558
163537;250567;289222
163538;267880;318490
163539;325872;300657
163540;367519;256987
163541;287451;264188
163542;276138;264586
163543;410804;258871
163544;276808;219741
163545;396590;283360
163546;330256;272441
163547;361594;284283
163548;309185;249515
163549;250874;343260
163550;251295;313374
163551;332160;253106
163552;318815;309889
163553;277749;310610
163554;370791;298882
163555;266843;306998
163556;388788;263883
163557;385471;345238
163558;272663;213845
163559;326535;279550
163560;389810;312057
163561;412747;343414
163562;388817;302079
163563;391268;284231
163564;317683;300270
163565;373375;267975
163566;401423;280011
163567;402708;309841
163568;334497;252835
163569;284001;242166
163570;353112;292489
163571;300477;263915
163572;329701;221337
163573;410970;238952
163574;310708;290844
163575;402788;235427
163576;311381;310352
163577;398652;310996
163578;328781;254019
163579;381064;271465
163580;293889;268429
163581;293444;258962
163582;378514;226984
163583;396642;251490
163584;313930;280690
163585;258283;324890
163586;304572;229609
163587;231404;339291
163588;350597;253507
163589;303643;317502
163590;359438;279667
163591;285394;298751
163592;393635;265469
163593;378583;263755
163594;277627;289762
163595;412092;307576
163596;252972;287917
163597;399091;303811
163598;366839;256002
163599;402196;291868
163600;306360;299802
163601;367168;331022
163602;315073;287886
163603;347204;243763
163604;257770;273282
163605;376131;274154
163606;281878;286850
163607;384048;293303
163608;301469;258803
163609;272190;348861
163610;346739;309799
163611;404873;297950
163612;409554;237944
163613;341846;295133
163614;258526;282557
163615;388591;247927
163616;398611;266084
163617;391258;271149
163618;278892;261868
163619;398278;242899
163620;354011;261581
163621;316719;297878
163622;310520;237707
163623;295719;330454
163624;292637;290592
163625;260162;343099
163626;367674;314601
163627;349265;244302
163628;288884;348258
163629;296851;329517
163630;258220;273659
163631;253591;262973
163632;257395;297367
163633;259054;278849
163634;286872;224935
163635;352302;338483
163636;269499;283749
163637;408505;260610
163638;367261;228612
163639;413609;334015
163640;338785;281342
163641;403872;270207
163642;327802;290699
163643;320813;299489
163644;380333;283613
163645;269578;281908
163646;268686;250474
163647;359460;304141
163648;296804;229299
163649;271903;304678
163650;255229;264513
163651;407782;312192
163652;341324;285844
163653;294580;258412
163654;278597;325646
163655;333322;303596
163656;275859;279801
163657;347511;257570
163658;266388;255966
163659;345605;313363
163660;307648;292943
163661;329324;273349
163662;325256;290040
163663;404483;303364
163664;407238;291051
163665;340349;308807
163666;300672;254947
163667;388586;250397
163668;324340;247916
163669;314857;243531
163670;347414;294097
163671;261696;319955
163672;256267;294349
163673;378095;266700
163674;302624;279437
163675;364299;295599
163676;260645;307225
163677;331966;223792
163678;352265;241187
163679;307907;293791
163680;362639;300375
163681;334437;213144
163682;409013;299532
163683;344238;282676
163684;295952;315814
163685;353303;327301
163686;254451;317014
163687;354419;321288
163688;299690;230219
163689;295178;315625
163690;255992;232244
163691;306398;294719
163692;365155;245616
163693;411352;312694
163694;256855;294314
163695;371272;333353
163696;251058;244846
163697;347028;276351
163698;294040;274446
163699;249968;260276
163700;374141;298193
163701;404830;284563
163702;286509;268430
163703;252078;290988
163704;371653;281783
163705;268623;305604
163706;408635;283358
163707;344884;273545
163708;267861;288214
163709;355069;308504
163710;183094;276109
163711;156988;325849
163712;204981;232520
163713;181889;272262
163714;190715;312286
163715;236510;282612
163716;189417;241028
163717;187094;292541
163718;235808;310270
163719;197601;270739
163720;150932;272843
163721;244782;300801
163722;211592;309033
163723;162154;327354
163724;164411;270040
163725;187404;318005
163726;237579;270843
163727;166998;217657
163728;149549;209054
163729;186728;261222
163730;193107;268872
163731;238266;335098
163732;159054;297863
163733;200582;298262
163734;157197;225420
163735;230646;348893
163736;149899;281360
163737;244424;332634
163738;205712;267766
163739;165158;255953
163740;211217;254328
163741;153857;242847
163742;196588;241923
163743;169891;252741
163744;162319;332006
163745;170538;276387
163746;187079;287510
163747;187683;267531
163748;165083;337733
163749;157643;246196
163750;181985;327177
163751;186413;322239
163752;187157;241759
163753;226261;258164
163754;181835;223776
163755;227511;341038
163756;198965;228354
163757;171585;326227
163758;205568;293522
163759;207965;314144
163760;178469;298230
163761;187894;304727
163762;189447;278651
163763;228968;222151
163764;166149;271756
163765;218273;236318
163766;229439;280509
163767;159875;345312
163768;164248;242772
163769;233634;290177
163770;232189;323542
163771;245648;299341
163772;175194;289450
163773;205008;236172
163774;214629;283450
163775;175835;232348
163776;165280;278692
163777;168816;223496
163778;161295;278966
163779;230121;304876
163780;163152;228928
163781;160677;277053
163782;202622;269210
163783;245052;301040
163784;204511;312460
163785;156356;293544
163786;218551;294695
163787;211513;240370
163788;161994;337626
163789;233132;317703
163790;185948;306636
163791;191052;291162
163792;152688;342142
163793;209489;269433
163794;193700;294589
163795;222712;301934
163796;219895;265686
163797;186754;244588
163798;158178;287867
163799;225178;313642
163800;240064;297442
163801;168802;316003
163802;177794;305780
163803;162154;347504
163804;168193;225935
163805;171034;290969
163806;206762;278265
163807;237892;280047
163808;239150;230752
163809;156630;352193
163810;192982;275816
163811;198377;236788
163812;155314;354848
163813;202870;264535
163814;151333;255383
163815;200441;326095
163816;155996;274683
163817;229967;307431
163818;150095;287900
163819;202257;277772
163820;158956;308274
163821;171452;297266
163822;190937;309666
163823;190946;289696
163824;149223;265090
163825;239252;257095
163826;209667;334805
163827;225557;312648
163828;199333;306602
163829;152188;244644
163830;224358;308016
163831;217713;290665
163832;194859;307194
163833;186407;349525
163834;164437;233272
163835;156945;302904
163836;193004;281631
163837;150197;308968
163838;231125;272341
163839;202356;267716
163840;224716;241742
163841;232675;320449
163842;159571;311997
163843;211813;231752
163844;232093;254112
163845;236864;247773
163846;182698;301233
163847;202589;245362
163848;200502;329193
163849;170353;312624
163850;204421;302960
163851;229186;272956
163852;221090;321036
163853;179468;328041
163854;197207;250501
163855;169102;312735
163856;189412;229616
163857;180036;258931
163858;216755;341958
163859;170259;217786
163860;184368;264386
163861;165503;280073
163862;191979;263502
163863;191647;274901
163864;244538;332727
163865;249868;310277
163866;203961;221105
163867;245587;349400
163868;150251;314522
163869;175864;282611
163870;253339;320781
163871;156250;290317
163872;246802;276686
163873;190857;335159
163874;179848;291190
163875;207818;244338
163876;220011;302151
163877;185740;279492
163878;191815;229238
163879;163647;245156
163880;205906;264499
163881;180658;234590
163882;203476;283948
163883;187206;226939
163884;180128;296726
163885;233217;321435
163886;244347;261458
163887;241241;267637
163888;243525;274354
163889;197894;314685
163890;179886;297299
163891;224477;238862
163892;225242;295239
163893;150151;278492
163894;197738;263840
163895;162450;301638
163896;244747;244324
163897;214467;315571
163898;183274;282397
163899;167539;284409
163900;170688;250228
163901;147727;223509
163902;233758;251063
163903;193528;274273
163904;174872;295921
163905;205968;285442
163906;149405;297603
163907;195161;228267
163908;246409;239543
163909;206232;243677
163910;180641;242657
163911;177732;235875
163912;166476;286761
163913;211793;328459
163914;150652;283670
163915;202678;321773
163916;175527;244236
163917;161124;238912
163918;208253;291426
163919;240633;298473
163920;167455;275187
163921;230179;270256
163922;165059;282089
163923;236030;287761
163924;240097;279861
163925;216867;300344
163926;153192;235412
163927;158151;287614
163928;198642;218950
163929;161403;307554
163930;206440;275288
163931;183952;348535
163932;207947;302080
163933;148073;293906
163934;158855;330322
163935;169210;319974
163936;186052;255268
163937;189651;273672
163938;202837;245487
163939;179070;297448
163940;162681;247842
163941;149527;310702
163942;207831;350386
163943;202681;245991
163944;179981;215739
163945;235745;314010
163946;232441;259672
163947;192794;271117
163948;201116;303539
163949;241145;282936
163950;156486;344044
163951;234688;279566
163952;159785;297013
163953;219100;326857
163954;179053;281149
163955;162989;306629
163956;210220;240589
163957;186381;329329
163958;231334;218747
163959;210388;247209
163960;158152;327521
163961;157520;267945
163962;223347;295647
163963;202947;253982
163964;225037;270403
163965;185691;257465
163966;180909;308199
163967;208124;213424
163968;188357;248737
163969;224901;306439
163970;172144;246117
163971;221426;291859
163972;223609;322261
163973;149423;304493
163974;185008;243464
163975;177594;274226
163976;167093;288579
163977;171260;259537
163978;181461;282191
163979;227474;238143
163980;230431;285438
163981;221130;229910
163982;205680;335379
163983;166353;302289
163984;196553;282971
163985;217116;259177
163986;237816;279185
163987;223689;258049
163988;198972;232989
163989;242429;285475
163990;187755;306128
163991;174456;278653
163992;149915;277475
163993;202103;268957
163994;211546;311701
163995;199655;283045
163996;202702;313883
163997;225151;252436
163998;184875;324642
163999;242137;263490
164000;227586;270115
164001;229492;346930
164002;161462;245870
164003;185215;251905
164004;179689;260790
164005;207979;316700
164006;231684;236625
164007;215829;244996
164008;203501;299992
164009;158114;292109
164010;206217;324628
164011;229229;289956
164012;215458;232455
164013;193584;316147
164014;182219;264299
164015;194507;291683
164016;185556;273943
164017;170516;272766
164018;190935;312337
164019;165845;289245
164020;174936;324386
164021;217772;212138
164022;227951;306543
164023;163274;263759
164024;229373;330007
164025;209430;245695
164026;243838;343025
164027;217276;293259
164028;233277;223071
164029;175335;226253
164030;210762;278798
164031;245920;349695
164032;230531;275792
164033;223750;302480
164034;171000;249210
164035;180558;251644
164036;228507;297519
164037;210632;307399
164038;181335;300683
164039;240778;270421
164040;242316;276149
164041;173351;266062
164042;241203;310198
164043;189747;307654
164044;215730;308361
164045;209144;287282
164046;186187;287647
164047;162643;313930
164048;239024;284576
164049;212848;320575
164050;220968;283418
164051;201788;293191
164052;232413;225460
164053;167104;224604
164054;234102;280816
164055;218787;271030
164056;210515;270894
164057;220108;320206
164058;178400;222943
164059;153090;305442
164060;206818;326619
164061;215554;298141
164062;158677;266056
164063;151659;272588
164064;168852;298476
164065;176527;255930
164066;187903;300644
164067;186999;257400
164068;175795;294990
164069;225598;297948
164070;238287;316490
164071;191170;310713
164072;226620;305465
164073;186763;257768
164074;190866;213945
164075;207869;278797
164076;253199;263872
164077;162767;247212
164078;246706;321785
164079;175258;290770
164080;210946;216042
164081;227010;230419
164082;228956;286198
164083;170538;263857
164084;225439;249445
164085;200784;235950
164086;244621;257674
164087;209084;334370
164088;239012;250920
164089;224728;293701
164090;169970;327556
164091;172716;240978
164092;150574;286890
164093;193466;249904
164094;238724;314807
164095;162959;273927
164096;213620;287652
164097;235247;296745
164098;157978;213356
164099;225717;272387
164100;245208;287065
164101;166776;350949
164102;229388;300898
164103;245136;292994
164104;226095;333483
164105;216250;230936
164106;223388;267528
164107;208052;331056
164108;154035;292647
164109;245213;302472
164110;182363;234609
164111;161863;299128
164112;183802;280157
164113;189942;292478
164114;203226;334844
164115;177989;252826
164116;225098;321004
164117;206686;251383
164118;210026;303833
164119;220623;296490
164120;224405;220067
164121;162928;245090
164122;168058;249177
164123;152232;231784
164124;238610;254343
164125;157764;264628
164126;198709;249731
164127;232196;275149
164128;243833;291252
164129;160442;255918
164130;177515;318394
164131;211907;240041
164132;165236;242869
164133;244446;262562
164134;160639;322354
164135;209015;249758
164136;207687;326570
164137;235897;249107
164138;203815;313324
164139;166947;267306
164140;179243;243050
164141;165971;307023
164142;222004;308596
164143;222294;307812
164144;168969;273635
164145;219184;266090
164146;178977;325218
164147;194080;299814
164148;191935;322028
164149;192570;288398
164150;175395;266797
164151;157144;308323
164152;199630;246463
164153;235169;251431
164154;177554;311135
164155;157656;318436
164156;188851;306106
164157;214783;225442
164158;175342;297940
164159;200094;278786
164160;237000;315214
164161;189452;289151
164162;206945;275401
164163;243434;281970
164164;164023;309389
164165;355210;213887
164166;433484;322225
164167;495770;238132
164168;429235;273714
164169;411379;326689
164170;407290;242446
164171;504114;295389
164172;531134;269987
164173;447544;242582
164174;432335;335237
164175;431624;248987
164176;514454;289799
164177;384705;274531
164178;425121;233190
164179;465403;274304
164180;440884;278291
164181;425248;252472
164182;383993;275913
164183;433100;292631
164184;527074;296091
164185;449147;301294
164186;481884;308341
164187;423334;223888
164188;550418;314291
164189;513542;267078
164190;433497;263021
164191;427604;233019
164192;453479;259999
164193;403903;295545
164194;333243;267000
164195;526298;240512
164196;542678;276655
164197;445034;318569
164198;408441;257869
164199;396495;221548
164200;470400;226777
164201;542724;213263
164202;410467;234751
164203;477762;282064
164204;542412;297499
164205;454883;236880
164206;506619;303128
164207;463095;253360
164208;472536;298411
164209;501947;260840
164210;376722;252536
164211;426029;329279
164212;340504;317494
164213;572435;289019
164214;457668;258399
164215;379761;308805
164216;541824;267046
164217;404551;258249
164218;506798;258088
164219;517834;324010
164220;350384;302095
164221;352174;268678
164222;335070;242591
164223;383188;246394
164224;421323;261440
164225;456458;279931
164226;445607;287835
164227;434886;304927
164228;509964;271372
164229;455380;318685
164230;435959;287601
164231;344783;295760
164232;423793;266208
164233;420092;290558
164234;469742;309099
164235;401945;293799
164236;371381;302060
164237;501391;273955
164238;336454;246054
164239;406971;280464
164240;483038;310233
164241;536426;275085
164242;343771;258175
164243;356668;319288
164244;419124;323685
164245;413403;273260
164246;386433;269106
164247;526285;335384
164248;484352;294873
164249;492193;246923
164250;460248;257529
164251;395663;289548
164252;537635;291351
164253;537898;326088
164254;479752;288237
164255;462278;287985
164256;451247;278445
164257;393340;262291
164258;457460;319354
164259;355209;260846
164260;345210;308319
164261;382181;307359
164262;379276;237051
164263;354118;253136
164264;507679;251785
164265;477564;321607
164266;415960;315265
164267;440609;291258
164268;449005;278773
164269;482468;267929
164270;481642;264267
164271;442825;236364
164272;344052;313985
164273;398657;268853
164274;371476;278273
164275;431316;228802
164276;517532;326405
164277;549865;258380
164278;419582;336818
164279;346629;306515
164280;454239;333692
164281;349504;224752
164282;455063;248433
164283;414402;255741
164284;480544;314548
164285;445389;286182
164286;576568;270764
164287;402351;311378
164288;463899;316207
164289;428004;269847
164290;417484;225828
164291;468529;280216
164292;499277;308979
164293;451796;249105
164294;473575;224930
164295;396809;237950
164296;360538;310029
164297;436795;331258
164298;486007;221335
164299;516705;310221
164300;488661;322928
164301;482981;250525
164302;348254;287332
164303;411403;308506
164304;351722;273313
164305;455832;267678
164306;332576;219383
164307;428356;300268
164308;376553;310121
164309;367268;298254
164310;342115;266255
164311;500259;303851
164312;508572;273630
164313;527865;254829
164314;436789;235907
164315;447487;291893
164316;352689;238815
164317;368762;262850
164318;376614;318962
164319;403246;289285
164320;382283;307399
164321;415065;261825
164322;337541;302067
164323;407288;309435
164324;483827;337996
164325;358414;279377
164326;489516;230343
164327;481619;263463
164328;502508;277931
164329;492606;329632
164330;410419;298363
164331;496381;260847
164332;517989;254530
164333;544858;235588
164334;431875;263903
164335;520356;274444
164336;517408;262395
164337;555569;316891
164338;550715;340841
164339;423401;250461
164340;513668;213023
164341;559065;305892
164342;509885;289580
164343;477392;304566
164344;477142;247071
164345;357115;298265
164346;372844;251977
164347;491854;240378
164348;373856;236832
164349;361907;297108
164350;475645;286969
164351;427619;311107
164352;445695;306748
164353;389333;246607
164354;412759;208718
164355;538561;286142
164356;339528;291717
164357;487729;256213
164358;400017;294433
164359;477806;323519
164360;446906;303317
164361;459505;269132
164362;529690;240933
164363;353298;246627
164364;528420;275052
164365;464696;248049
164366;460521;262634
164367;478022;262338
164368;465296;279753
164369;392781;313362
164370;423355;325077
164371;346828;242152
164372;460909;338086
164373;504009;275681
164374;536182;245161
164375;346557;328881
164376;532560;278142
164377;549229;314498
164378;405449;243613
164379;414943;289675
164380;435854;244982
164381;534393;295379
164382;539579;325275
164383;526517;287470
164384;533844;268459
164385;347171;338486
164386;457128;259442
164387;338205;338075
164388;404019;233140
164389;551059;244136
164390;519706;283902
164391;458951;269607
164392;418837;281599
164393;510346;267141
164394;538352;260533
164395;374579;243249
164396;498222;324598
164397;406217;306745
164398;525739;281494
164399;439817;302095
164400;442057;329484
164401;336091;258795
164402;416060;243533
164403;505739;300261
164404;477365;326858
164405;379334;225361
164406;488077;295963
164407;367066;303624
164408;360701;291912
164409;383297;286932
164410;493337;267589
164411;391679;275321
164412;457198;255669
164413;378097;314019
164414;501474;319791
164415;394738;324553
164416;511483;206495
164417;369466;280658
164418;342557;299979
164419;480436;312025
164420;371381;257509
164421;472121;311665
164422;468358;208390
164423;537308;276925
164424;390428;249192
164425;364458;252291
164426;349186;248717
164427;434219;270086
164428;526810;246602
164429;462147;226234
164430;402970;299505
164431;414195;316679
164432;484100;314508
164433;353005;309885
164434;551992;255130
164435;463219;235499
164436;514126;310326
164437;547408;307787
164438;465573;293276
164439;419391;261620
164440;377509;316737
164441;498145;257336
164442;421651;344595
164443;386971;269022
164444;406170;286359
164445;337443;314577
164446;550973;284693
164447;363683;312625
164448;380621;258118
164449;490535;280323
164450;498245;313486
164451;354443;292676
164452;460065;221632
164453;429798;279327
164454;458273;263138
164455;354063;216826
164456;376538;288820
164457;360890;246214
164458;509289;252984
164459;383875;328249
164460;508005;303819
164461;550879;263139
164462;356068;227791
164463;411988;301060
164464;459340;353140
164465;499972;266279
164466;436945;246239
164467;354226;329603
164468;412736;288302
164469;359258;312516
164470;415759;243419
164471;457253;283700
164472;335058;254054
164473;479038;238316
164474;341508;310970
164475;373068;319362
164476;359264;265322
164477;431528;274461
164478;474761;247809
164479;426550;254724
164480;402002;283689
164481;365880;251794
164482;339650;236475
164483;370066;268448
164484;349782;299619
164485;459856;291194
164486;451981;306030
164487;386223;241698
164488;442420;305025
164489;431284;303325
164490;483797;247919
164491;435328;264841
164492;448536;263288
164493;479063;285221
164494;457308;320300
164495;536607;221344
164496;455006;265926
164497;428628;301078
164498;472898;276435
164499;413348;309668
164500;397737;253425
164501;461416;310007
164502;546222;324788
164503;410062;294983
164504;446612;279252
164505;504093;255496
164506;547466;258668
164507;341618;239854
164508;547726;317546
164509;516303;282551
164510;447945;275687
164511;344829;285660
164512;514246;301850
164513;395953;233997
164514;456044;302969
164515;403772;276054
164516;511312;280736
164517;560351;272085
164518;408983;327617
164519;529372;290881
164520;488189;313983
164521;466308;254648
164522;456366;325682
164523;557599;272887
164524;645348;290073
164525;422199;234708
164526;639829;291520
164527;564283;302505
164528;578870;271195
164529;621804;301300
164530;506344;245532
164531;414770;237772
164532;599646;273871
164533;623676;266757
164534;601683;264930
164535;451000;258151
164536;404186;317209
164537;633409;303693
164538;411632;300886
164539;624079;234215
164540;451058;277028
164541;444762;282203
164542;530350;272050
164543;502975;270273
164544;434128;319546
164545;493185;273076
164546;524835;319816
164547;457876;319706
164548;621267;285694
164549;578642;226664
164550;622143;251140
164551;423143;235520
164552;551779;332794
164553;527186;268769
164554;632372;315725
164555;469583;240579
164556;443817;304447
164557;550949;325789
164558;590836;331437
164559;404264;257023
164560;395706;235616
164561;395497;259034
164562;398136;324144
164563;407909;247916
164564;640178;258110
164565;581456;298195
164566;395145;301704
164567;608650;310269
164568;498012;216453
164569;409622;272202
164570;601145;289965
164571;393288;335547
164572;454769;345919
164573;433188;241339
164574;495963;326843
164575;618413;316751
164576;503634;293139
164577;650935;232580
164578;440498;352596
164579;634943;215375
164580;535530;253867
164581;455539;271042
164582;606564;272992
164583;435242;305180
164584;547457;310723
164585;587913;272802
164586;415335;232955
164587;496848;210166
164588;414616;244750
164589;467592;250789
164590;431621;292888
164591;568459;303729
164592;452834;305720
164593;414864;308205
164594;508267;232088
164595;468232;291310
164596;394173;263897
164597;548245;298177
164598;601151;300401
164599;467088;270403
164600;464912;306912
164601;414786;265572
164602;447862;290624
164603;562091;292752
164604;492816;215122
164605;631776;290371
164606;577959;274163
164607;615669;285497
164608;522544;247177
164609;519177;263019
164610;532926;292678
164611;483341;257670
164612;518376;306478
164613;603575;264039
164614;627262;269573
164615;647242;243510
164616;425302;236074
164617;553484;324744
164618;456808;277484
164619;636226;236542
164620;402704;275394
164621;543113;309755
164622;458000;316130
164623;467996;286887
164624;497190;240323
164625;431613;281426
164626;537192;233823
164627;600508;277193
164628;403134;252842
164629;573208;329313
164630;378805;284719
164631;493281;230435
164632;524082;295423
164633;546565;259899
164634;495895;233275
164635;486759;304015
164636;429708;259654
164637;583125;327634
164638;531235;307684
164639;456454;349094
164640;544724;270405
164641;529720;375844
164642;495740;237487
164643;493364;293858
164644;628214;232343
164645;414347;260714
164646;591105;298428
164647;624184;255085
164648;635473;337774
164649;442499;243107
164650;526840;220152
164651;425983;322241
164652;442060;276081
164653;605602;276384
164654;553385;266984
164655;449755;233784
164656;530132;306589
164657;516749;316457
164658;548865;289368
164659;479502;283449
164660;553043;311486
164661;638972;259933
164662;425860;300371
164663;630998;270545
164664;505310;310905
164665;515160;243946
164666;415448;234077
164667;510322;241661
164668;589956;268098
164669;595206;338480
164670;575337;322084
164671;479757;269073
164672;577749;269225
164673;488615;325752
164674;487696;211302
164675;403047;327531
164676;556055;267916
164677;548143;275570
164678;540822;293834
164679;539938;217211
164680;401293;248787
164681;452668;267006
164682;410768;289164
164683;582162;268352
164684;521939;272132
164685;423223;269772
164686;471644;258626
164687;547604;301792
164688;428708;282742
164689;562379;309961
164690;510743;290338
164691;475478;266149
164692;531994;247747
164693;610933;301218
164694;533228;303924
164695;500367;310817
164696;636669;338967
164697;601003;282505
164698;649693;312788
164699;486708;310865
164700;621536;257955
164701;632412;338675
164702;473680;242575
164703;475641;259128
164704;445747;315768
164705;540983;251269
164706;584717;289669
164707;473527;260259
164708;569046;304257
164709;596700;328017
164710;588236;351961
164711;451915;249873
164712;446213;218045
164713;400824;304534
164714;636165;348484
164715;411954;257955
164716;608148;308686
164717;638748;314596
164718;567933;305234
164719;397245;302388
164720;554632;240486
164721;422455;326611
164722;490394;291978
164723;403491;307538
164724;481913;274247
164725;541633;267271
164726;404578;338652
164727;482417;312262
164728;473833;216211
164729;460352;327749
164730;405205;279118
164731;457767;234463
164732;493743;228222
164733;597438;290904
164734;604226;254023
164735;592809;302601
164736;476172;251901
164737;443557;326144
164738;434604;282003
164739;537664;289994
164740;472008;259890
164741;431835;329927
164742;427191;234883
164743;490395;262741
164744;525991;218108
164745;362651;256362
164746;506553;258055
164747;537001;300659
164748;604242;265886
164749;441460;280142
164750;477946;312897
164751;553084;305474
164752;568710;259012
164753;605872;294312
164754;509859;282386
164755;627929;299994
164756;549182;307076
164757;529419;275361
164758;647915;258287
164759;629025;284293
164760;432906;330441
164761;469362;298178
164762;441387;276497
164763;611722;294267
164764;642917;305416
164765;430415;265812
164766;547977;322695
164767;477848;256448
164768;619242;305262
164769;514892;250634
164770;454631;299203
164771;538099;245254
164772;403147;244131
164773;558797;278701
164774;410194;249481
164775;527602;237078
164776;447419;292509
164777;526258;308984
164778;391210;338096
164779;569807;246631
164780;518194;278406
164781;599035;273378
164782;646167;305084
164783;552981;247759
164784;505114;313709
164785;639012;275454
164786;643976;278031
164787;485469;268117
164788;409269;330174
164789;439882;232560
164790;623215;310075
164791;433734;247418
164792;621048;317477
164793;591034;323357
164794;573137;314267
164795;497260;274497
164796;607046;243173
164797;504925;261187
164798;646595;278514
164799;606706;311046
164800;580539;286027
164801;506579;338758
164802;514625;238525
164803;581888;294295
164804;481696;300556
164805;602237;341469
164806;649770;258289
164807;409348;323764
164808;398325;301651
164809;559396;297726
164810;625151;287243
164811;393936;284813
164812;607361;214017
164813;591471;310024
164814;438342;288629
164815;475438;313588
164816;535879;252912
164817;446775;275550
164818;452295;288329
164819;572806;275204
164820;491031;296581
164821;627472;262021
164822;629211;279769
164823;455200;248493
164824;447364;273938
164825;642402;270330
164826;641220;261334
164827;633624;282161
164828;414871;247451
164829;568864;291711
164830;559174;300717
164831;413478;316611
164832;529615;307870
164833;577797;303501
164834;489397;296972
164835;628957;303979
164836;452336;235815
164837;504106;258090
164838;514546;344441
164839;401595;226940
164840;488720;277695
164841;526278;272483
164842;573565;217033
164843;435585;254190
164844;485747;343624
164845;541731;251608
164846;618884;280666
164847;591453;345770
164848;417107;268500
164849;560462;272337
164850;626456;251941
164851;429919;298792
164852;405645;292165
164853;459865;255511
164854;629690;310550
164855;484090;278404
164856;458782;209748
164857;608551;276502
164858;618264;263784
164859;543447;334798
164860;547497;277241
164861;433334;323322
164862;355310;296113
164863;448617;338684
164864;433707;282438
164865;416817;293231
164866;360702;275481
164867;398603;279070
164868;395244;276660
164869;289125;345316
164870;434164;324557
164871;307968;263580
164872;351626;314161
164873;412054;257920
164874;348932;249613
164875;383527;281150
164876;349982;307306
164877;361098;275365
164878;416731;311622
164879;324305;316917
164880;361376;287436
164881;416138;251431
164882;388850;317520
164883;523084;292073
164884;441039;244346
164885;308671;215619
164886;456352;339207
164887;439187;262584
164888;357719;330040
164889;403250;324041
164890;442118;257132
164891;289074;250053
164892;295741;238858
164893;447436;319977
164894;289462;300642
164895;453908;259568
164896;350475;227186
164897;326051;256153
164898;459145;325764
164899;375188;269288
164900;377358;275215
164901;398253;232609
164902;468058;255915
164903;300171;222480
164904;463121;328750
164905;448533;263036
164906;286842;290619
164907;419037;294700
164908;354642;226207
164909;307017;305228
164910;381403;284931
164911;377051;254307
164912;394966;280379
164913;412813;279668
164914;307219;319789
164915;463927;295095
164916;361378;303182
164917;276135;246041
164918;418652;305677
164919;305699;284901
164920;379580;308623
164921;392434;310498
164922;423937;297788
164923;298395;295419
164924;424479;241380
164925;460059;255848
164926;380641;350515
164927;399761;302413
164928;451024;224765
164929;344682;243550
164930;319336;254915
164931;390450;281413
164932;383097;280069
164933;311380;309451
164934;374651;358025
164935;456674;284701
164936;380357;285352
164937;408651;275079
164938;303321;242703
164939;400905;249361
164940;443366;293876
164941;282839;308292
164942;441591;273254
164943;313159;255036
164944;330673;279925
164945;296624;316748
164946;353038;275948
164947;419616;224919
164948;382808;373313
164949;289449;319453
164950;439351;264556
164951;306957;255662
164952;385831;309430
164953;389474;221417
164954;464337;275467
164955;366179;322457
164956;432331;281029
164957;365863;296179
164958;305185;256698
164959;353969;295266
164960;420299;254132
164961;394933;264149
164962;319197;245207
164963;439750;287899
164964;357454;294152
164965;406890;324982
164966;447553;296159
164967;364808;338559
164968;423956;276751
164969;401690;295657
164970;465866;233178
164971;458133;304890
164972;430666;284171
164973;355732;330435
164974;369014;306350
164975;359735;277832
164976;284036;307154
164977;295038;341518
164978;369546;261643
164979;398598;281344
164980;314258;241387
164981;300496;258337
164982;393853;262078
164983;289263;261632
164984;332135;215933
164985;357251;299977
164986;355289;217395
164987;341436;300389
164988;293832;257177
164989;406142;309951
164990;327161;247988
164991;362172;248853
164992;368411;330250
164993;308231;276866
164994;278915;209587
164995;437492;283832
164996;450741;282929
164997;364642;335837
164998;380429;304421
164999;332361;253261
165000;295227;264628
165001;369023;320548
165002;314750;325383
165003;310281;250723
165004;333816;305490
165005;383940;263676
165006;445934;260203
165007;384546;238206
165008;317749;254682
165009;450267;310354
165010;334146;299695
165011;329948;304515
165012;368260;287878
165013;293931;326243
165014;468551;301788
165015;407471;264734
165016;297349;249629
165017;292636;307121
165018;386337;230292
165019;312231;285585
165020;287759;327451
165021;301843;308995
165022;448951;223910
165023;419136;301224
165024;427236;265672
165025;283313;282112
165026;317589;247980
165027;428378;287293
165028;426437;241642
165029;347078;271749
165030;436759;269607
165031;432894;221439
165032;371352;297344
165033;356709;235502
165034;385503;293651
165035;320119;252898
165036;399665;273024
165037;284690;273746
165038;324644;310817
165039;324601;256863
165040;429208;264792
165041;367586;331063
165042;465258;263027
165043;381057;307198
165044;443280;280588
165045;407876;298027
165046;319081;288173
165047;367985;244183
165048;419634;294188
165049;375465;311359
165050;292218;263250
165051;323842;256625
165052;469460;272675
165053;372674;264308
165054;372935;301761
165055;384272;262252
165056;284336;288927
165057;336853;235681
165058;384467;237973
165059;317486;262364
165060;433473;328672
165061;273256;281056
165062;460864;264543
165063;307173;247337
165064;445874;265797
165065;447693;261048
165066;300988;302449
165067;454900;312901
165068;449859;348724
165069;439459;268089
165070;389761;282095
165071;453470;310034
165072;400685;302492
165073;349790;285997
165074;427015;300980
165075;288275;286239
165076;449874;310613
165077;444927;343949
165078;435935;266330
165079;406983;249440
165080;309259;333577
165081;462614;258074
165082;458180;257138
165083;285126;315991
165084;291768;266594
165085;390566;321313
165086;330912;235676
165087;280790;280770
165088;319774;310693
165089;423230;311087
165090;402286;255473
165091;411259;262879
165092;384857;253751
165093;461409;242447
165094;447828;324571
165095;315075;266098
165096;349698;344241
165097;405082;264567
165098;444042;296802
165099;384558;327955
165100;283278;280461
165101;330204;264684
165102;409062;283694
165103;389282;319754
165104;292252;285283
165105;363114;275289
165106;318185;257340
165107;315122;270314
165108;333603;256030
165109;282449;251839
165110;341991;313686
165111;385375;240044
165112;405518;289248
165113;300279;275067
165114;462910;325663
165115;275706;262695
165116;369814;272948
165117;384536;239683
165118;368239;260890
165119;447196;331155
165120;353054;290649
165121;394531;251103
165122;286719;330840
165123;377266;243359
165124;427090;247710
165125;353088;298397
165126;381693;285964
165127;452114;279273
165128;299769;269274
165129;326342;278886
165130;398628;249060
165131;321566;304899
165132;372780;238433
165133;395925;263472
165134;461732;269968
165135;322286;304735
165136;368170;283051
165137;462788;259105
165138;281010;234168
165139;304840;282270
165140;362719;255616
165141;430664;291927
165142;416667;316994
165143;373819;331885
165144;468568;262645
165145;333791;252233
165146;392377;263797
165147;418910;248719
165148;435514;240154
165149;430731;280593
165150;435589;305338
165151;378994;297369
165152;355727;353905
165153;400277;360508
165154;427601;258462
165155;324192;309846
165156;329538;296928
165157;422738;323763
165158;325531;339605
165159;336308;283965
165160;352954;264190
165161;292964;238055
165162;418906;289892
165163;353270;296728
165164;426448;264475
165165;434904;239766
165166;434478;305334
165167;427881;287658
165168;427062;214582
165169;326598;287513
165170;314899;321308
165171;373512;296029
165172;281568;307205
165173;284604;232686
165174;341177;350909
165175;312374;319816
165176;407630;274038
165177;352295;290416
165178;292896;263547
165179;413868;282049
165180;356134;252974
165181;282856;306352
165182;374072;343123
165183;406853;284509
165184;322016;275531
165185;341849;258573
165186;325986;272297
165187;473164;316537
165188;421973;257748
165189;332880;223764
165190;424102;274000
165191;394300;324745
165192;359274;252072
165193;376341;298155
165194;333856;318780
165195;393869;310630
165196;282809;222466
165197;373295;257690
165198;352077;310647
165199;390593;273423
165200;467378;288608
165201;406438;260083
165202;327416;235224
165203;377664;244669
165204;386736;305406
165205;372648;244039
165206;395169;289368
165207;389410;310246
165208;429343;223066
165209;354649;300791
165210;312798;291065
165211;349141;231243
165212;420198;333512
165213;292078;297210
165214;354904;259327
165215;382641;292284
165216;324847;284586
165217;443844;302785
165218;409984;272026
165219;394331;310732
165220;341663;287687
165221;463824;269288
165222;352377;266429
165223;361007;272422
165224;322708;287501
165225;383856;267593
165226;327494;310330
165227;381685;263627
165228;313299;242027
165229;331253;274862
165230;354077;293905
165231;337710;295061
165232;341213;284449
165233;341536;311533
165234;437805;351803
165235;363192;325900
165236;332070;312676
165237;290110;317347
165238;384631;300091
165239;463314;235986
165240;334230;307505
165241;393163;246065
165242;337831;329148
165243;354525;282983
165244;459296;228926
165245;311266;243993
165246;400938;329034
165247;324304;298517
165248;367724;311767
165249;443555;264912
165250;408204;278232
165251;459858;286957
165252;445576;252625
165253;392334;314311
165254;357700;259551
165255;349864;296870
165256;386693;256541
165257;459006;270149
165258;445240;300112
165259;455078;284422
165260;434294;295119
165261;461123;342774
165262;303945;285312
165263;281680;344693
165264;283865;305436
165265;415213;331395
165266;315169;275103
165267;359641;249052
165268;378968;284326
165269;495968;303973
165270;557243;245361
165271;528969;269018
165272;601642;325434
165273;510942;274523
165274;618057;251489
165275;499043;269343
165276;429217;256453
165277;663362;297428
165278;509720;303665
165279;608406;291701
165280;450717;229489
165281;492615;292299
165282;480418;256572
165283;529744;335527
165284;566460;289411
165285;609981;283736
165286;612388;261480
165287;630051;277044
165288;540993;302104
165289;497862;306264
165290;475155;283699
165291;431358;274034
165292;493698;323086
165293;537175;236676
165294;541967;246146
165295;545799;272548
165296;522758;319265
165297;640203;324911
165298;481000;253761
165299;599147;262430
165300;441873;293982
165301;469097;250339
165302;660005;291490
165303;627361;262182
165304;663271;295267
165305;639951;269746
165306;517324;244230
165307;629276;246319
165308;586504;237717
165309;561598;331682
165310;417968;271806
165311;534142;267659
165312;406252;254277
165313;628753;252824
165314;615271;268161
165315;675295;214681
165316;446779;301600
165317;582656;307105
165318;528735;228486
165319;651527;251822
165320;611844;278162
165321;472960;252434
165322;506410;322920
165323;528327;254998
165324;499241;324397
165325;459229;260736
165326;506400;298912
165327;446263;274411
165328;501675;229570
165329;542045;274221
165330;479107;311553
165331;419033;325239
165332;661847;246912
165333;527329;264283
165334;641446;255165
165335;549728;339714
165336;625246;269803
165337;661201;320675
165338;456493;282284
165339;662995;273634
165340;614889;257095
165341;541632;330304
165342;611630;242000
165343;430315;252812
165344;574587;280210
165345;530759;258489
165346;480039;264550
165347;588798;304995
165348;630289;333849
165349;591562;242744
165350;544346;273483
165351;565034;299988
165352;481628;266904
165353;447487;234408
165354;664425;292872
165355;520737;267256
165356;573140;252153
165357;473316;264896
165358;584679;344888
165359;507289;308023
165360;544284;309873
165361;649157;295465
165362;559026;264400
165363;478649;287716
165364;616967;294899
165365;436688;240461
165366;389085;268644
165367;643203;280982
165368;577233;270692
165369;662689;242736
165370;666334;303314
165371;545358;242567
165372;618055;295291
165373;434298;236357
165374;660051;309096
165375;529049;264930
165376;446280;305001
165377;407048;265452
165378;519000;240459
165379;455575;301414
165380;607810;260671
165381;664497;283303
165382;570455;316416
165383;531539;286316
165384;450743;260966
165385;549386;313816
165386;478861;306698
165387;585335;266407
165388;557669;241698
165389;479994;299352
165390;404875;233697
165391;519862;254387
165392;490861;218939
165393;594290;246774
165394;495712;254501
165395;450920;243998
165396;635451;295855
165397;507525;236093
165398;446740;224102
165399;564372;319108
165400;488068;357142
165401;617994;296039
165402;492474;252344
165403;599763;253842
165404;513877;288010
165405;492124;318733
165406;571277;265228
165407;472638;309868
165408;424124;302954
165409;493831;245381
165410;447076;295445
165411;473894;319391
165412;604677;264029
165413;427676;218561
165414;475371;282651
165415;674359;295326
165416;558018;277265
165417;586530;305052
165418;468196;319393
165419;576978;318668
165420;667800;278506
165421;438082;243471
165422;542326;281135
165423;462671;266603
165424;531715;269602
165425;581351;297028
165426;654169;309378
165427;514509;252127
165428;627618;268623
165429;593771;230267
165430;464961;271801
165431;444833;248816
165432;631709;306169
165433;507634;273483
165434;416758;298459
165435;618065;276697
165436;539936;356116
165437;591260;338148
165438;521954;227760
165439;635556;278433
165440;591725;278871
165441;541426;326246
165442;642756;263612
165443;628828;259735
165444;602557;321842
165445;673902;292950
165446;497067;274496
165447;575470;271396
165448;552895;227455
165449;426105;227919
165450;677931;269854
165451;575612;254958
165452;554172;299844
165453;465399;222958
165454;522084;282255
165455;516584;233411
165456;563471;247812
165457;587121;255332
165458;518504;284286
165459;541249;276478
165460;443230;264547
165461;577326;295232
165462;531659;257989
165463;415208;338951
165464;617677;317261
165465;542583;252792
165466;647633;297878
165467;669063;262269
165468;596195;231830
165469;590527;318638
165470;499190;231612
165471;635070;251627
165472;539055;252778
165473;561040;276778
165474;407066;316806
165475;430150;320198
165476;584898;290444
165477;551664;272904
165478;555162;284152
165479;620802;242479
165480;519420;269117
165481;584275;282272
165482;525049;266107
165483;432227;266972
165484;408417;318852
165485;649447;250428
165486;495031;260617
165487;666549;270360
165488;486622;345926
165489;464993;286544
165490;645638;232149
165491;451026;329149
165492;523896;337172
165493;593056;296978
165494;564493;297883
165495;658078;292884
165496;567491;314285
165497;503200;234527
165498;477774;288200
165499;527204;233451
165500;541563;298431
165501;513730;303135
165502;604474;314349
165503;465734;305724
165504;619712;305491
165505;551381;273015
165506;545726;278847
165507;427918;219566
165508;543794;245131
165509;628521;219027
165510;434041;247058
165511;442515;245428
165512;597891;259576
165513;529393;282932
165514;587450;323858
165515;629055;302628
165516;420826;268823
165517;563969;305403
165518;556615;306664
165519;462375;321069
165520;549950;319166
165521;681515;215451
165522;446850;300102
165523;571580;269484
165524;497773;260090
165525;548259;317602
165526;649015;283543
165527;524014;289047
165528;411138;286140
165529;446551;326547
165530;420762;264355
165531;636570;230676
165532;530079;327665
165533;655606;277678
165534;418352;323847
165535;444570;331678
165536;539778;230638
165537;545091;318164
165538;458023;315631
165539;522976;269616
165540;432328;241869
165541;420038;290468
165542;506231;238404
165543;450463;240087
165544;424085;237884
165545;606754;199106
165546;443986;327902
165547;638424;271938
165548;476003;283335
165549;452052;318556
165550;545406;245734
165551;506927;208537
165552;512160;299336
165553;450078;312844
165554;468716;291270
165555;548826;239325
165556;588036;244990
165557;556036;274510
165558;529525;303457
165559;484674;295224
165560;579288;283331
165561;509923;278506
165562;443504;275468
165563;669368;289963
165564;500210;277732
165565;501991;281597
165566;534052;264197
165567;444440;237802
165568;647142;241444
165569;453411;295316
165570;496604;305506
165571;594159;219260
165572;572730;219790
165573;617952;292008
165574;547489;272534
165575;645439;305299
165576;481401;246777
165577;623705;306028
165578;467147;344390
165579;536081;253857
165580;505882;255980
165581;645091;321312
165582;607189;241210
165583;566564;317466
165584;591490;309589
165585;646420;271176
165586;573901;305757
165587;622528;243561
165588;577688;237541
165589;426123;252034
165590;533245;302100
165591;514951;286864
165592;511040;266561
165593;600233;239274
165594;462398;332742
165595;534889;292783
165596;481607;344293
165597;468261;244735
165598;540208;248600
165599;523155;291775
165600;630463;366033
165601;455167;359550
165602;513158;302253
165603;409196;279277
165604;554927;264705
165605;482597;292678
165606;665770;286353
165607;599348;326762
165608;592447;301494
165609;562488;338762
165610;644374;287100
165611;468542;295401
165612;408587;287876
165613;420013;280551
165614;450465;299864
165615;656092;247621
165616;560488;324210
165617;471659;310341
165618;555881;340170
165619;528856;303568
165620;464860;241196
165621;578124;301964
165622;432218;264760
165623;656288;318001
165624;454244;247825
165625;598802;253929
165626;617401;276299
165627;574703;316754
165628;641045;302905
165629;512733;231532
165630;616216;226199
165631;486676;278242
165632;635588;303508
165633;425206;299168
165634;649168;225585
165635;479525;301750
165636;541614;241986
165637;636973;244614
165638;480113;264125
165639;450728;239863
165640;457476;231870
165641;442400;285164
165642;605439;250175
165643;592332;298608
165644;416694;303338
165645;547399;320309
165646;621749;323443
165647;485641;306997
165648;463497;280434
165649;446717;242545
165650;419179;224905
165651;443229;225448
165652;619044;275558
165653;462220;257006
165654;576435;313032
165655;282143;253970
165656;319436;294610
165657;381308;337372
165658;304324;247591
165659;319383;273085
165660;286827;218304
165661;296983;287035
165662;379981;353356
165663;318008;314278
165664;351892;325083
165665;369635;318565
165666;378994;307926
165667;302772;335633
165668;341761;273236
165669;384029;314508
165670;366587;242642
165671;326429;290373
165672;335241;285397
165673;355290;294557
165674;269665;210369
165675;329537;293544
165676;398468;244568
165677;398972;274797
165678;396398;293437
165679;289033;281272
165680;300933;245283
165681;266382;327659
165682;334119;260971
165683;324374;245299
165684;307801;343233
165685;330913;266069
165686;320671;322018
165687;334195;312020
165688;266784;331496
165689;328420;235986
165690;251094;279920
165691;250107;279769
165692;350354;296055
165693;253554;273377
165694;258284;342565
165695;245496;339103
165696;353312;239755
165697;327902;282166
165698;248703;215716
165699;339551;283405
165700;409578;290025
165701;369167;279347
165702;292111;330107
165703;371893;273386
165704;251877;303384
165705;381268;250947
165706;291497;216327
165707;311628;247879
165708;392040;293043
165709;310050;284582
165710;382231;287804
165711;358576;327684
165712;245184;309357
165713;316772;312206
165714;243978;262208
165715;336185;246073
165716;365262;328852
165717;304221;263155
165718;251859;310159
165719;397892;304340
165720;244831;303371
165721;328412;300496
165722;341013;239189
165723;252984;280875
165724;273964;328395
165725;280606;312786
165726;389261;324727
165727;254253;265548
165728;376247;324343
165729;268244;316233
165730;375689;226368
165731;248672;254249
165732;356972;239670
165733;343935;261469
165734;339273;284832
165735;305089;294672
165736;398089;251279
165737;257459;295702
165738;274911;293073
165739;274301;235518
165740;332916;280934
165741;302788;298049
165742;355537;285596
165743;354416;258687
165744;295166;264976
165745;301389;304835
165746;289872;271818
165747;260673;304352
165748;359238;234065
165749;313664;342085
165750;247603;337443
165751;277935;308306
165752;252454;268131
165753;279826;260046
165754;324425;270442
165755;350368;288596
165756;379546;293584
165757;411131;299339
165758;303619;289862
165759;256426;233564
165760;401530;224508
165761;287558;254969
165762;380751;304148
165763;368445;303039
165764;265440;253770
165765;265725;293300
165766;286715;254142
165767;294207;319755
165768;318299;263728
165769;345183;285306
165770;289412;313355
165771;288311;325207
165772;326672;290654
165773;400166;251318
165774;386472;255636
165775;392385;314624
165776;299450;291933
165777;290799;247864
165778;330492;275599
165779;254712;302484
165780;284641;206226
165781;348409;312289
165782;312398;314800
165783;332931;300504
165784;290913;266684
165785;367616;267727
165786;388896;295456
165787;397925;276757
165788;296023;324897
165789;378002;233747
165790;361345;325939
165791;279060;268744
165792;273419;295459
165793;380806;252348
165794;245322;278056
165795;390539;305014
165796;309718;314116
165797;262913;242595
165798;283209;295804
165799;258718;302030
165800;342308;324234
165801;400920;328182
165802;253914;332712
165803;324051;284356
165804;273334;323451
165805;370767;246882
165806;319509;331070
165807;300629;293829
165808;280800;249300
165809;314720;272138
165810;291345;240458
165811;290136;212525
165812;331438;328820
165813;352771;223239
165814;353072;328984
165815;332964;327219
165816;403285;269899
165817;394829;251082
165818;293375;293416
165819;306674;297255
165820;399103;287111
165821;270815;260586
165822;346704;293919
165823;261500;287119
165824;267079;304363
165825;370993;343002
165826;265262;242417
165827;389608;327973
165828;336816;296486
165829;366768;312654
165830;358353;296692
165831;317413;327604
165832;348725;270824
165833;290992;262426
165834;264565;303611
165835;310059;317698
165836;267746;279560
165837;330574;315502
165838;295254;271155
165839;337193;329488
165840;346640;244526
165841;350212;259864
165842;300777;311377
165843;360587;258945
165844;381836;327691
165845;375294;256936
165846;366089;209197
165847;399525;330012
165848;388804;247102
165849;273935;292839
165850;375960;305310
165851;245396;268491
165852;242293;324091
165853;347079;246599
165854;330454;283542
165855;402344;301497
165856;311549;226484
165857;258308;299819
165858;318628;289245
165859;295407;283987
165860;359412;253338
165861;379864;299250
165862;393459;253314
165863;396266;316043
165864;306863;243350
165865;253094;277716
165866;338433;326802
165867;335378;352417
165868;360334;245395
165869;362380;279031
165870;266021;299831
165871;291720;309307
165872;363324;230682
165873;245473;283743
165874;321328;296148
165875;293334;331761
165876;275532;238586
165877;403434;310572
165878;253130;322605
165879;273987;305786
165880;311126;310055
165881;318504;331328
165882;386514;326909
165883;384737;300663
165884;367068;303529
165885;303812;298772
165886;265470;323177
165887;322724;322268
165888;295652;292843
165889;367919;246037
165890;330659;324215
165891;289788;275072
165892;260938;280893
165893;344866;250055
165894;377692;292758
165895;307354;277318
165896;356065;292855
165897;338780;279508
165898;317681;281512
165899;253295;306844
165900;393856;324935
165901;404620;323332
165902;271495;261998
165903;274107;287105
165904;405728;316346
165905;308354;265045
165906;349546;271968
165907;394189;291108
165908;269902;226613
165909;275318;282930
165910;375458;259053
165911;346618;319484
165912;293097;306813
165913;262608;232588
165914;400009;281174
165915;254327;232608
165916;397888;241743
165917;292146;274382
165918;379835;293814
165919;367619;236416
165920;269836;280345
165921;265450;299240
165922;393586;267277
165923;277503;351393
165924;336239;329300
165925;285414;321438
165926;375598;317531
165927;254750;327382
165928;341065;315059
165929;381013;341767
165930;311921;278761
165931;273703;330337
165932;264338;240459
165933;256909;237349
165934;327853;288349
165935;314347;273539
165936;335597;262569
165937;303972;305467
165938;336064;245194
165939;397753;297212
165940;274469;296023
165941;246550;282457
165942;251618;246201
165943;307687;298469
165944;401257;269562
165945;401888;317104
165946;269664;234835
165947;375479;297756
165948;383223;255691
165949;357903;274296
165950;402444;290615
165951;358869;275102
165952;329956;289741
165953;290972;303013
165954;379485;312369
165955;399927;256174
165956;381188;268106
165957;333523;297796
165958;312850;289804
165959;410717;222495
165960;321407;219900
165961;397370;304322
165962;282312;230577
165963;362470;252974
165964;314169;327473
165965;398671;313245
165966;241901;329592
165967;261099;282895
165968;379984;267994
165969;320501;286277
165970;381199;272666
165971;266876;288010
165972;279209;272346
165973;292319;253165
165974;266024;267105
165975;267251;302673
165976;358179;334496
165977;276818;246862
165978;259793;279570
165979;269886;272432
165980;257790;233011
165981;313543;205488
165982;314081;289955
165983;374556;250907
165984;274810;344921
165985;279585;281947
165986;322732;326607
165987;254254;288469
165988;370080;215528
165989;375496;295892
165990;314698;264178
165991;265904;277651
165992;320319;242167
165993;402990;341897
165994;303288;250948
165995;342090;349101
165996;300143;285886
165997;313042;306262
165998;346535;311226
165999;341390;262933
166000;348451;275460
166001;332521;267683
166002;375944;291794
166003;352384;303410
166004;243339;306142
166005;283400;302349
166006;291238;234361
166007;388970;292558
166008;276934;296610
166009;305438;301479
166010;290685;273924
166011;382863;229890
166012;303719;278957
166013;379070;259801
166014;278652;280373
166015;363952;332763
166016;303500;288788
166017;332478;289560
166018;398644;328221
166019;278460;278209
166020;259320;294634
166021;284720;313629
166022;293762;260097
166023;334954;244336
166024;253185;236234
166025;253931;268559
166026;374109;281965
166027;392956;328550
166028;370976;275590
166029;314516;270829
166030;288537;263977
166031;254628;256455
166032;343528;221739
166033;374111;265617
166034;349145;289362
166035;246034;312042
166036;280530;269979
166037;295782;252892
166038;294424;282818
166039;299042;255780
166040;355337;317469
166041;331602;301267
166042;325008;229745
166043;316284;260885
166044;262534;264358
166045;290600;244633
166046;251887;323490
166047;332854;314023
166048;382325;290539
166049;401380;273181
166050;389845;328874
166051;276494;269047
166052;388729;297656
166053;339765;331761
166054;380715;316477
166055;322540;357132
166056;341788;243560
166057;400887;239100
166058;359481;282325
166059;309519;269678
166060;276218;268320
166061;312080;284651
166062;273959;330248
166063;393804;263154
166064;391101;261020
166065;241705;241748
166066;341127;333014
166067;399077;248625
166068;249869;332047
166069;244104;273165
166070;328091;222597
166071;270519;241001
166072;375225;284730
166073;388957;328233
166074;362427;259532
166075;335101;296874
166076;335999;309171
166077;274746;245840
166078;290286;266936
166079;355330;265038
166080;291933;280610
166081;356270;286191
166082;404560;278442
166083;322932;280057
166084;304357;268668
166085;270857;274780
166086;373466;307390
166087;284909;230348
166088;389120;273968
166089;303632;316977
166090;338986;300985
166091;276795;267162
166092;397037;296771
166093;270930;291339
166094;243508;332926
166095;359414;254542
166096;311120;321221
166097;367237;282683
166098;270090;274982
166099;275840;252009
166100;340042;318598
166101;352361;326530
166102;318608;334659
166103;366212;249354
166104;297414;272791
166105;402121;260368
166106;496490;317188
166107;448229;318116
166108;472710;247497
166109;422739;275149
166110;556097;283731
166111;381561;304646
166112;613607;244868
166113;408811;288097
166114;545100;226022
166115;568464;271161
166116;428697;266552
166117;601629;259659
166118;526160;309871
166119;453699;309996
166120;495696;344077
166121;503228;274377
166122;497554;251601
166123;428748;230165
166124;601587;308370
166125;415245;283155
166126;613609;253828
166127;573010;288705
166128;459351;287670
166129;569451;282696
166130;417292;267513
166131;467756;271529
166132;405520;263423
166133;500982;299550
166134;576587;270310
166135;458132;218531
166136;429410;273911
166137;593370;242915
166138;535933;273882
166139;404550;304900
166140;440496;309642
166141;469874;326853
166142;375200;340362
166143;479600;317080
166144;461981;306345
166145;515588;305720
166146;559241;232346
166147;557613;258980
166148;504957;236784
166149;470338;280020
166150;604679;275685
166151;503751;267815
166152;457861;302971
166153;412584;311689
166154;402869;260152
166155;410939;228042
166156;516969;305406
166157;415352;244046
166158;413317;315039
166159;412706;246875
166160;556740;249295
166161;521855;317764
166162;551604;211908
166163;445940;284517
166164;406462;245376
166165;556614;315848
166166;398373;295896
166167;400951;277461
166168;574509;329590
166169;440114;241945
166170;394290;292832
166171;407232;224014
166172;569927;310985
166173;533015;270269
166174;397878;229532
166175;465677;251537
166176;384542;315429
166177;461895;234207
166178;588817;244989
166179;421075;228188
166180;411715;308382
166181;494685;323328
166182;398446;336534
166183;488830;261632
166184;515055;279933
166185;520566;214737
166186;434933;281094
166187;533242;255475
166188;539479;338926
166189;406240;251792
166190;413788;286076
166191;565544;285315
166192;485325;273757
166193;537159;294347
166194;527372;224464
166195;617194;265978
166196;425396;310254
166197;492595;303408
166198;534037;301684
166199;374798;297042
166200;588719;241751
166201;419113;209612
166202;512587;310832
166203;508608;264912
166204;593574;257396
166205;419661;312531
166206;498930;251990
166207;402469;270030
166208;606135;303446
166209;423570;325714
166210;401007;323743
166211;398138;251756
166212;581201;278547
166213;401860;256008
166214;524484;255653
166215;589931;245546
166216;477674;302961
166217;465430;257866
166218;467299;228093
166219;463730;311599
166220;403614;251019
166221;466164;251017
166222;572434;254213
166223;469556;264223
166224;457628;311314
166225;471268;342429
166226;391321;259112
166227;510729;320694
166228;554519;230485
166229;578749;304687
166230;527373;297918
166231;540466;255462
166232;549849;326434
166233;464370;236732
166234;507952;291716
166235;427029;296371
166236;456670;241115
166237;438429;288615
166238;382058;264129
166239;483497;256462
166240;493521;283459
166241;463111;257587
166242;600807;231004
166243;447103;281384
166244;474499;260750
166245;490073;249765
166246;504586;295167
166247;405924;315083
166248;540916;299903
166249;601751;342900
166250;613330;314259
166251;549139;312256
166252;458819;209215
166253;517393;299846
166254;506047;318877
166255;513885;276006
166256;407327;259478
166257;605789;225353
166258;574007;265010
166259;522056;310765
166260;427773;235040
166261;636317;286996
166262;378171;253331
166263;500401;248354
166264;408356;247583
166265;548138;306183
166266;489478;287085
166267;445526;284687
166268;586998;267393
166269;397828;265350
166270;507019;280189
166271;469433;316923
166272;558157;332423
166273;422939;322875
166274;444784;320279
166275;583137;264251
166276;426259;231892
166277;461339;256023
166278;428707;287918
166279;618833;338488
166280;473860;293985
166281;567536;231059
166282;497914;226200
166283;462666;308694
166284;538606;289258
166285;407281;343065
166286;570843;249887
166287;414740;272168
166288;575821;228442
166289;534909;211903
166290;461364;303347
166291;545144;273738
166292;536306;238407
166293;455485;254182
166294;508719;223032
166295;580277;322132
166296;517300;282852
166297;551251;245977
166298;550590;302249
166299;497495;248136
166300;438381;307159
166301;562427;243817
166302;445384;220361
166303;584597;272898
166304;405030;290459
166305;594064;330530
166306;614543;214509
166307;516163;302220
166308;512124;271913
166309;488478;358137
166310;560552;289297
166311;575032;296905
166312;528382;312763
166313;479278;265130
166314;621228;321812
166315;487519;262692
166316;482806;278134
166317;445360;227190
166318;541368;255638
166319;594348;274533
166320;502683;294909
166321;454693;343617
166322;447266;312425
166323;612598;314694
166324;380141;347337
166325;596441;289410
166326;571758;287942
166327;418273;297137
166328;612320;275187
166329;477481;332102
166330;426549;273756
166331;421042;316035
166332;535196;244707
166333;616330;293759
166334;578449;267247
166335;617188;279726
166336;429963;249449
166337;436853;265324
166338;575785;325983
166339;498743;290435
166340;397916;267562
166341;608547;246858
166342;553022;257055
166343;584244;298574
166344;535569;260485
166345;458207;289259
166346;596966;299424
166347;553524;262507
166348;410923;259967
166349;541590;301089
166350;536818;269190
166351;495933;253152
166352;440456;278474
166353;519504;288142
166354;454057;244374
166355;596112;262530
166356;550389;281714
166357;603415;326578
166358;544197;253501
166359;468408;291527
166360;430704;313556
166361;495194;229912
166362;486246;260938
166363;465268;308793
166364;470359;239277
166365;503100;263054
166366;456426;248063
166367;413503;312198
166368;533518;245435
166369;485710;317123
166370;473227;230011
166371;496610;272970
166372;465237;350008
166373;431229;242139
166374;515376;305630
166375;493821;321943
166376;543404;222896
166377;591623;277438
166378;531252;292123
166379;533639;296625
166380;382945;312191
166381;414843;257538
166382;435537;281945
166383;501930;223459
166384;532277;289364
166385;486199;224565
166386;469708;282119
166387;390028;238458
166388;374368;322263
166389;475602;345253
166390;464565;327085
166391;517363;308154
166392;441994;234520
166393;479310;239449
166394;522106;224289
166395;570127;286105
166396;432497;276512
166397;427124;275275
166398;554915;293128
166399;372768;249178
166400;473515;228096
166401;546697;281025
166402;431339;252647
166403;418602;267664
166404;525269;321102
166405;604491;234071
166406;402061;276391
166407;474282;304659
166408;502560;248836
166409;380523;254121
166410;443491;333605
166411;452774;266500
166412;444910;253721
166413;530135;252543
166414;419453;303331
166415;395712;205718
166416;555224;220555
166417;395347;224140
166418;454377;299265
166419;492759;238592
166420;614431;319199
166421;458172;222340
166422;588711;320880
166423;461393;308208
166424;596374;333182
166425;667946;283690
166426;498975;310042
166427;518508;303548
166428;509057;277351
166429;630668;299628
166430;452558;262652
166431;510695;321655
166432;642382;261803
166433;416376;272964
166434;462853;226783
166435;418458;285972
166436;435731;222015
166437;575873;310185
166438;572655;288794
166439;456171;327949
166440;616221;317051
166441;451440;364535
166442;541076;234877
166443;593168;268467
166444;676421;309932
166445;415130;318872
166446;550843;221745
166447;582792;256698
166448;454375;292174
166449;447832;277655
166450;671032;302464
166451;649318;314560
166452;564829;315031
166453;466023;237804
166454;424566;296663
166455;422273;261603
166456;500769;323880
166457;522820;261704
166458;514117;265591
166459;535323;268319
166460;427377;290126
166461;588225;275517
166462;432871;267775
166463;620522;263902
166464;566134;277713
166465;525119;291068
166466;529050;288658
166467;542586;278734
166468;500455;215137
166469;527162;249498
166470;553445;298000
166471;537771;318446
166472;549447;323242
166473;602005;310089
166474;516519;312269
166475;766148;291645
166476;545844;267652
166477;659736;330369
166478;492180;347415
166479;567596;255657
166480;673994;241585
166481;455846;261431
166482;410462;254346
166483;495406;294945
166484;573678;296793
166485;659073;317044
166486;520202;240654
166487;474710;290667
166488;589519;216584
166489;687680;223430
166490;574675;275720
166491;668849;318417
166492;678560;254483
166493;653736;310991
166494;636695;284078
166495;579807;322793
166496;683432;277081
166497;577155;257867
166498;427202;275494
166499;561288;273506
166500;664520;327765
166501;482074;272258
166502;473431;260579
166503;609262;300213
166504;570430;278016
166505;599636;274369
166506;438869;278971
166507;550334;325347
166508;582680;300291
166509;649207;281972
166510;529693;275397
166511;638900;309391
166512;417015;257275
166513;552586;236527
166514;544441;295860
166515;633901;254079
166516;467782;289383
166517;730133;247280
166518;582897;223172
166519;568751;225740
166520;568791;236795
166521;577312;279299
166522;540410;329687
166523;414522;297357
166524;665129;265506
166525;421048;319281
166526;479807;263307
166527;652567;290649
166528;481271;250825
166529;670582;293019
166530;408644;258936
166531;494270;240365
166532;621753;344841
166533;473582;257521
166534;490580;327526
166535;589471;227584
166536;448636;278734
166537;477490;239679
166538;476152;321523
166539;534079;248208
166540;654129;289963
166541;582646;342195
166542;418794;304683
166543;479667;273305
166544;536719;310715
166545;422671;277308
166546;435158;329552
166547;535201;284955
166548;645515;308164
166549;510668;307432
166550;456927;256125
166551;621123;302062
166552;631580;313705
166553;521800;261900
166554;608679;247758
166555;481510;325450
166556;586996;234175
166557;585796;295324
166558;484364;310703
166559;468217;293237
166560;520335;276339
166561;417782;268350
166562;522389;323253
166563;579092;282974
166564;525896;302976
166565;619917;301990
166566;425892;270438
166567;561371;271154
166568;513937;250704
166569;466383;280922
166570;529474;263095
166571;589541;310516
166572;519747;298560
166573;496309;300313
166574;561412;284130
166575;496405;249582
166576;594394;286078
166577;514472;345233
166578;444109;251651
166579;561865;337550
166580;573901;322162
166581;431491;225365
166582;537145;293282
166583;422371;284844
166584;494415;244712
166585;474385;318127
166586;491017;272522
166587;514466;280158
166588;504699;284227
166589;572947;310470
166590;538248;310539
166591;407182;330926
166592;532406;295582
166593;631738;302507
166594;495759;257823
166595;472063;252446
166596;553149;275608
166597;560612;273019
166598;648639;250430
166599;434686;355887
166600;647654;319785
166601;583442;266425
166602;638208;297786
166603;418875;328799
166604;488732;277680
166605;532521;256715
166606;514250;206025
166607;530240;293466
166608;436272;293769
166609;595307;277657
166610;516977;342426
166611;471423;322038
166612;532166;232004
166613;469713;304185
166614;541644;272438
166615;604135;221961
166616;578699;251851
166617;427516;315605
166618;450974;284825
166619;619961;254690
166620;628788;297585
166621;506012;318121
166622;523031;260707
166623;614762;310223
166624;672621;226176
166625;571243;207554
166626;560428;320013
166627;474043;295283
166628;411438;273368
166629;604446;218755
166630;511795;232912
166631;561622;257276
166632;582486;310778
166633;532612;282555
166634;648093;240770
166635;424903;329649
166636;606545;208359
166637;629970;325590
166638;504374;301220
166639;646037;292781
166640;539984;259654
166641;630486;307537
166642;610662;272713
166643;458640;269936
166644;444603;263098
166645;459981;266193
166646;433477;280667
166647;449070;256482
166648;469513;248312
166649;417881;280957
166650;562329;231813
166651;552739;253831
166652;424704;259466
166653;629183;281775
166654;519401;318156
166655;681368;230082
166656;563820;288766
166657;561650;282037
166658;419567;256016
166659;568261;301500
166660;432738;317206
166661;654672;297357
166662;464643;301049
166663;563012;287196
166664;661297;307453
166665;509074;251149
166666;637236;239699
166667;542596;285673
166668;514397;318001
166669;409655;246660
166670;421635;257549
166671;535013;286331
166672;661972;255522
166673;427993;290016
166674;659297;293627
166675;630108;359351
166676;591718;289800
166677;652795;271842
166678;603050;288509
166679;600594;340722
166680;668774;251494
166681;490329;320076
166682;678499;280546
166683;648458;239724
166684;630338;254829
166685;601076;280160
166686;538636;297882
166687;660725;232552
166688;628465;325365
166689;648533;272908
166690;455293;283573
166691;649114;264176
166692;504551;254086
166693;655118;317212
166694;457386;288998
166695;423238;254639
166696;486061;246765
166697;549818;313559
166698;595652;275019
166699;475057;292657
166700;578964;294830
166701;442357;300475
166702;575548;313611
166703;621500;312738
166704;555836;256737
166705;620964;301159
166706;622785;227819
166707;578144;242370
166708;532177;296921
166709;421740;299949
166710;522690;255043
166711;597508;317112
166712;560497;237575
166713;475417;277944
166714;547914;270925
166715;499962;251478
166716;560490;269427
166717;448034;276416
166718;421909;242439
166719;594299;293834
166720;604817;251181
166721;443086;312412
166722;580271;321576
166723;627977;301346
166724;512214;268713
166725;526911;270344
166726;474511;283739
166727;441846;290927
166728;648298;219890
166729;542936;288297
166730;606097;284732
166731;405567;344847
166732;655320;255365
166733;408204;341903
166734;641141;300482
166735;413345;237044
166736;412830;253350
166737;596056;229436
166738;676411;263982
166739;645237;262515
166740;567138;249549
166741;621633;216470
166742;429365;281378
166743;460236;261022
166744;486678;276615
166745;474875;319744
166746;501007;287951
166747;428310;255093
166748;413994;344720
166749;648606;320185
166750;501330;231012
166751;501637;236397
166752;417315;284049
166753;574281;318719
166754;412537;333066
166755;454228;303082
166756;566881;311401
166757;669195;325902
166758;448292;245257
166759;523591;252970
166760;532629;249407
166761;615405;256366
166762;417137;334431
166763;629588;255344
166764;486390;241517
166765;481272;301776
166766;478364;292298
166767;338855;316572
166768;326085;243126
166769;374213;278325
166770;372129;328017
166771;425298;337365
166772;302350;328975
166773;355877;308235
166774;396688;323200
166775;327810;329781
166776;349250;314808
166777;426586;259326
166778;468874;296766
166779;469572;242316
166780;358756;281863
166781;451240;245401
166782;408061;245909
166783;319595;270546
166784;481529;261796
166785;462157;293193
166786;456519;252473
166787;479484;316771
166788;341270;285313
166789;296388;286518
166790;401333;302273
166791;441779;237458
166792;386197;302953
166793;368410;280960
166794;443342;326936
166795;330450;260626
166796;387340;287872
166797;419482;307174
166798;374440;235843
166799;323153;297113
166800;481406;297216
166801;441928;281257
166802;466890;254797
166803;464773;275596
166804;304325;271331
166805;398441;273580
166806;333216;311189
166807;410447;324559
166808;314950;254260
166809;315545;322028
166810;427775;299537
166811;440400;349154
166812;484479;320323
166813;401615;252797
166814;385753;287878
166815;402941;330496
166816;293858;289935
166817;370666;325353
166818;309587;234382
166819;367023;280530
166820;411501;268217
166821;327457;300112
166822;367637;254581
166823;270571;287793
166824;329303;311797
166825;429109;227985
166826;305076;273359
166827;462357;277554
166828;461952;255565
166829;385845;249193
166830;359739;299375
166831;294763;290740
166832;389565;270428
166833;380535;250861
166834;402451;314313
166835;422248;254399
166836;294616;271175
166837;405869;311556
166838;422226;243259
166839;436326;275667
166840;376516;287832
166841;321173;261234
166842;298185;250916
166843;304083;319523
166844;396565;227221
166845;382811;333701
166846;416743;275767
166847;457207;287286
166848;330047;325242
166849;311089;299430
166850;403055;284514
166851;375358;309799
166852;427087;250567
166853;434816;300040
166854;406529;267437
166855;444451;310860
166856;406211;270638
166857;448621;321865
166858;467432;258677
166859;453177;266727
166860;475439;297096
166861;291702;317625
166862;458993;302310
166863;422539;284906
166864;325697;260582
166865;356641;278196
166866;417211;294407
166867;368799;302583
166868;314376;318613
166869;314484;234965
166870;484538;246857
166871;482817;250667
166872;440149;297771
166873;425566;275945
166874;452012;222995
166875;328110;323820
166876;411137;297882
166877;401878;291317
166878;314583;288959
166879;363499;254037
166880;437218;294130
166881;364495;290115
166882;429599;277139
166883;340044;245634
166884;405224;248719
166885;398586;336645
166886;355082;296862
166887;416537;267856
166888;273544;305150
166889;372589;264214
166890;352609;331535
166891;336529;247982
166892;384035;325961
166893;316785;261069
166894;467170;256642
166895;312379;248810
166896;323685;279294
166897;343416;293563
166898;417811;287473
166899;472470;293172
166900;422867;265647
166901;395901;321420
166902;476153;304066
166903;415447;275330
166904;435407;264643
166905;419630;261964
166906;354165;336520
166907;419440;295264
166908;476930;309371
166909;387679;265418
166910;451818;249391
166911;470370;291375
166912;410940;290392
166913;455814;242316
166914;420655;227890
166915;482834;303681
166916;430652;299113
166917;471519;305622
166918;319625;306485
166919;352346;256725
166920;310419;310077
166921;468554;259594
166922;440786;263753
166923;293609;260284
166924;407225;299125
166925;450193;332850
166926;468469;281344
166927;412352;235939
166928;472840;315622
166929;404173;245419
166930;431197;349433
166931;441431;301401
166932;313256;302578
166933;378573;272314
166934;483656;282260
166935;403566;323910
166936;387096;242111
166937;446852;298591
166938;480055;233906
166939;398321;209726
166940;344667;301784
166941;435177;232122
166942;336116;275784
166943;336159;272908
166944;393596;321822
166945;363725;322896
166946;302987;217541
166947;366283;233318
166948;390599;264356
166949;425240;350798
166950;464377;317525
166951;398790;244997
166952;373597;321061
166953;427803;229091
166954;412756;267551
166955;394482;292119
166956;442544;283825
166957;444944;303041
166958;380132;272576
166959;444679;287082
166960;365671;280692
166961;399208;260378
166962;468168;264029
166963;300301;299218
166964;311226;235734
166965;377989;300923
166966;290770;298923
166967;478133;242538
166968;447278;252555
166969;482955;288757
166970;385309;336770
166971;475873;230729
166972;466736;333764
166973;297400;300050
166974;452248;275778
166975;377914;257911
166976;395451;223332
166977;385390;283797
166978;463416;314131
166979;457982;319555
166980;393132;288263
166981;350630;252200
166982;365903;225422
166983;402392;270599
166984;423776;321209
166985;336589;274416
166986;470743;301791
166987;458624;308496
166988;297602;330331
166989;382274;283109
166990;349941;277335
166991;477671;240375
166992;468976;309423
166993;322225;292567
166994;484063;296274
166995;389874;251863
166996;328560;266523
166997;355779;322525
166998;399878;252833
166999;309333;305123
167000;360769;319247
167001;333857;314743
167002;359838;277335
167003;323766;236687
167004;297117;210195
167005;467354;327155
167006;312791;286738
167007;473732;256863
167008;444038;310813
167009;467345;283473
167010;313736;300800
167011;469200;271591
167012;449688;298127
167013;365214;255554
167014;442013;281105
167015;295169;241908
167016;300458;270480
167017;399341;257677
167018;312912;263349
167019;351910;300704
167020;335538;227660
167021;294218;280606
167022;384508;224324
167023;400169;289402
167024;419964;297231
167025;300883;255603
167026;449796;227809
167027;377084;279934
167028;356004;237433
167029;355989;296114
167030;344936;269488
167031;422527;293521
167032;414800;321766
167033;305387;324079
167034;476424;307984
167035;318833;322486
167036;310054;265674
167037;412906;278192
167038;401684;330382
167039;380657;212358
167040;412432;267794
167041;373636;317839
167042;352875;254591
167043;397395;246808
167044;464874;221120
167045;480569;307155
167046;355472;238537
167047;311593;325322
167048;320468;313071
167049;300012;319810
167050;413057;284461
167051;379944;220693
167052;323340;264773
167053;333513;278959
167054;384270;313007
167055;447932;253120
167056;377864;246250
167057;472401;290457
167058;302533;268650
167059;459847;287338
167060;363381;275713
167061;417546;296117
167062;350925;253981
167063;408556;263879
167064;295378;221482
167065;361387;293318
167066;457795;305951
167067;341516;293961
167068;349066;336298
167069;381008;288555
167070;315769;284349
167071;424193;289829
167072;422949;281311
167073;340231;291524
167074;416366;227668
167075;433818;273754
167076;324314;349605
167077;462432;272195
167078;443834;293547
167079;304806;305174
167080;382315;228294
167081;466335;242867
167082;305707;267743
167083;456817;341566
167084;343739;262627
167085;384107;282219
167086;349673;234564
167087;425552;255928
167088;335768;295403
167089;455292;246370
167090;345387;261250
167091;409637;255088
167092;317892;247756
167093;379032;308816
167094;383530;254765
167095;447943;325513
167096;303776;311316
167097;464015;245848
167098;295083;246815
167099;418421;246030
167100;270045;339436
167101;418878;258839
167102;295296;298815
167103;351925;283301
167104;307186;257451
167105;300092;267173
167106;428311;243075
167107;297621;250110
167108;365725;318655
167109;322744;266206
167110;373391;264301
167111;455532;244852
167112;332877;308943
167113;320379;311020
167114;485701;349740
167115;364321;220962
167116;384227;282151
167117;441397;243575
167118;352943;237878
167119;456524;306650
167120;395943;263964
167121;450159;237321
167122;381700;313015
167123;431304;293537
167124;305209;319545
167125;466426;321973
167126;424952;301210
167127;281236;313674
167128;294592;259705
167129;392350;219513
167130;333017;288219
167131;408917;261204
167132;303488;320936
167133;466440;295809
167134;397007;228215
167135;319759;300231
167136;293809;308506
167137;486024;276995
167138;478638;324879
167139;395655;263181
167140;353129;275429
167141;296309;327369
167142;364611;226573
167143;444741;241928
167144;347172;243149
167145;405547;314991
167146;472254;286965
167147;373807;351714
167148;326507;303878
167149;463253;278468
167150;388723;255815
167151;349784;293425
167152;353327;286979
167153;391506;323103
167154;492073;281649
167155;353962;304871
167156;449381;299004
167157;469607;235169
167158;435189;247005
167159;502479;275281
167160;402170;242862
167161;454770;317329
167162;429916;332207
167163;407120;305882
167164;543011;272680
167165;347140;253671
167166;430940;245669
167167;525564;209310
167168;343062;284516
167169;476310;297899
167170;389421;255152
167171;456184;233667
167172;483989;237033
167173;470105;281961
167174;485289;300034
167175;498525;247001
167176;504428;231482
167177;512406;249221
167178;487725;329718
167179;423983;294343
167180;469076;303021
167181;364810;269299
167182;373552;297634
167183;492351;264797
167184;386797;275661
167185;491641;269894
167186;542823;328851
167187;503999;291969
167188;421442;263571
167189;336462;292734
167190;369262;304194
167191;445413;249251
167192;525717;295400
167193;407006;262039
167194;521458;281848
167195;441541;335197
167196;479904;304247
167197;403732;245685
167198;357979;303140
167199;400761;294765
167200;479835;240382
167201;419595;289194
167202;345041;255486
167203;435233;281935
167204;423182;216511
167205;382125;273259
167206;500630;288196
167207;504839;316258
167208;410208;289291
167209;444042;276798
167210;436245;304633
167211;475517;288380
167212;492308;291362
167213;548051;261705
167214;422726;272325
167215;404614;254417
167216;413480;291017
167217;322181;284537
167218;540866;294696
167219;353622;287430
167220;548490;290869
167221;354511;314437
167222;537382;280188
167223;496124;277956
167224;430586;279686
167225;340174;252983
167226;399431;218903
167227;475412;214732
167228;417789;325323
167229;388973;277220
167230;463839;246967
167231;440786;295426
167232;374561;325100
167233;483992;295246
167234;476107;267631
167235;367661;270897
167236;503887;333222
167237;347427;308787
167238;436356;282902
167239;370351;355477
167240;504495;268195
167241;386993;258185
167242;377090;308227
167243;473415;275590
167244;405648;253926
167245;367552;288047
167246;370142;287380
167247;330304;272014
167248;364846;310668
167249;529855;249041
167250;489486;283464
167251;457645;307103
167252;537009;344625
167253;406727;283564
167254;480435;321267
167255;531915;291137
167256;521613;265515
167257;518262;285112
167258;498028;313392
167259;431719;307791
167260;359813;255326
167261;464484;305118
167262;374648;252448
167263;467723;301170
167264;292742;278436
167265;548602;267485
167266;484791;313484
167267;332929;320768
167268;540514;312610
167269;486220;272622
167270;515570;247818
167271;475663;249006
167272;516088;240953
167273;515410;292188
167274;406061;299302
167275;497668;229603
167276;463277;313171
167277;495438;298093
167278;369879;294238
167279;490694;307822
167280;415126;313635
167281;482051;244052
167282;379534;302903
167283;488792;275427
167284;485917;310132
167285;485941;228342
167286;536954;302084
167287;491819;317260
167288;428994;273583
167289;348730;267138
167290;519001;225854
167291;532557;277023
167292;452280;274769
167293;485852;270516
167294;433759;287234
167295;414347;226473
167296;366355;254301
167297;387146;293792
167298;418974;300569
167299;511179;263776
167300;474621;320246
167301;352105;292085
167302;403636;243807
167303;430355;288924
167304;450256;302428
167305;337597;233671
167306;335498;259236
167307;404192;247286
167308;377760;312308
167309;303756;275496
167310;529789;283464
167311;421062;300332
167312;388904;269757
167313;485758;233659
167314;468279;292112
167315;502728;233992
167316;455369;244188
167317;480338;298887
167318;422997;258626
167319;471978;263715
167320;403224;309273
167321;370763;277198
167322;408091;235975
167323;428388;265138
167324;531766;236794
167325;502662;233096
167326;500970;317898
167327;520965;328457
167328;343590;317261
167329;485517;273418
167330;389673;273183
167331;376951;319967
167332;380376;262486
167333;416667;307680
167334;488796;315213
167335;485499;319495
167336;371551;243601
167337;497305;315136
167338;484444;334798
167339;476243;270670
167340;367427;260172
167341;461958;311750
167342;361465;297826
167343;346024;252353
167344;360323;303422
167345;545583;264670
167346;355525;284451
167347;346245;261963
167348;421353;322841
167349;359762;271508
167350;393642;330338
167351;531607;245579
167352;485888;318088
167353;466743;263867
167354;464682;217597
167355;395743;275485
167356;536978;259042
167357;386214;209939
167358;525704;226645
167359;448346;315854
167360;468299;296703
167361;477178;250023
167362;336822;293121
167363;381743;279666
167364;515675;311568
167365;449408;261912
167366;467805;278391
167367;512735;356964
167368;352843;223149
167369;550725;323617
167370;436866;216094
167371;368905;250888
167372;507291;212313
167373;339203;313987
167374;517758;321435
167375;488865;286485
167376;364787;318819
167377;360966;242690
167378;474539;269404
167379;517807;275310
167380;405661;280884
167381;410152;312484
167382;468523;259773
167383;495669;220547
167384;360719;219047
167385;437344;326927
167386;516618;293137
167387;340882;239554
167388;486020;323210
167389;484599;329159
167390;490964;276423
167391;421745;314359
167392;479049;274095
167393;519310;253590
167394;342278;265314
167395;470553;328667
167396;541792;276458
167397;438603;324653
167398;408101;303392
167399;519002;334791
167400;494323;269886
167401;403472;292068
167402;404439;327547
167403;493037;240657
167404;358114;238879
167405;531404;256462
167406;532075;323587
167407;337071;262485
167408;459256;240186
167409;475499;294796
167410;439037;250424
167411;404096;315027
167412;482347;292844
167413;513977;335613
167414;503678;245798
167415;373317;255356
167416;484944;263533
167417;517445;301312
167418;488213;323927
167419;296242;254227
167420;509730;325891
167421;549649;272062
167422;385692;217621
167423;390453;297471
167424;333494;313705
167425;517974;313938
167426;417700;290828
167427;332158;298337
167428;433654;335512
167429;436389;320114
167430;518899;346491
167431;551943;314803
167432;380611;263749
167433;499800;329831
167434;510075;293973
167435;382300;288127
167436;478837;298314
167437;334570;284918
167438;415937;291329
167439;358541;279336
167440;434603;333688
167441;438845;299495
167442;378749;291931
167443;526269;277170
167444;504936;299639
167445;376525;268602
167446;350192;314391
167447;393615;257575
167448;533159;256367
167449;541626;275839
167450;499320;274484
167451;413663;272038
167452;534380;296335
167453;534163;260176
167454;509336;279072
167455;337357;324374
167456;516507;251824
167457;474754;248492
167458;367922;229861
167459;513548;268296
167460;449620;324133
167461;451312;251848
167462;468196;244387
167463;520100;280768
167464;374242;311129
167465;513474;336921
167466;467214;276415
167467;529742;319177
167468;486937;291575
167469;420970;268786
167470;370767;278136
167471;540051;260913
167472;353950;217038
167473;445532;333096
167474;363513;289600
167475;489004;256089
167476;546879;257278
167477;394780;304765
167478;537873;278784
167479;429009;214577
167480;401787;289566
167481;402845;340945
167482;359557;324157
167483;348166;267190
167484;417480;258160
167485;394393;331333
167486;475551;287213
167487;403736;294198
167488;538726;280955
167489;362539;318010
167490;442494;257793
167491;420402;234910
167492;368921;307630
167493;405432;289595
167494;358078;275780
167495;469750;277463
167496;513730;281366
167497;521069;288559
167498;350771;255263
167499;426322;251168
167500;458594;270513
167501;477947;316878
167502;475893;277463
167503;509935;231086
167504;324875;293843
167505;228120;298791
167506;296402;288892
167507;293994;301437
167508;336610;315316
167509;355551;264496
167510;358527;320925
167511;290733;247239
167512;252885;306942
167513;290619;294062
167514;234687;256456
167515;350614;328017
167516;290848;343641
167517;288055;294836
167518;252609;287491
167519;284830;272652
167520;325002;281800
167521;250287;312159
167522;337581;248666
167523;274537;301603
167524;344176;309144
167525;383236;233020
167526;339761;335801
167527;285513;321020
167528;316875;312297
167529;264797;270112
167530;249519;298346
167531;251977;305659
167532;268873;280042
167533;241027;333462
167534;317343;324941
167535;340639;266236
167536;264788;270243
167537;237815;268894
167538;250256;329244
167539;360612;310316
167540;259205;354364
167541;278679;311527
167542;351123;321360
167543;268182;265580
167544;300127;286334
167545;259430;337510
167546;336886;266543
167547;326899;317157
167548;238351;267317
167549;350002;286888
167550;323779;238788
167551;371772;270888
167552;242454;244095
167553;326210;325873
167554;300840;313727
167555;336374;312718
167556;235460;300261
167557;338772;260669
167558;248689;340510
167559;339890;280418
167560;271804;301392
167561;360053;243114
167562;319422;244481
167563;372674;295143
167564;338353;303886
167565;318198;281919
167566;246761;304513
167567;268226;241608
167568;275017;232165
167569;350457;325695
167570;286841;301239
167571;324081;295218
167572;309395;313452
167573;365564;268346
167574;394848;320466
167575;246167;300076
167576;284695;318322
167577;281613;263225
167578;378335;311029
167579;265744;349950
167580;260208;314536
167581;343253;279471
167582;311910;232510
167583;326009;268510
167584;322684;236773
167585;244875;285591
167586;306839;257127
167587;297222;291180
167588;328244;226443
167589;260851;237305
167590;294712;230612
167591;288639;354768
167592;307542;319188
167593;241463;302863
167594;252551;247804
167595;364628;255397
167596;238276;254644
167597;343466;305366
167598;328851;257214
167599;230093;319144
167600;234326;317470
167601;290234;308999
167602;378497;318842
167603;246875;227829
167604;384671;312198
167605;315154;286907
167606;321313;306239
167607;378143;238164
167608;293262;221110
167609;351283;327148
167610;325421;267623
167611;275936;333492
167612;243549;251360
167613;251754;214887
167614;301442;210001
167615;253580;294156
167616;316814;245936
167617;325338;301266
167618;338608;326333
167619;256104;346368
167620;327292;265307
167621;271295;310958
167622;320575;330787
167623;248486;249031
167624;367471;305307
167625;378956;280848
167626;287633;282115
167627;358962;282125
167628;344966;227716
167629;253198;247312
167630;253087;295286
167631;326271;324338
167632;291675;250771
167633;362929;242269
167634;268838;339481
167635;332451;287058
167636;267900;307312
167637;258141;284173
167638;306276;315332
167639;266106;265532
167640;359493;289858
167641;287695;232493
167642;377405;262294
167643;333808;280621
167644;324660;311130
167645;375068;275297
167646;374098;256938
167647;287018;225213
167648;363057;280590
167649;247386;276966
167650;288872;270887
167651;364370;302036
167652;356493;279222
167653;260415;324129
167654;263374;209188
167655;360532;235570
167656;302554;297307
167657;260159;311239
167658;344467;314708
167659;268318;216028
167660;300220;226013
167661;305942;327876
167662;305041;264846
167663;274327;328071
167664;276098;289722
167665;369487;253352
167666;378242;248833
167667;349369;297667
167668;327352;311042
167669;354333;289714
167670;350892;333004
167671;346267;287770
167672;322425;306941
167673;324144;273698
167674;285447;351608
167675;261494;280623
167676;357150;351470
167677;310627;266885
167678;340281;259752
167679;347465;249273
167680;318689;246313
167681;252486;342331
167682;360526;260739
167683;309905;282683
167684;265359;248457
167685;327625;282416
167686;349335;242220
167687;309931;262203
167688;244199;232833
167689;305667;259849
167690;263779;266918
167691;379784;309359
167692;277044;262108
167693;348207;263961
167694;271191;252886
167695;275631;279674
167696;377621;329187
167697;339809;233867
167698;322812;280337
167699;353846;224298
167700;329681;342753
167701;244125;313509
167702;286554;249214
167703;292036;258937
167704;244774;290696
167705;321749;254077
167706;263981;267620
167707;268280;211397
167708;229804;239080
167709;362710;254685
167710;377300;264702
167711;311059;349447
167712;350084;295545
167713;241900;286761
167714;238340;230444
167715;272925;286263
167716;260272;291565
167717;237420;285590
167718;282922;233621
167719;268767;299368
167720;271300;213844
167721;297818;270360
167722;245466;270316
167723;375728;287268
167724;313719;266155
167725;315552;231043
167726;258478;298508
167727;364080;214229
167728;307199;320128
167729;324364;274694
167730;281332;239943
167731;286432;293573
167732;289107;292629
167733;264612;286140
167734;310847;279261
167735;234239;296931
167736;304211;264430
167737;320487;283749
167738;371509;346485
167739;248330;297615
167740;321726;274772
167741;287281;320602
167742;237859;247606
167743;235379;335257
167744;227718;322889
167745;353111;283487
167746;358446;320337
167747;352181;265119
167748;365296;275189
167749;233366;278891
167750;354219;312344
167751;267632;311972
167752;372711;293311
167753;274358;313101
167754;244777;289432
167755;243395;346758
167756;289599;274281
167757;339875;293026
167758;362834;322355
167759;438154;318126
167760;295973;341449
167761;320506;280791
167762;271585;305505
167763;371418;235650
167764;316827;314168
167765;334548;240657
167766;256593;266316
167767;325708;280803
167768;379948;211254
167769;302774;308725
167770;236877;338870
167771;367504;248436
167772;264929;224764
167773;321651;318787
167774;323130;338952
167775;284270;249634
167776;327182;228219
167777;260024;298014
167778;240266;278068
167779;307008;227842
167780;255010;285663
167781;255088;342276
167782;309454;326002
167783;296931;272042
167784;374306;270942
167785;341356;232463
167786;337800;271789
167787;342383;265040
167788;267998;328074
167789;274864;299403
167790;277684;216092
167791;237751;342344
167792;365839;334064
167793;318033;201760
167794;248343;268538
167795;269595;260430
167796;304337;312345
167797;334541;314375
167798;243248;254518
167799;360263;304212
167800;271815;246887
167801;345879;262078
167802;310604;234348
167803;320521;322987
167804;319176;259613
167805;246756;278049
167806;305782;242236
167807;236357;241850
167808;276025;232273
167809;287502;258933
167810;322669;246670
167811;336181;250567
167812;313212;317467
167813;233340;261378
167814;337549;313873
167815;292109;276660
167816;311095;290152
167817;349371;285517
167818;380055;317259
167819;266653;242344
167820;304864;270549
167821;255784;293935
167822;371080;273687
167823;235684;257242
167824;257768;284795
167825;255609;220132
167826;275365;241362
167827;291008;303950
167828;377226;248804
167829;320670;244806
167830;327359;261557
167831;279967;240585
167832;268521;271644
167833;355420;243407
167834;369643;307522
167835;258743;260725
167836;378619;290148
167837;314450;264603
167838;257898;287066
167839;253430;298464
167840;344012;235722
167841;254795;281130
167842;360165;305047
167843;349999;298134
167844;374208;257118
167845;293942;347536
167846;244486;268799
167847;305438;279014
167848;262708;207671
167849;273264;339674
167850;299112;261606
167851;249633;243173
167852;355756;313131
167853;332235;264311
167854;358680;281264
167855;354652;268755
167856;320556;306260
167857;356321;344401
167858;230094;245959
167859;301788;311140
167860;310408;260958
167861;305113;274865
167862;290986;298240
167863;254126;309260
167864;282112;282767
167865;323605;221225
167866;359749;291099
167867;378887;205388
167868;367653;312083
167869;346439;289882
167870;326637;331282
167871;378942;343237
167872;384479;260560
167873;367423;311450
167874;251464;294180
167875;266876;218505
167876;277746;252010
167877;313974;248566
167878;398857;260975
167879;398504;305563
167880;265808;263365
167881;293285;256831
167882;360390;340602
167883;277324;253454
167884;369754;301731
167885;279701;227539
167886;317296;308501
167887;359993;234612
167888;346259;297866
167889;287466;251172
167890;267835;260754
167891;278342;261031
167892;248551;309621
167893;276430;326477
167894;251680;271897
167895;385185;291533
167896;363597;291322
167897;397827;281563
167898;337464;254549
167899;352134;306880
167900;388220;308993
167901;250037;226857
167902;381049;249486
167903;300353;334155
167904;306549;223738
167905;244171;267222
167906;311484;264039
167907;396011;259481
167908;333517;302324
167909;325929;318716
167910;254436;281009
167911;286177;272970
167912;383526;284138
167913;270882;272700
167914;275955;263870
167915;363992;224209
167916;371641;289338
167917;390257;296431
167918;339117;336131
167919;332261;265033
167920;382930;280595
167921;347582;227932
167922;312893;285770
167923;400504;270818
167924;331195;306113
167925;321184;295735
167926;264617;309845
167927;286979;204972
167928;331274;287769
167929;296452;284091
167930;277196;282977
167931;396147;269254
167932;393146;234545
167933;348097;266792
167934;261888;303897
167935;245740;218178
167936;290406;317954
167937;251043;286130
167938;376606;234011
167939;271454;273024
167940;380735;273124
167941;296927;247092
167942;262537;315651
167943;350978;256691
167944;301690;246228
167945;283803;282136
167946;344761;313196
167947;339231;261676
167948;361868;321702
167949;398310;215773
167950;250032;306033
167951;401265;298721
167952;281481;281611
167953;297529;269704
167954;344158;271583
167955;346108;247475
167956;368950;238256
167957;323273;319800
167958;286630;231105
167959;272707;250829
167960;390775;247215
167961;330776;249921
167962;397203;253055
167963;338744;277994
167964;357382;257435
167965;266463;322313
167966;345884;290278
167967;369615;321455
167968;347857;276938
167969;318083;312047
167970;395442;246323
167971;243749;235021
167972;335008;272216
167973;390829;236994
167974;349097;264490
167975;368771;278973
167976;251344;335832
167977;262855;324110
167978;302810;252152
167979;382898;224688
167980;337684;248996
167981;347021;298735
167982;343849;265958
167983;244144;297506
167984;364377;257084
167985;352776;307539
167986;346758;296361
167987;278114;321622
167988;300969;275983
167989;252918;228386
167990;376069;279379
167991;253781;309387
167992;273574;312726
167993;341764;234342
167994;268772;297969
167995;299048;319152
167996;360713;288703
167997;338603;259303
167998;289200;291799
167999;290198;258523
168000;384722;309586
168001;315694;275865
168002;258681;298944
168003;304405;227154
168004;286749;299779
168005;351221;329755
168006;312466;304917
168007;258796;279026
168008;325372;331260
168009;301112;244884
168010;261896;232674
168011;384065;278611
168012;362453;303744
168013;252778;308781
168014;311970;219396
168015;352113;251733
168016;349000;258905
168017;249894;236410
168018;288389;290752
168019;323958;278202
168020;256168;330940
168021;347154;244827
168022;410710;319312
168023;259406;243249
168024;387500;299469
168025;367887;343052
168026;334193;253683
168027;303112;380647
168028;257643;255147
168029;297720;355379
168030;268096;314293
168031;264144;324028
168032;252088;278911
168033;297620;261278
168034;393710;295777
168035;280168;348058
168036;251507;258559
168037;359558;275710
168038;247153;312194
168039;364648;269891
168040;334502;334011
168041;365737;315635
168042;318226;285512
168043;286348;303335
168044;275840;267540
168045;323304;257851
168046;287579;284841
168047;264657;276957
168048;323186;238973
168049;298445;294859
168050;249593;253977
168051;246090;288368
168052;286705;270682
168053;295344;325738
168054;371237;311736
168055;383857;288855
168056;269102;278334
168057;312839;221351
168058;383758;298306
168059;337667;237667
168060;302079;226261
168061;255073;283532
168062;326313;300844
168063;387919;221144
168064;362914;336110
168065;279246;250460
168066;348544;306078
168067;388988;295466
168068;260960;326648
168069;364147;340710
168070;342749;287648
168071;269201;267014
168072;337777;274782
168073;370338;342226
168074;336540;306773
168075;345342;229470
168076;359322;247494
168077;347161;229499
168078;374490;286164
168079;318586;300489
168080;279999;329511
168081;263993;290469
168082;366085;329236
168083;349148;243731
168084;374419;301452
168085;310199;245154
168086;316402;298820
168087;282674;314657
168088;273359;222435
168089;316622;337104
168090;331324;332538
168091;367290;265283
168092;333939;236550
168093;358791;294785
168094;348532;315976
168095;348589;335791
168096;252366;326256
168097;367245;235691
168098;392367;290421
168099;277926;335209
168100;395348;262876
168101;317528;239454
168102;284875;214271
168103;334140;334058
168104;252711;308482
168105;305750;286906
168106;336657;300334
168107;388914;343614
168108;259218;252671
168109;243898;347655
168110;398732;229527
168111;253574;320284
168112;318709;303560
168113;344276;287521
168114;359307;321520
168115;345446;273550
168116;313021;267536
168117;379403;281044
168118;281594;284948
168119;260074;251809
168120;347915;320456
168121;379274;254270
168122;345776;255892
168123;264195;314987
168124;354942;252501
168125;299935;279878
168126;342604;348451
168127;263894;370537
168128;290730;296298
168129;344604;257545
168130;333318;324854
168131;308894;277831
168132;372946;302458
168133;316793;258409
168134;286020;358316
168135;283623;280002
168136;336228;253948
168137;399096;326066
168138;377292;298582
168139;355573;334639
168140;279629;223677
168141;390053;240953
168142;387086;208673
168143;263745;320188
168144;333268;290904
168145;290239;281309
168146;325879;320154
168147;244998;285396
168148;342703;330176
168149;317616;274998
168150;317518;229251
168151;273351;340640
168152;303338;348019
168153;396386;236900
168154;401390;290512
168155;292763;324340
168156;402081;284545
168157;250204;326643
168158;349339;303516
168159;354886;260247
168160;340826;305115
168161;372116;276591
168162;272049;263811
168163;297985;285243
168164;334786;303521
168165;341219;261715
168166;387899;247831
168167;359528;253860
168168;300655;302918
168169;393051;289348
168170;373919;289623
168171;356494;250184
168172;250753;315401
168173;402424;252290
168174;304353;329902
168175;337119;336115
168176;296380;261502
168177;345689;218293
168178;344482;257904
168179;356445;239561
168180;312972;305303
168181;286460;304480
168182;302215;233538
168183;270883;234771
168184;328729;326241
168185;383167;238735
168186;318065;258011
168187;250124;248633
168188;297482;287448
168189;249175;266850
168190;253166;262561
168191;380326;302912
168192;378181;303272
168193;717668;257391
168194;933319;238548
168195;544006;309470
168196;737623;332460
168197;891842;261205
168198;667907;282380
168199;916432;297419
168200;665105;238783
168201;898782;272982
168202;737836;229664
168203;926008;292282
168204;931686;303701
168205;980644;332668
168206;971306;261361
168207;975407;310803
168208;793484;263305
168209;965076;311985
168210;719807;235294
168211;775327;304195
168212;938277;301500
168213;914729;262188
168214;631724;299695
168215;803015;274376
168216;832161;292345
168217;991640;245221
168218;869240;253279
168219;931310;258767
168220;804695;289243
168221;998164;290964
168222;932891;259053
168223;719431;236575
168224;1007647;299485
168225;620617;280863
168226;942701;341804
168227;911809;341096
168228;805403;296185
168229;860375;259188
168230;1022541;287247
168231;891785;356152
168232;866293;214124
168233;821368;318082
168234;823921;243476
168235;675141;299874
168236;944896;288976
168237;604960;225001
168238;717529;258784
168239;724964;272281
168240;708194;301315
168241;1009378;247071
168242;729359;336167
168243;970396;262514
168244;1007467;338268
168245;801231;211078
168246;809051;279907
168247;677110;273675
168248;681502;225485
168249;627451;286899
168250;629058;269982
168251;873796;287089
168252;709720;269039
168253;703683;262700
168254;759072;334460
168255;694081;248397
168256;936816;333616
168257;973069;229719
168258;716392;254594
168259;911878;260002
168260;945792;295392
168261;821757;290681
168262;960951;285544
168263;823112;230026
168264;801324;300698
168265;898763;236713
168266;793044;323773
168267;744176;286508
168268;646074;299989
168269;863660;354303
168270;648741;272373
168271;725970;225073
168272;1023509;293640
168273;957278;286568
168274;865649;253067
168275;873553;253615
168276;970465;236104
168277;718457;294361
168278;995750;275227
168279;682699;254544
168280;763683;277972
168281;906811;262524
168282;746293;283161
168283;778416;235222
168284;643358;292834
168285;657602;325695
168286;702612;302722
168287;799252;313645
168288;715808;313697
168289;665603;317768
168290;745353;308274
168291;796822;255299
168292;742699;323177
168293;870085;218563
168294;785541;245912
168295;909136;324029
168296;616298;238592
168297;945188;259922
168298;740654;387031
168299;881801;240618
168300;816170;297354
168301;638443;281000
168302;630614;262572
168303;825820;245381
168304;873681;273971
168305;704244;241789
168306;775307;264618
168307;1009236;281142
168308;773520;306975
168309;641069;291414
168310;724473;316672
168311;658130;297840
168312;666997;313966
168313;832219;294645
168314;896738;303439
168315;965875;244846
168316;825516;260578
168317;854885;251501
168318;906142;265922
168319;947796;288327
168320;859921;290836
168321;948282;257290
168322;750629;263271
168323;649403;255012
168324;955681;315884
168325;991442;280056
168326;833557;278866
168327;725720;282243
168328;901636;295912
168329;938999;244778
168330;667243;286594
168331;867751;316237
168332;900300;321092
168333;773557;263383
168334;668647;244547
168335;703595;271747
168336;618066;258694
168337;798052;305064
168338;986265;312973
168339;615694;266591
168340;936238;319472
168341;843160;278092
168342;841841;291361
168343;811698;285307
168344;842418;289554
168345;1008583;266972
168346;1011607;301239
168347;751979;301449
168348;932509;332783
168349;643608;292976
168350;646449;311736
168351;993385;305095
168352;853858;269860
168353;709459;233459
168354;1032857;240965
168355;655092;338610
168356;651948;271647
168357;697354;256436
168358;617787;278442
168359;813133;214827
168360;963808;266709
168361;898962;320563
168362;910803;243520
168363;964008;259384
168364;785887;247422
168365;797814;251089
168366;686563;298668
168367;839372;265455
168368;945011;338128
168369;829299;279913
168370;745649;269965
168371;640844;330249
168372;1005286;208837
168373;958489;312990
168374;724592;289214
168375;796987;292730
168376;796057;299402
168377;883941;309120
168378;616791;307871
168379;813457;259380
168380;693734;279248
168381;630174;303587
168382;689047;235663
168383;964561;291354
168384;727693;225224
168385;697730;229736
168386;679129;282764
168387;672655;308669
168388;1015826;295433
168389;650668;262921
168390;707387;274863
168391;753811;263566
168392;732775;344195
168393;683534;244415
168394;797303;376117
168395;991974;282848
168396;721887;318521
168397;674556;266824
168398;801312;288189
168399;967929;309478
168400;1031209;331355
168401;701439;325619
168402;893903;367963
168403;664912;300373
168404;695181;308366
168405;632058;222736
168406;822481;271319
168407;627276;289761
168408;993929;312572
168409;1024333;262066
168410;907325;273660
168411;803666;284381
168412;1023218;274775
168413;958019;242647
168414;791596;253142
168415;952309;265062
168416;744837;333179
168417;697681;250079
168418;973928;222851
168419;1019619;291645
168420;867327;294061
168421;950716;250523
168422;663027;235839
168423;788667;255238
168424;970779;266045
168425;813245;234494
168426;675771;241367
168427;837933;269609
168428;837663;298027
168429;787028;322759
168430;965919;361981
168431;930561;291402
168432;617766;350745
168433;949749;337256
168434;670788;243372
168435;617566;319572
168436;728937;335861
168437;893134;245705
168438;886949;277984
168439;862923;271680
168440;896742;255618
168441;773594;352035
168442;965046;249022
168443;739271;266049
168444;783517;346336
168445;637675;283465
168446;679572;276468
168447;885580;289126
168448;780971;271369
168449;630714;250428
168450;1020521;275754
168451;883112;286317
168452;747037;258683
168453;806775;249583
168454;744161;267142
168455;845408;242857
168456;728330;281342
168457;648650;318560
168458;987497;282676
168459;724123;277733
168460;682958;250972
168461;986192;308558
168462;805792;251660
168463;766274;288724
168464;930883;224017
168465;783025;317424
168466;846054;250113
168467;687102;270786
168468;740128;260717
168469;886327;273482
168470;648588;240619
168471;822733;338527
168472;818051;257636
168473;746330;258720
168474;775063;302769
168475;727728;343317
168476;674378;237626
168477;676919;288765
168478;919068;280012
168479;781656;297596
168480;832114;254913
168481;867836;235945
168482;950553;251626
168483;339731;267345
168484;314737;218219
168485;358517;251767
168486;317971;325164
168487;328975;290470
168488;348710;313391
168489;395244;267120
168490;378664;247613
168491;379631;292295
168492;383859;282000
168493;311562;212750
168494;257768;334615
168495;333446;367832
168496;277662;257829
168497;390697;308607
168498;247903;246604
168499;262510;271307
168500;280321;268146
168501;285187;232789
168502;358128;318013
168503;372424;250373
168504;280711;221958
168505;307458;254609
168506;247677;212437
168507;386334;315623
168508;350634;214056
168509;241068;234659
168510;364187;277592
168511;348724;281271
168512;279215;273906
168513;293096;222454
168514;316738;220290
168515;381935;247040
168516;266031;287971
168517;370239;276095
168518;317908;276518
168519;325932;291351
168520;369383;237119
168521;326263;207553
168522;289205;279645
168523;277285;269452
168524;270700;270109
168525;253196;298507
168526;319340;352996
168527;339968;288600
168528;295672;230335
168529;371972;248049
168530;302646;323346
168531;250242;298527
168532;321480;332359
168533;300508;220091
168534;309954;265231
168535;326751;217475
168536;385636;321814
168537;318664;279104
168538;395609;332794
168539;262995;291537
168540;266787;315951
168541;328091;306856
168542;258354;242299
168543;323273;277419
168544;280143;288815
168545;279647;282272
168546;351350;248774
168547;389234;328001
168548;365182;308539
168549;316171;310739
168550;348698;239887
168551;385874;241235
168552;268120;298898
168553;294952;241191
168554;389371;240718
168555;335013;322073
168556;314855;320689
168557;354752;245045
168558;257763;271274
168559;283416;236089
168560;269523;285923
168561;373846;309423
168562;370664;334060
168563;371258;244583
168564;358711;292322
168565;339562;285930
168566;393047;284969
168567;295793;249576
168568;290740;286421
168569;326438;298634
168570;289136;280038
168571;395563;290869
168572;240741;274909
168573;379214;306389
168574;275426;295848
168575;376350;274458
168576;346056;247919
168577;357017;260875
168578;245963;315138
168579;313239;247921
168580;248535;301687
168581;276165;339203
168582;248580;250185
168583;389970;285062
168584;270221;285757
168585;316809;255387
168586;268493;260011
168587;345834;300060
168588;298937;315988
168589;254158;282164
168590;241944;255891
168591;356321;289274
168592;356390;309326
168593;381345;327574
168594;331880;234806
168595;312060;251934
168596;249804;321106
168597;302934;311354
168598;333481;240597
168599;239749;314014
168600;321537;281352
168601;351674;300492
168602;276005;340738
168603;274963;284067
168604;282639;287562
168605;255813;359312
168606;357888;316900
168607;388997;304373
168608;348678;273783
168609;337739;247411
168610;335439;248536
168611;387201;336848
168612;320930;250355
168613;370654;347014
168614;304142;349524
168615;305563;283653
168616;267318;289598
168617;249215;244366
168618;342814;305328
168619;335865;235377
168620;342771;300441
168621;243083;264129
168622;240292;282401
168623;305573;263388
168624;298035;346118
168625;343989;261034
168626;272594;224809
168627;395554;273137
168628;369948;272604
168629;246324;304320
168630;345183;258738
168631;329018;260365
168632;353803;307319
168633;368224;265124
168634;254657;238253
168635;318256;266016
168636;298066;295803
168637;246056;290339
168638;278231;268480
168639;271215;301522
168640;268276;309131
168641;347501;295676
168642;283721;279862
168643;376687;276561
168644;251506;311096
168645;294945;322062
168646;394333;287983
168647;244358;316940
168648;373945;232770
168649;303479;312928
168650;389667;281668
168651;305372;321997
168652;270590;228454
168653;313231;228750
168654;334171;366590
168655;387239;281308
168656;312607;317623
168657;313014;353956
168658;282525;277201
168659;285005;338793
168660;285585;257412
168661;319471;307219
168662;298577;242934
168663;397394;300885
168664;356319;239045
168665;321829;311667
168666;335660;274153
168667;351908;270269
168668;258180;261409
168669;380864;256377
168670;279646;245633
168671;371105;284554
168672;344101;339360
168673;364443;285563
168674;319240;222931
168675;312805;281217
168676;240878;321605
168677;371555;316797
168678;272922;246176
168679;293491;318218
168680;332770;274440
168681;242875;221378
168682;364618;251141
168683;371816;285863
168684;384318;232257
168685;383217;320611
168686;326693;263456
168687;286472;259206
168688;265356;295155
168689;358314;345846
168690;302235;289624
168691;285640;266634
168692;279448;231758
168693;330303;290855
168694;280653;263634
168695;342345;236810
168696;267112;228671
168697;333787;334535
168698;245075;222247
168699;337052;243198
168700;243535;260032
168701;359451;245377
168702;365641;235471
168703;286417;275325
168704;370783;246138
168705;382016;281267
168706;361466;293757
168707;256394;298021
168708;387540;327205
168709;391117;302036
168710;254129;239081
168711;250051;300678
168712;346480;294713
168713;391935;253851
168714;241801;299174
168715;350174;271913
168716;268384;296213
168717;374901;243043
168718;377200;315309
168719;260583;213626
168720;261470;333884
168721;305905;285517
168722;327176;300621
168723;378915;284155
168724;269606;301455
168725;265553;247193
168726;275734;306276
168727;393471;300607
168728;364078;274008
168729;386583;274696
168730;266600;245451
168731;336075;318221
168732;330154;322705
168733;358859;314378
168734;262737;300547
168735;308359;264777
168736;345371;258571
168737;342444;276066
168738;245090;301580
168739;306279;291442
168740;253434;262515
168741;297030;224660
168742;399593;301720
168743;376426;218862
168744;318093;253074
168745;354777;299037
168746;296833;289242
168747;308613;305618
168748;322152;325032
168749;350898;311268
168750;381535;291174
168751;339528;273035
168752;242285;343539
168753;353451;239709
168754;304103;322425
168755;299835;272885
168756;227339;273876
168757;260803;253274
168758;272321;264357
168759;346371;317433
168760;387705;255120
168761;303867;295602
168762;309207;299920
168763;344732;263492
168764;390102;300274
168765;336636;248470
168766;374747;286930
168767;365214;303758
168768;345227;275776
168769;342769;296362
168770;372486;241715
168771;296454;331839
168772;373921;280836
168773;273932;279484
168774;367639;252379
168775;326647;273503
168776;388810;313715
168777;337690;338456
168778;248772;280670
168779;252467;312618
168780;321436;323695
168781;239752;302252
168782;284136;232338
168783;318016;226090
168784;383769;294526
168785;267525;211961
168786;312025;314419
168787;263563;284334
168788;294133;282394
168789;267842;244471
168790;266165;262999
168791;275296;270098
168792;397925;307093
168793;386431;330878
168794;284666;276953
168795;291614;255156
168796;316447;309147
168797;352947;235171
168798;330023;295065
168799;299138;276320
168800;296662;302217
168801;309738;254972
168802;323542;204060
168803;247566;284811
168804;277689;314191
168805;355801;297533
168806;328141;305998
168807;274534;247740
168808;266158;238291
168809;355822;282421
168810;321013;308572
168811;326384;256826
168812;309317;322592
168813;396174;225506
168814;363677;217106
168815;274035;323108
168816;275848;352222
168817;342647;282947
168818;338641;267689
168819;261717;302594
168820;376294;250519
168821;391903;247026
168822;293442;327972
168823;247488;359359
168824;297309;256054
168825;345770;263481
168826;340660;288469
168827;348728;278077
168828;378239;262742
168829;239675;300515
168830;282805;277712
168831;272973;315164
168832;330867;229128
168833;254544;298638
168834;357410;312510
168835;278316;266140
168836;367940;228050
168837;334946;289906
168838;277646;279140
168839;304116;285271
168840;308837;290609
168841;377027;286996
168842;312698;243277
168843;291079;297006
168844;292154;230057
168845;267155;275261
168846;306801;252778
168847;248465;301544
168848;297733;294982
168849;240140;272370
168850;270942;256133
168851;268681;257611
168852;363886;271074
168853;338858;293907
168854;357957;281725
168855;322362;287840
168856;354419;326630
168857;362460;336681
168858;300401;252571
168859;362124;290287
168860;359864;248692
168861;372296;222229
168862;353308;285496
168863;285051;304959
168864;244748;310146
168865;289618;286197
168866;286888;282691
168867;243169;302132
168868;302347;281146
168869;274071;272192
168870;293433;334777
168871;380163;268308
168872;330353;259261
168873;375465;287107
168874;275844;251525
168875;383720;295004
168876;383262;311126
168877;267267;302922
168878;361269;307123
168879;401814;366141
168880;364987;324706
168881;254694;272401
168882;314407;264251
168883;292069;308933
168884;354371;286044
168885;243857;318785
168886;270497;287673
168887;395646;251809
168888;394135;254150
168889;241277;255071
168890;356006;272716
168891;309298;234084
168892;266383;238227
168893;335517;253778
168894;385879;304544
168895;323525;247641
168896;305060;298750
168897;355078;309023
168898;256027;238918
168899;336107;256793
168900;254050;281388
168901;392019;278312
168902;268487;278519
168903;340494;259950
168904;285566;290500
168905;257048;313755
168906;301720;235489
168907;368499;318394
168908;353497;305159
168909;366051;259926
168910;249220;250573
168911;386083;316539
168912;244249;282244
168913;384762;329239
168914;370335;304596
168915;468515;239727
168916;369383;259218
168917;386508;331117
168918;359182;231464
168919;464673;333238
168920;519473;303978
168921;466673;262277
168922;545451;274014
168923;482965;225958
168924;429407;231573
168925;425922;335958
168926;419642;251584
168927;466864;262621
168928;576420;304521
168929;457930;250819
168930;446840;251614
168931;386262;233930
168932;384783;314584
168933;370860;287909
168934;528994;317167
168935;491257;307425
168936;529882;337369
168937;396187;249874
168938;418235;273725
168939;446934;335448
168940;374006;341857
168941;527694;299883
168942;500164;306156
168943;455889;252489
168944;481101;303601
168945;430729;221969
168946;555903;223210
168947;488335;281129
168948;545136;263513
168949;430997;283129
168950;525926;263060
168951;444201;317999
168952;398646;309407
168953;484530;302965
168954;461598;237729
168955;546594;264876
168956;340999;246016
168957;560148;315553
168958;575288;271739
168959;507425;283110
168960;356747;254703
168961;434473;297284
168962;490545;286657
168963;370929;256389
168964;417916;348127
168965;491467;287512
168966;550916;318771
168967;387068;296468
168968;488067;256387
168969;371981;244480
168970;569101;281955
168971;421537;282549
168972;463898;251030
168973;495264;278288
168974;419549;318744
168975;433940;228551
168976;442145;313660
168977;442871;245845
168978;577929;311348
168979;524745;219911
168980;518535;254808
168981;536797;297332
168982;369498;242176
168983;406297;320867
168984;375526;292043
168985;528110;332412
168986;504157;282164
168987;375200;317956
168988;489021;274650
168989;432652;228353
168990;577329;332282
168991;354484;284911
168992;377067;259251
168993;440492;275719
168994;514277;260855
168995;555850;249196
168996;420210;314736
168997;350164;278854
168998;458944;288597
168999;479325;352331
169000;407983;319894
169001;401369;302704
169002;472792;326621
169003;516901;283914
169004;565348;288731
169005;411440;305844
169006;536699;254527
169007;554268;262825
169008;550852;273785
169009;322139;286996
169010;471732;287304
169011;409348;329557
169012;568336;256962
169013;534535;289315
169014;349477;274480
169015;355315;232068
169016;355034;257215
169017;425604;220162
169018;445218;269765
169019;356487;258554
169020;578017;292728
169021;484258;306464
169022;492567;283849
169023;441132;325002
169024;465948;279940
169025;409884;251940
169026;381251;308585
169027;515966;263806
169028;552187;336519
169029;348167;256487
169030;520157;275387
169031;446106;289024
169032;470365;296325
169033;402577;251717
169034;513568;287911
169035;470137;262167
169036;522659;272564
169037;573602;266349
169038;489490;260170
169039;551754;331872
169040;514898;285064
169041;518373;309924
169042;572241;358326
169043;504571;287360
169044;518853;265486
169045;360258;277944
169046;429560;313189
169047;365892;301610
169048;454822;259670
169049;391489;260188
169050;556684;315962
169051;352715;223871
169052;427809;320250
169053;554417;241895
169054;407337;247297
169055;381117;298056
169056;529674;272212
169057;363177;268331
169058;353134;285429
169059;411439;270608
169060;561267;258378
169061;532316;244885
169062;361494;224223
169063;405780;290039
169064;479975;249699
169065;402972;293138
169066;532310;221067
169067;427665;305313
169068;457699;335451
169069;585157;271027
169070;405672;315957
169071;360324;273542
169072;332095;347474
169073;355288;308958
169074;446122;241058
169075;382640;303425
169076;538156;298144
169077;578729;305365
169078;395916;247166
169079;403937;287492
169080;584449;272877
169081;576625;285620
169082;498717;223281
169083;463201;310310
169084;516928;260661
169085;501950;268075
169086;477836;286516
169087;490161;227435
169088;374808;302215
169089;492198;243387
169090;549000;277563
169091;423953;265741
169092;564401;285080
169093;429432;292163
169094;567128;281788
169095;376096;278862
169096;544744;284279
169097;381777;281335
169098;513148;254468
169099;459786;250209
169100;446675;283310
169101;459772;331452
169102;453577;303032
169103;435823;312238
169104;438443;298166
169105;528171;294660
169106;396784;292868
169107;350230;209334
169108;507273;281114
169109;469691;276573
169110;417247;250167
169111;349887;259658
169112;358932;268678
169113;442577;335044
169114;373328;242612
169115;440953;270705
169116;463111;277427
169117;499749;302579
169118;362038;245635
169119;559869;306389
169120;564870;261284
169121;523610;297911
169122;563714;287457
169123;477312;229368
169124;472209;276449
169125;352815;279508
169126;478507;295976
169127;534226;316015
169128;491794;300398
169129;447761;264777
169130;574612;313601
169131;558057;317240
169132;530398;243786
169133;494385;303171
169134;466381;303277
169135;563641;258847
169136;488240;242071
169137;391274;251428
169138;544949;232980
169139;560691;220299
169140;367443;277451
169141;550510;276662
169142;370275;268575
169143;523643;289903
169144;496544;335346
169145;523201;236157
169146;415283;249893
169147;451307;307346
169148;483456;269486
169149;536132;231836
169150;470368;348734
169151;484144;245756
169152;544399;309739
169153;445925;247637
169154;473732;297777
169155;384620;278226
169156;518345;313379
169157;451372;310311
169158;465181;258765
169159;484352;251216
169160;482609;308947
169161;460406;282460
169162;357882;305986
169163;462527;260409
169164;456813;261804
169165;537962;305789
169166;428340;294606
169167;562340;265203
169168;486454;271265
169169;370822;311853
169170;411225;232873
169171;354105;244284
169172;457986;267136
169173;373100;264083
169174;450761;318726
169175;350917;274284
169176;384507;327971
169177;522526;293088
169178;350124;325004
169179;551474;255101
169180;387743;249377
169181;504656;315606
169182;544955;341686
169183;359535;263245
169184;519823;259773
169185;378139;275157
169186;369130;257301
169187;369850;323924
169188;508072;249902
169189;514228;266062
169190;406214;287846
169191;556137;231014
169192;514859;302009
169193;465598;249434
169194;469993;312156
169195;416364;265845
169196;381674;298520
169197;523544;267749
169198;375346;322914
169199;376151;238917
169200;396009;244857
169201;534526;277211
169202;448608;339606
169203;422441;303939
169204;390337;256022
169205;472916;229560
169206;500610;248996
169207;451003;248440
169208;568469;288536
169209;460887;312544
169210;504580;251701
169211;458446;334159
169212;355481;290360
169213;529242;266887
169214;563083;335762
169215;526270;292154
169216;415155;299031
169217;353170;223440
169218;357934;238791
169219;476021;313195
169220;405795;309093
169221;412112;271335
169222;437760;221143
169223;418236;249810
169224;416341;273586
169225;374981;313121
169226;559006;253555
169227;586251;255781
169228;479975;269344
169229;370812;331610
169230;405881;289383
169231;565324;316812
169232;423211;235070
169233;457974;328702
169234;477366;293329
169235;428570;283007
169236;543207;313171
169237;518636;215328
169238;447409;325380
169239;397690;329597
169240;408181;226999
169241;475162;240763
169242;398188;239258
169243;408279;325851
169244;470353;283900
169245;586197;267793
169246;507863;308501
169247;473985;292557
169248;527916;290164
169249;518864;300929
169250;487415;282145
169251;425639;312566
169252;455945;303793
169253;487115;296453
169254;453885;326449
169255;555253;263791
169256;513089;312443
169257;565137;351792
169258;544030;307255
169259;420976;295854
169260;473989;319964
169261;447269;347026
169262;412343;314953
169263;548671;301730
169264;464920;298323
169265;455938;316827
169266;438126;236282
169267;359723;307105
169268;578342;322761
169269;524133;279777
169270;466964;300774
169271;565663;232476
169272;424496;303304
169273;441791;311811
169274;352592;286825
169275;567192;294277
169276;519692;238957
169277;472300;323762
169278;418600;322778
169279;470002;243448
169280;542382;274068
169281;542111;226226
169282;502049;243066
169283;380042;352040
169284;521388;245800
169285;536121;250741
169286;485617;280312
169287;411032;320309
169288;575795;289150
169289;571911;256199
169290;574606;304702
169291;441834;266517
169292;391053;297028
169293;497182;241356
169294;392334;227058
169295;559153;325036
169296;385271;306771
169297;396337;273229
169298;539340;312449
169299;394376;258525
169300;558374;256190
169301;583188;243275
169302;354003;260051
169303;456700;279846
169304;369648;300423
169305;554829;283109
169306;389634;262026
169307;483030;242813
169308;457134;308474
169309;408877;319672
169310;500605;294802
169311;469905;286459
169312;570116;254586
169313;507089;307464
169314;549624;318354
169315;364244;237861
169316;571435;257588
169317;396972;331720
169318;410400;244099
169319;562187;238658
169320;666806;284683
169321;502040;253377
169322;650135;322981
169323;530182;295114
169324;414692;342954
169325;524767;307215
169326;442665;222848
169327;596308;298605
169328;525211;238534
169329;514697;255044
169330;421922;302502
169331;456503;228413
169332;575499;319994
169333;607495;233343
169334;620653;341785
169335;444514;264263
169336;494769;306799
169337;442974;239170
169338;499778;341319
169339;565790;289322
169340;611128;315080
169341;443080;295847
169342;613070;316251
169343;515237;252939
169344;573263;265527
169345;647563;307036
169346;674480;304100
169347;664986;285106
169348;621265;288453
169349;653878;281674
169350;492591;293665
169351;430577;286712
169352;593267;339429
169353;581935;289566
169354;662075;286335
169355;597523;287788
169356;581353;276500
169357;631638;314618
169358;490019;269391
169359;641528;288452
169360;593114;277219
169361;488072;235208
169362;595645;314870
169363;653580;239209
169364;459043;228050
169365;500243;342376
169366;523752;278226
169367;665928;271852
169368;658212;223456
169369;643283;287269
169370;452571;236264
169371;464739;309701
169372;432382;233832
169373;408894;310453
169374;538764;261283
169375;427386;283253
169376;457057;312404
169377;605775;298432
169378;517019;318971
169379;458731;300511
169380;655264;279575
169381;646094;276715
169382;527692;261754
169383;529193;307433
169384;448189;293223
169385;615280;285531
169386;415641;207782
169387;648480;288244
169388;631608;318774
169389;481432;311988
169390;678712;241268
169391;530164;311030
169392;450914;263729
169393;527283;216726
169394;657370;312516
169395;425134;340849
169396;628359;332366
169397;527129;287325
169398;557466;290728
169399;447147;293620
169400;511709;269475
169401;652243;318046
169402;616095;305581
169403;643894;322267
169404;557388;244142
169405;664869;293197
169406;650072;273000
169407;641649;296939
169408;476147;235004
169409;414139;252022
169410;469949;264996
169411;595272;232235
169412;634511;305330
169413;385040;243646
169414;583023;248012
169415;565909;326789
169416;608040;282522
169417;564164;310544
169418;591700;251793
169419;447904;322286
169420;567225;331205
169421;610995;281339
169422;481468;288663
169423;444330;313505
169424;637104;307576
169425;452054;309701
169426;598769;262179
169427;459463;257887
169428;572500;259716
169429;392280;255539
169430;409704;314813
169431;433282;235904
169432;629373;301385
169433;489506;288553
169434;625841;271703
169435;624076;246695
169436;578007;288464
169437;460730;278663
169438;676513;272291
169439;427997;274422
169440;589412;244829
169441;538584;285850
169442;418860;287103
169443;484501;305662
169444;661221;266204
169445;543015;264144
169446;574861;250078
169447;582310;308079
169448;573482;226251
169449;677075;239987
169450;549244;312103
169451;582815;281186
169452;520797;314025
169453;619929;334363
169454;601894;246397
169455;454649;276811
169456;438999;274858
169457;468134;326541
169458;580626;311937
169459;444331;294609
169460;654641;251617
169461;583312;214029
169462;585821;279645
169463;609462;253400
169464;651656;231403
169465;440875;336634
169466;422969;262139
169467;424513;234357
169468;533138;305007
169469;444296;258383
169470;637639;275342
169471;465188;276907
169472;474798;248469
169473;419481;296679
169474;411289;340545
169475;601041;282924
169476;559866;336167
169477;462390;286848
169478;659177;302047
169479;542182;330885
169480;474911;274447
169481;488984;271017
169482;536393;245101
169483;594974;333293
169484;431015;221038
169485;538950;311120
169486;638726;241510
169487;430136;303917
169488;538397;291266
169489;662259;296449
169490;528718;257639
169491;628076;271323
169492;433344;332665
169493;450356;268431
169494;478834;260263
169495;534445;253450
169496;422976;295057
169497;517983;306012
169498;584019;304544
169499;415738;240964
169500;670013;258524
169501;490633;258905
169502;649217;273339
169503;475383;207538
169504;531152;287265
169505;505176;251275
169506;552946;267999
169507;543745;261698
169508;545310;263370
169509;527724;252678
169510;659692;309986
169511;670187;348761
169512;524841;302826
169513;665285;303717
169514;454480;231051
169515;483795;246562
169516;627192;302285
169517;451125;290777
169518;661526;235005
169519;507642;297735
169520;428131;307238
169521;664183;297735
169522;590497;261418
169523;629043;297300
169524;402978;291964
169525;603803;288182
169526;511913;293708
169527;552621;271387
169528;544491;271698
169529;610563;284550
169530;465785;252305
169531;565961;319485
169532;526076;262470
169533;473071;248161
169534;403823;301805
169535;406958;320692
169536;565373;314073
169537;502952;285051
169538;515617;291203
169539;455201;331748
169540;562351;310169
169541;492858;288536
169542;525907;246739
169543;416935;219095
169544;578804;302425
169545;429501;299290
169546;477726;268437
169547;450250;307105
169548;486456;289566
169549;628202;332545
169550;589067;316219
169551;507644;294690
169552;607777;290612
169553;504564;247194
169554;573509;232868
169555;461915;270003
169556;621696;257961
169557;606864;291326
169558;516600;266404
169559;492374;280937
169560;601377;301254
169561;605251;213303
169562;590689;282015
169563;444770;287656
169564;488638;236511
169565;484945;249317
169566;437762;246475
169567;579540;280694
169568;663835;293931
169569;568788;290372
169570;614137;311603
169571;484062;256819
169572;512833;235700
169573;480263;313371
169574;672166;251011
169575;662342;267750
169576;446150;255891
169577;661390;270308
169578;575103;334532
169579;670644;280458
169580;436132;280640
169581;580399;257515
169582;578683;312655
169583;552107;322552
169584;678928;284353
169585;657123;271191
169586;638061;247913
169587;618754;223545
169588;478596;285834
169589;427499;271426
169590;484332;236677
169591;422957;254610
169592;618778;267059
169593;534919;231683
169594;628657;326825
169595;436078;286191
169596;411877;220711
169597;569551;292521
169598;600769;280037
169599;655652;315432
169600;623149;235386
169601;525858;331860
169602;601061;291026
169603;561813;313021
169604;449478;320711
169605;598598;332697
169606;484506;263459
169607;675965;219901
169608;663379;240835
169609;637178;246679
169610;412054;264763
169611;461801;264948
169612;630693;304986
169613;583263;307050
169614;566722;286228
169615;668327;256300
169616;479438;246836
169617;572503;332751
169618;478734;259344
169619;469308;264962
169620;345802;298803
169621;311154;305268
169622;339391;313393
169623;360400;216804
169624;358486;239634
169625;435049;291528
169626;330120;303450
169627;394267;277400
169628;381280;350601
169629;324923;288628
169630;319537;319798
169631;439739;229691
169632;430215;257479
169633;443153;241356
169634;312763;292402
169635;348321;327836
169636;449763;249322
169637;297929;325159
169638;383574;255981
169639;431431;297867
169640;404011;300424
169641;397017;262905
169642;383822;315942
169643;467380;265921
169644;427355;278130
169645;486540;307104
169646;491413;271587
169647;459558;276413
169648;297121;299980
169649;399237;259085
169650;398911;337691
169651;436480;299860
169652;488975;289186
169653;297560;317747
169654;319576;227412
169655;338863;210234
169656;482826;275466
169657;393921;269434
169658;443395;282631
169659;328711;286118
169660;372494;304262
169661;459202;298779
169662;465800;348749
169663;445144;236259
169664;307887;286294
169665;463727;270605
169666;389892;277885
169667;414022;236373
169668;431895;266100
169669;458227;302077
169670;356101;299165
169671;451650;266862
169672;450257;283921
169673;354012;288288
169674;459658;336589
169675;379370;297204
169676;432602;257542
169677;485100;231787
169678;351729;284919
169679;312274;322479
169680;333831;306813
169681;355906;271226
169682;345082;317097
169683;367696;337364
169684;365418;275684
169685;334437;253422
169686;404113;286930
169687;458542;278337
169688;393051;268206
169689;342027;351932
169690;307231;244558
169691;392420;291785
169692;379515;283187
169693;464001;290153
169694;330806;285916
169695;404879;245734
169696;402561;221652
169697;384035;279259
169698;418132;239816
169699;384537;264035
169700;449367;276220
169701;480954;287494
169702;459536;314258
169703;298609;270804
169704;396956;336229
169705;315383;320390
169706;484673;279918
169707;454610;301241
169708;386654;268862
169709;465294;240497
169710;485126;227870
169711;425279;308430
169712;311822;275498
169713;334382;318570
169714;484768;266406
169715;466550;303319
169716;310006;353351
169717;407920;289523
169718;380146;322433
169719;412064;225479
169720;313898;258917
169721;392307;315784
169722;311311;259726
169723;423818;242770
169724;324440;236988
169725;417335;229152
169726;319104;285310
169727;353628;305984
169728;358384;283846
169729;450275;293645
169730;452890;269367
169731;427071;234129
169732;438610;260571
169733;381104;264623
169734;337973;291947
169735;334995;264900
169736;491814;288388
169737;423608;268649
169738;457199;331675
169739;311645;257135
169740;424393;296563
169741;428894;339456
169742;437851;347876
169743;426553;286747
169744;335050;264689
169745;328620;267832
169746;467397;264350
169747;469530;355789
169748;402249;328873
169749;486178;292453
169750;377318;282121
169751;350602;325311
169752;326801;232992
169753;393147;253697
169754;455547;238918
169755;483581;337689
169756;457013;317353
169757;336799;269263
169758;380585;260326
169759;465396;301312
169760;412512;300862
169761;343134;288156
169762;429407;246885
169763;451504;228962
169764;450962;247506
169765;383540;238440
169766;476497;241998
169767;398962;264188
169768;480860;236086
169769;456449;341256
169770;405976;329712
169771;319562;253863
169772;426507;334640
169773;303277;254740
169774;344423;254722
169775;429131;289667
169776;413376;329036
169777;460360;283187
169778;372971;246567
169779;334483;276797
169780;365386;302410
169781;332792;324916
169782;357152;274295
169783;471878;256433
169784;471581;359862
169785;372938;325360
169786;321676;353811
169787;319164;266913
169788;336533;242392
169789;433488;252336
169790;414336;306575
169791;316016;242094
169792;390010;274482
169793;348603;296164
169794;352673;336109
169795;320179;234269
169796;399976;339475
169797;467857;291443
169798;456551;233329
169799;481362;331786
169800;342245;287161
169801;383992;330807
169802;440038;240047
169803;367185;304252
169804;309725;350895
169805;462909;307750
169806;339323;214938
169807;485416;235330
169808;489401;307287
169809;326945;320122
169810;310109;281650
169811;352936;277601
169812;389703;348276
169813;407905;311911
169814;363766;261028
169815;448261;297260
169816;417206;264291
169817;385219;269498
169818;474579;241557
169819;321351;271096
169820;390195;325684
169821;423649;293928
169822;342394;261005
169823;300300;248318
169824;322674;277003
169825;380793;277928
169826;474146;336228
169827;495194;251788
169828;440710;299464
169829;335723;253423
169830;324690;295977
169831;320503;238327
169832;479977;306932
169833;343142;316149
169834;377033;238646
169835;411512;225254
169836;345836;268526
169837;415744;325112
169838;456001;307844
169839;457917;316839
169840;341341;250569
169841;308993;285027
169842;399862;309433
169843;419404;310248
169844;405251;280970
169845;316494;312964
169846;465804;249940
169847;341970;299292
169848;444768;263839
169849;354433;320182
169850;456483;260179
169851;392443;306623
169852;409869;281347
169853;489698;219231
169854;352186;300759
169855;437820;246114
169856;329979;255679
169857;369849;320549
169858;468414;221152
169859;426753;258573
169860;405189;270010
169861;367367;258999
169862;461646;226134
169863;372263;294605
169864;364014;283226
169865;359818;267712
169866;487295;255368
169867;372815;268445
169868;403157;250058
169869;455396;348757
169870;370618;302928
169871;371596;340892
169872;318799;331812
169873;311164;236125
169874;381302;321357
169875;405090;221650
169876;343834;294802
169877;329359;292852
169878;302190;306668
169879;491941;258742
169880;481586;259734
169881;419207;307206
169882;384484;251016
169883;377106;227320
169884;307277;293676
169885;462055;308353
169886;409805;252350
169887;332940;319911
169888;304602;326174
169889;411095;270692
169890;443446;242071
169891;488191;293059
169892;486693;302583
169893;402166;300604
169894;446963;316299
169895;337579;304106
169896;309532;254647
169897;412230;261253
169898;387690;285708
169899;325411;328770
169900;398175;283055
169901;452872;307712
169902;318370;274039
169903;360474;243854
169904;466536;354250
169905;326485;290794
169906;436872;296405
169907;446887;239269
169908;334795;348411
169909;365277;244050
169910;414579;357966
169911;471201;263065
169912;317181;287903
169913;375503;279041
169914;457285;310975
169915;365752;256399
169916;354751;240927
169917;362302;278817
169918;491450;319910
169919;418393;271214
169920;465275;291412
169921;312133;294386
169922;464531;311541
169923;436583;281454
169924;371417;309085
169925;446193;340291
169926;365210;309471
169927;439578;297271
169928;408012;314755
169929;379451;224529
169930;373580;244621
169931;417170;307832
169932;445517;246026
169933;387056;353519
169934;403349;313877
169935;474325;260086
169936;446118;255614
169937;354577;250983
169938;344504;293109
169939;456183;283006
169940;379386;251584
169941;300225;326851
169942;479770;287693
169943;485798;265445
169944;434420;285920
169945;379248;325761
169946;316175;242155
169947;463016;238851
169948;319804;313681
169949;338369;277693
169950;453793;294176
169951;486080;295557
169952;355984;324100
169953;318056;271633
169954;387036;298764
169955;387382;235487
169956;469797;298483
169957;486941;274718
169958;447733;290286
169959;407576;336180
169960;315415;303174
169961;487075;216429
169962;337050;270739
169963;331624;286909
169964;406893;286824
169965;455322;325121
169966;389118;313631
169967;298705;272269
169968;452145;272636
169969;307055;301730
169970;296181;282821
169971;353006;249718
169972;443870;294198
169973;384241;336554
169974;307593;331246
169975;300823;290681
169976;378906;301165
169977;339387;274750
169978;274363;316005
169979;347435;239113
169980;408458;295396
169981;348000;269033
169982;304286;222471
169983;420277;272363
169984;424185;271815
169985;450531;295027
169986;330064;239094
169987;300380;232352
169988;351680;241862
169989;420891;243992
169990;372773;275034
169991;543124;273577
169992;353700;276178
169993;333177;296395
169994;406347;300192
169995;331361;259891
169996;425257;286544
169997;421213;252604
169998;368557;308564
169999;406497;251873
170000;467258;290090
170001;546119;284486
170002;407288;236696
170003;486629;257307
170004;419754;296415
170005;423509;303436
170006;334780;273331
170007;475863;277801
170008;384688;282570
170009;337389;243114
170010;434284;326070
170011;494878;296846
170012;434486;267060
170013;427729;278054
170014;485452;286009
170015;382574;232308
170016;487910;253671
170017;530417;240980
170018;359777;300786
170019;358553;225720
170020;486530;293439
170021;491397;307718
170022;447845;269416
170023;398744;288878
170024;511083;336088
170025;495376;269406
170026;355922;340899
170027;468675;300779
170028;452387;285228
170029;460218;267959
170030;516225;292204
170031;493399;264340
170032;495814;286515
170033;427103;292067
170034;511191;279888
170035;365648;249005
170036;350799;262070
170037;485311;297022
170038;479050;327853
170039;338184;218135
170040;549877;312477
170041;395377;264853
170042;485104;314888
170043;467261;228451
170044;442642;274796
170045;394315;289420
170046;442089;280626
170047;362110;298013
170048;348043;227645
170049;533304;280113
170050;347714;284426
170051;341909;244633
170052;429923;238387
170053;445161;261656
170054;418791;336993
170055;505263;259070
170056;460508;273422
170057;371863;307518
170058;451465;247826
170059;402753;280613
170060;476905;339605
170061;479330;321956
170062;416087;296498
170063;337142;293335
170064;345378;270182
170065;525998;348257
170066;344274;312141
170067;340789;290102
170068;390436;261332
170069;460071;240174
170070;358279;320864
170071;415580;284137
170072;405979;321726
170073;468257;311369
170074;501804;280714
170075;356305;307708
170076;388157;290035
170077;472813;261469
170078;507365;237835
170079;415006;244339
170080;345996;337895
170081;350603;299544
170082;503159;262814
170083;413361;320080
170084;453770;278336
170085;540471;290932
170086;402413;245088
170087;431970;323775
170088;454962;319063
170089;431399;267212
170090;524165;340822
170091;519087;268447
170092;433536;233968
170093;500648;273643
170094;381239;259099
170095;429310;282471
170096;489387;228731
170097;403397;352441
170098;453457;231341
170099;503596;289818
170100;490051;311899
170101;422479;304019
170102;500939;283362
170103;349929;259582
170104;479411;316984
170105;373259;277593
170106;527186;238020
170107;468632;293699
170108;364545;272754
170109;523289;274381
170110;369709;214872
170111;461293;269853
170112;450950;236731
170113;495617;300285
170114;481058;321020
170115;497201;315125
170116;412205;261274
170117;361651;316452
170118;375652;263745
170119;393768;245047
170120;448012;258232
170121;336473;249205
170122;459523;289928
170123;344487;236502
170124;412555;322843
170125;383041;220168
170126;422992;271665
170127;376741;256326
170128;386460;217451
170129;474694;362014
170130;348329;342439
170131;366560;280126
170132;399061;242739
170133;415002;277729
170134;440831;267807
170135;360392;286620
170136;333564;244960
170137;491830;257285
170138;475549;346091
170139;381273;294763
170140;400828;337798
170141;333927;257541
170142;519876;303700
170143;488447;285915
170144;382163;313970
170145;329862;345534
170146;457084;305580
170147;487253;293279
170148;336596;323467
170149;500931;321896
170150;361684;314753
170151;356931;252609
170152;404575;338706
170153;355697;310495
170154;480544;274103
170155;456390;290861
170156;505950;333280
170157;446918;317437
170158;377540;294851
170159;396689;298150
170160;524076;246079
170161;364122;300330
170162;362369;248449
170163;415869;287379
170164;480077;279320
170165;524229;266628
170166;346545;318745
170167;470699;307271
170168;344710;270181
170169;380361;252537
170170;522213;264396
170171;387274;262048
170172;457561;335539
170173;417012;279288
170174;396073;241868
170175;370840;313539
170176;400540;298914
170177;513001;278913
170178;387529;286685
170179;542713;266512
170180;462956;256364
170181;420541;257506
170182;437988;271838
170183;369932;252836
170184;377793;285181
170185;514320;240286
170186;332050;313451
170187;415453;274367
170188;418267;296819
170189;491960;292692
170190;430404;283869
170191;477222;236370
170192;480930;314488
170193;360332;263767
170194;366402;257872
170195;431828;284386
170196;458984;263006
170197;507587;304108
170198;527272;302908
170199;380631;241264
170200;461065;330774
170201;433793;292804
170202;531183;286178
170203;591250;332680
170204;450281;297025
170205;505778;264442
170206;408522;237475
170207;418691;233279
170208;323825;276046
170209;366404;228525
170210;395902;259195
170211;507784;290035
170212;341356;259149
170213;368404;272714
170214;349829;318902
170215;374763;273275
170216;520583;295404
170217;486226;365609
170218;411665;288486
170219;358338;279270
170220;368374;342940
170221;451902;310682
170222;512684;278231
170223;496802;296863
170224;352144;344814
170225;456180;276065
170226;452696;280551
170227;331846;252802
170228;480196;299211
170229;448111;293349
170230;354004;290567
170231;494713;310463
170232;502024;260634
170233;498212;300580
170234;377467;293685
170235;501200;253989
170236;369094;244421
170237;353349;326482
170238;527432;298236
170239;370378;337918
170240;360137;248506
170241;509942;294263
170242;343279;335509
170243;402525;286135
170244;425627;247210
170245;478187;299958
170246;444564;290023
170247;518058;282991
170248;543387;333631
170249;398198;278902
170250;399957;274419
170251;383608;260497
170252;539839;232700
170253;353351;284866
170254;486172;249758
170255;371836;263194
170256;460812;358626
170257;333295;280649
170258;388008;236007
170259;457094;282128
170260;407950;285054
170261;466503;293047
170262;386317;309009
170263;494904;256524
170264;525707;243105
170265;333073;267997
170266;533292;243464
170267;487095;251544
170268;467652;270153
170269;418869;265575
170270;407320;245243
170271;431415;296652
170272;479069;300557
170273;382460;320260
170274;377861;296775
170275;574594;303950
170276;608055;300469
170277;414584;323117
170278;451373;286396
170279;611663;258338
170280;490008;335128
170281;602755;267994
170282;393108;303136
170283;446757;259571
170284;461161;332648
170285;563487;274278
170286;463212;299791
170287;616099;323171
170288;597397;317132
170289;417362;268792
170290;519838;239328
170291;399790;228826
170292;484868;263634
170293;516286;250000
170294;440468;225588
170295;624933;292824
170296;453619;269790
170297;573219;283792
170298;382478;300143
170299;505872;308065
170300;535489;226827
170301;405584;333443
170302;622759;250100
170303;398555;291960
170304;375354;322101
170305;383926;227633
170306;393176;275901
170307;544582;281812
170308;386627;267346
170309;417408;245149
170310;563488;305325
170311;383797;249765
170312;489272;309496
170313;588074;298724
170314;599065;316101
170315;448464;234023
170316;451932;211786
170317;463831;294800
170318;554621;278455
170319;503019;244531
170320;418176;281340
170321;417132;213804
170322;370474;270984
170323;448670;281640
170324;391777;228246
170325;399268;248363
170326;620337;263512
170327;607401;234274
170328;548181;220319
170329;400650;285744
170330;479571;223342
170331;601841;342383
170332;597541;332186
170333;590840;316724
170334;644595;270991
170335;517342;219632
170336;537774;301129
170337;554836;308185
170338;522268;300390
170339;532692;284008
170340;515456;248824
170341;516266;251972
170342;614602;210482
170343;444701;234738
170344;537298;286812
170345;568573;318210
170346;499802;251647
170347;605766;266631
170348;522408;241549
170349;446305;276982
170350;392167;277443
170351;577288;302676
170352;458646;257765
170353;476893;280718
170354;376504;294848
170355;476508;299567
170356;571443;226626
170357;579601;296894
170358;444936;266710
170359;540866;282357
170360;496585;304607
170361;391897;239589
170362;619505;260769
170363;453345;338893
170364;422968;230123
170365;557565;249609
170366;514784;292357
170367;445616;271611
170368;496634;294140
170369;607138;348202
170370;405660;283580
170371;454367;266777
170372;539208;229413
170373;509193;252044
170374;484279;271862
170375;553817;272490
170376;487191;202827
170377;595243;298248
170378;446541;349843
170379;497919;310514
170380;389846;274519
170381;511517;255848
170382;410654;296003
170383;425313;230583
170384;614999;299629
170385;410660;315277
170386;503591;249011
170387;436659;283600
170388;570812;285035
170389;434898;273533
170390;520600;282003
170391;611355;251736
170392;413236;312422
170393;410219;306139
170394;555451;223174
170395;438616;259280
170396;374207;251327
170397;613724;278861
170398;547189;346420
170399;606118;225916
170400;611133;302622
170401;500420;323799
170402;597165;276150
170403;527977;314671
170404;604567;225382
170405;574614;266008
170406;596086;330754
170407;595966;288177
170408;481853;270587
170409;494070;266982
170410;603198;273123
170411;390195;327124
170412;432245;292266
170413;447553;312432
170414;396232;328596
170415;469973;242699
170416;462459;287792
170417;624441;279722
170418;582600;296115
170419;514804;258772
170420;439567;336105
170421;458306;281305
170422;400096;307582
170423;466441;315588
170424;402181;225409
170425;475601;243041
170426;569484;274492
170427;407384;300443
170428;610979;338985
170429;494371;322141
170430;609392;246451
170431;417764;260320
170432;599108;297221
170433;384709;264201
170434;539463;328346
170435;388210;231305
170436;569141;282430
170437;457793;239812
170438;464398;240647
170439;474904;235286
170440;505897;307350
170441;446491;322451
170442;389321;332012
170443;509988;293391
170444;455142;317166
170445;416709;308568
170446;597575;242424
170447;455692;306410
170448;485320;326983
170449;614637;258636
170450;480032;285948
170451;618943;346119
170452;374543;214131
170453;541964;277562
170454;572636;316073
170455;532884;293243
170456;434998;293152
170457;586591;310277
170458;573570;326158
170459;516720;302949
170460;412957;322453
170461;387799;286749
170462;379241;242651
170463;599578;277167
170464;495853;298085
170465;619128;313484
170466;598415;315828
170467;511308;321133
170468;503513;298911
170469;480726;332141
170470;539717;212738
170471;592993;265917
170472;389831;280030
170473;510085;308453
170474;377378;305429
170475;534299;264556
170476;582652;310770
170477;483469;311843
170478;524684;266218
170479;592233;228475
170480;376812;268008
170481;458278;293621
170482;524566;275835
170483;486165;271151
170484;431985;262693
170485;572911;293589
170486;583051;331261
170487;518892;259647
170488;608058;268649
170489;508939;279314
170490;498150;296036
170491;587700;255771
170492;418418;276664
170493;527713;260349
170494;558642;268468
170495;624835;270401
170496;553678;277492
170497;445962;323750
170498;417736;326763
170499;410138;264514
170500;578702;314510
170501;550993;268121
170502;511207;267758
170503;566946;292042
170504;523557;268539
170505;611880;228039
170506;573482;245090
170507;500963;305685
170508;384884;235696
170509;498966;313303
170510;472675;258285
170511;554948;324758
170512;477057;302668
170513;488826;265931
170514;549904;329597
170515;372960;286009
170516;487557;297513
170517;377121;299687
170518;521463;253110
170519;575956;301779
170520;501928;243646
170521;452089;305576
170522;528556;251392
170523;557347;261986
170524;507562;327105
170525;447708;216251
170526;599602;236658
170527;574310;334455
170528;430228;290060
170529;537706;243226
170530;507536;234777
170531;390018;208431
170532;558401;247596
170533;387807;299612
170534;420731;239041
170535;619349;284976
170536;625237;234563
170537;434837;284458
170538;469410;313437
170539;565419;301665
170540;563521;292416
170541;525248;278978
170542;397235;282403
170543;608199;286514
170544;597033;229125
170545;497823;311060
170546;521506;286251
170547;543020;250748
170548;625046;261396
170549;556080;277769
170550;380245;233956
170551;399994;331464
170552;521275;235664
170553;507620;325925
170554;444024;252420
170555;526971;299998
170556;390173;276943
170557;414463;248332
170558;442366;292764
170559;434425;250943
170560;571054;265246
170561;566394;242921
170562;442016;231142
170563;417156;288292
170564;539576;282668
170565;518164;278481
170566;385700;303489
170567;580438;270223
170568;383153;222208
170569;393243;286960
170570;312590;331767
170571;322962;336197
170572;262412;346096
170573;318008;226692
170574;300733;312959
170575;336241;304849
170576;360373;262515
170577;331107;275416
170578;295060;281760
170579;348578;248518
170580;282125;220846
170581;303098;229702
170582;361169;259665
170583;231487;260333
170584;279028;227712
170585;360928;295107
170586;350715;263183
170587;278969;283157
170588;270495;317365
170589;320028;310467
170590;260116;254235
170591;370509;262074
170592;353389;303686
170593;352457;283393
170594;300258;333063
170595;312311;274426
170596;353345;319601
170597;238316;230402
170598;308159;249239
170599;256214;292359
170600;239137;219601
170601;356444;320642
170602;372765;318538
170603;371780;251215
170604;288346;246932
170605;334389;259872
170606;303360;309491
170607;323465;266508
170608;304049;277973
170609;373411;299017
170610;278516;289181
170611;233603;279153
170612;241460;310138
170613;291897;258608
170614;242647;303481
170615;285480;304580
170616;274496;223114
170617;302092;310107
170618;229203;284877
170619;275752;285195
170620;238197;220240
170621;314638;316021
170622;352054;260101
170623;359880;326382
170624;273944;319650
170625;254445;313688
170626;308617;314752
170627;249730;212807
170628;367667;274166
170629;229716;295147
170630;269178;287288
170631;340610;243558
170632;306050;298517
170633;273678;259203
170634;277844;267050
170635;296146;227784
170636;357566;314128
170637;231084;272335
170638;280353;288220
170639;318083;317731
170640;326524;256441
170641;260413;227889
170642;311277;266064
170643;305398;292933
170644;354204;225988
170645;303207;219804
170646;341150;346405
170647;379725;316843
170648;267197;271603
170649;330029;259403
170650;307885;337995
170651;324267;307823
170652;356153;289272
170653;348399;248616
170654;326785;237028
170655;366518;265140
170656;307450;215069
170657;342231;286476
170658;371464;266585
170659;365171;229899
170660;375982;303511
170661;263550;265396
170662;288738;206189
170663;281311;254379
170664;346910;264243
170665;273783;284185
170666;348213;312047
170667;292397;241850
170668;341503;220825
170669;375670;328040
170670;372130;290639
170671;365220;308812
170672;267191;321426
170673;264955;275963
170674;303756;316436
170675;251311;238273
170676;337960;319694
170677;285379;272816
170678;237677;291914
170679;251069;252576
170680;268405;280766
170681;243964;325346
170682;373313;236660
170683;285559;244401
170684;267996;244958
170685;337669;300381
170686;262602;291936
170687;275427;285370
170688;356421;278128
170689;335231;290759
170690;283026;283996
170691;312423;344612
170692;251878;256234
170693;228109;338190
170694;331556;212352
170695;325976;342032
170696;291548;244604
170697;280436;297476
170698;269621;294205
170699;370767;314965
170700;241553;206593
170701;267700;303742
170702;275643;320705
170703;306078;254928
170704;267591;294516
170705;341544;333896
170706;260814;347825
170707;302030;286097
170708;323576;280910
170709;292777;290389
170710;329160;242847
170711;312339;296159
170712;359804;314193
170713;289590;310276
170714;358870;335517
170715;325130;236136
170716;263400;267225
170717;296912;227150
170718;243825;269800
170719;351582;277615
170720;230390;264656
170721;248023;263819
170722;361256;318054
170723;285446;297608
170724;301678;235481
170725;361886;278256
170726;353123;316536
170727;259044;261803
170728;348075;282237
170729;339422;274926
170730;247375;282162
170731;302930;293830
170732;259937;327371
170733;346547;253960
170734;346143;279114
170735;317511;345637
170736;355674;322071
170737;280989;291208
170738;363672;255600
170739;272499;289247
170740;226491;258402
170741;293526;347283
170742;348006;244060
170743;348860;328327
170744;245182;252462
170745;258670;276800
170746;319618;241592
170747;338010;256847
170748;238525;307397
170749;255996;257691
170750;369476;326613
170751;280496;297166
170752;251343;266111
170753;348950;249683
170754;316512;301155
170755;281961;295897
170756;322480;254954
170757;226258;219901
170758;228390;253454
170759;268458;315546
170760;235561;308315
170761;272045;242027
170762;259832;251984
170763;232423;261011
170764;321801;272538
170765;371523;297274
170766;275020;269311
170767;243333;268759
170768;283619;312069
170769;355770;261457
170770;254657;244026
170771;300533;282412
170772;274040;251954
170773;321457;277168
170774;228295;330656
170775;310730;327694
170776;319651;266042
170777;269103;260283
170778;336558;342692
170779;359088;272101
170780;345926;316365
170781;268386;271828
170782;363541;252684
170783;350543;323431
170784;353017;250570
170785;345226;291639
170786;295844;262928
170787;291672;269044
170788;230098;325039
170789;330320;268567
170790;363594;303560
170791;288132;233501
170792;338873;265969
170793;361547;348311
170794;279022;257110
170795;319212;284431
170796;323037;233059
170797;320261;253486
170798;281395;316814
170799;343563;270206
170800;356291;309031
170801;336388;319195
170802;242675;270303
170803;239263;308218
170804;335876;294560
170805;343947;323109
170806;297898;217733
170807;266989;261671
170808;286162;251872
170809;266076;277828
170810;293969;285700
170811;365506;313636
170812;306146;278501
170813;236502;303334
170814;275307;266203
170815;302383;246013
170816;337534;284268
170817;266566;306461
170818;269986;307472
170819;283071;307933
170820;318053;289142
170821;310932;272728
170822;284058;317879
170823;339842;285180
170824;342047;308543
170825;357927;332016
170826;314347;265390
170827;295647;239794
170828;275400;278957
170829;325082;297570
170830;248541;252991
170831;325452;300984
170832;292135;235579
170833;352577;301558
170834;360264;292502
170835;223786;316835
170836;302108;303097
170837;335766;296474
170838;364945;289250
170839;299546;299508
170840;331185;346532
170841;304102;330056
170842;318796;296883
170843;295173;310795
170844;359376;227853
170845;309741;356675
170846;353257;306042
170847;343415;287192
170848;236537;238255
170849;357636;317146
170850;338522;282164
170851;367517;321574
170852;306049;261435
170853;235037;269189
170854;275397;295379
170855;342860;325919
170856;309925;237023
170857;237171;333833
170858;295853;252744
170859;334873;286341
170860;319811;262167
170861;361324;258033
170862;365163;266834
170863;359233;261471
170864;319973;267163
170865;330110;357842
170866;374804;289560
170867;367103;308763
170868;371341;291846
170869;376784;243467
170870;320436;259940
170871;298478;260444
170872;338346;348064
170873;327169;325711
170874;239071;317387
170875;271074;253327
170876;301373;289776
170877;289594;229875
170878;344655;321687
170879;302904;268323
170880;262403;290146
170881;253688;238864
170882;272318;307060
170883;228521;326136
170884;364107;247037
170885;249321;309291
170886;333037;294424
170887;286433;295935
170888;229328;310312
170889;294234;281770
170890;279219;232498
170891;269233;282860
170892;305792;304133
170893;261898;288557
170894;328291;269210
170895;373781;302670
170896;230723;286328
170897;346929;305520
170898;358513;266373
170899;261796;241766
170900;237391;270939
170901;341717;313259
170902;272151;231140
170903;264672;254452
170904;313743;250644
170905;271328;314469
170906;307665;274340
170907;298604;307191
170908;340790;300918
170909;353640;289673
170910;228522;296712
170911;244197;268237
170912;263050;316378
170913;339669;330449
170914;369822;212290
170915;276922;292965
170916;359265;318405
170917;269693;309908
170918;226014;317723
170919;292568;303572
170920;231975;246437
170921;305355;268585
170922;362524;331583
170923;273692;256440
170924;235593;346494
170925;253045;268915
170926;267590;261773
170927;366656;293032
170928;263986;335205
170929;340501;308594
170930;307316;332953
170931;317158;219674
170932;377847;315493
170933;231353;256440
170934;375623;286497
170935;250622;248746
170936;279989;289416
170937;241005;298222
170938;313137;227082
170939;347515;330119
170940;321508;285907
170941;325398;300007
170942;336398;281992
170943;236969;293119
170944;356309;296548
170945;268755;239803
170946;278945;240074
170947;236069;298250
170948;371087;326544
170949;258938;294079
170950;263275;266676
170951;223251;272909
170952;341885;248030
170953;227938;239710
170954;228893;270445
170955;352399;273631
170956;295985;354611
170957;227892;242514
170958;270672;302135
170959;306009;309340
170960;307771;272538
170961;318037;222321
170962;355778;299018
170963;352543;225078
170964;295183;318661
170965;338095;316554
170966;428217;275189
170967;355690;289394
170968;397925;242064
170969;434656;302447
170970;439229;259044
170971;398203;337715
170972;282215;328175
170973;347307;290402
170974;411271;268370
170975;385271;293782
170976;353605;325287
170977;313643;297987
170978;445920;262637
170979;408698;343398
170980;433676;295051
170981;368939;236909
170982;364540;237477
170983;431796;340399
170984;313364;226386
170985;440586;232711
170986;306024;307376
170987;394188;286403
170988;397454;266921
170989;368924;255990
170990;339060;275918
170991;308759;254945
170992;295375;224936
170993;439958;282855
170994;287470;304196
170995;375793;259664
170996;431989;297805
170997;383559;320085
170998;345967;253689
170999;370691;320340
171000;429410;246635
171001;417614;319911
171002;386681;228014
171003;331837;318396
171004;436769;284735
171005;278859;260776
171006;392000;291525
171007;419895;255301
171008;318854;248804
171009;405488;240539
171010;303058;323316
171011;337305;269294
171012;411944;253732
171013;289256;311999
171014;319921;286302
171015;409834;297290
171016;274923;275891
171017;382837;266624
171018;316644;288814
171019;323320;227318
171020;375358;230103
171021;419179;294270
171022;333476;217507
171023;319054;204508
171024;349314;316023
171025;431073;292661
171026;351637;250499
171027;315282;338050
171028;299182;306825
171029;312442;299335
171030;308221;290248
171031;363201;239780
171032;346543;222627
171033;414158;323312
171034;408847;244306
171035;410511;328984
171036;311087;263667
171037;348660;300177
171038;395898;333425
171039;319736;275749
171040;430699;302323
171041;403223;284334
171042;461659;262587
171043;348750;300500
171044;387987;298727
171045;353012;313293
171046;417630;265031
171047;285570;286696
171048;326154;245394
171049;302028;288566
171050;306330;257132
171051;285866;301964
171052;292041;240630
171053;451684;217122
171054;459629;275702
171055;306308;292101
171056;299809;230849
171057;403853;280193
171058;337311;268719
171059;418568;237570
171060;421728;271197
171061;376309;258460
171062;331275;339207
171063;378488;291482
171064;401596;291069
171065;369439;253292
171066;310190;315986
171067;344291;230213
171068;333364;311269
171069;324614;262300
171070;289793;279202
171071;446139;285490
171072;369009;251674
171073;346683;227159
171074;429007;240140
171075;377033;276459
171076;323894;272105
171077;379738;300252
171078;344276;259883
171079;284658;223785
171080;389453;258674
171081;371159;291535
171082;295682;260219
171083;287266;320441
171084;301345;239015
171085;300967;263775
171086;293207;259173
171087;390891;246632
171088;361303;248048
171089;278848;273769
171090;351188;281997
171091;386132;240777
171092;381335;317404
171093;325179;311587
171094;290508;299999
171095;410401;269253
171096;438409;282993
171097;396986;246134
171098;437440;254404
171099;461915;248801
171100;402824;260458
171101;378458;284317
171102;372828;334921
171103;459889;295721
171104;408084;282729
171105;456580;247317
171106;411014;277045
171107;299494;236134
171108;387515;255845
171109;393632;331353
171110;284445;272454
171111;453057;298129
171112;458081;329412
171113;354400;239603
171114;290295;321858
171115;434613;308949
171116;404940;241929
171117;349489;343382
171118;350534;296213
171119;397057;252928
171120;427931;231241
171121;390893;262849
171122;447440;275267
171123;437109;284630
171124;436711;375254
171125;332826;305806
171126;278747;243466
171127;382250;295403
171128;383046;252188
171129;444856;227366
171130;395861;313850
171131;450401;297678
171132;385220;298208
171133;293911;242178
171134;380296;237530
171135;453590;299240
171136;350575;345752
171137;375629;299947
171138;446414;262927
171139;346843;270171
171140;390072;287932
171141;389198;242105
171142;372684;293395
171143;392072;269702
171144;342888;287712
171145;352221;290320
171146;417051;325148
171147;276198;280334
171148;401247;250680
171149;455026;304809
171150;294614;310142
171151;265079;275185
171152;345091;301583
171153;290283;304253
171154;300369;356714
171155;423783;244354
171156;360777;279841
171157;345440;290334
171158;404852;249061
171159;421941;249428
171160;370254;301086
171161;378412;306638
171162;276207;260477
171163;419429;242854
171164;365984;242057
171165;365576;311452
171166;399050;256323
171167;425963;295425
171168;298849;321948
171169;425984;221767
171170;277985;309264
171171;332918;288781
171172;287772;283926
171173;329831;318988
171174;368249;297114
171175;332119;336912
171176;361811;305847
171177;380847;276806
171178;300167;278577
171179;371159;323770
171180;455369;308742
171181;427685;332038
171182;288401;332453
171183;337890;245782
171184;394213;279577
171185;300805;269290
171186;345040;275533
171187;400999;305177
171188;434513;300515
171189;353204;242975
171190;385067;285911
171191;397169;220830
171192;409898;332123
171193;454608;213765
171194;292961;285039
171195;395899;264493
171196;432636;248296
171197;292020;271734
171198;320847;274752
171199;427081;278999
171200;343710;300296
171201;424069;275040
171202;361289;348185
171203;363028;323486
171204;392835;233598
171205;417477;312529
171206;354224;284342
171207;362811;252243
171208;446285;292990
171209;396629;246640
171210;371169;222880
171211;299622;229625
171212;283781;276472
171213;323335;294971
171214;367147;238664
171215;398055;297074
171216;326318;250698
171217;360747;261890
171218;366203;293112
171219;431401;243764
171220;364420;330463
171221;289174;308026
171222;436755;273408
171223;417424;265708
171224;408512;241535
171225;350944;308457
171226;422214;246458
171227;368605;256564
171228;314787;252912
171229;429901;293950
171230;296156;248633
171231;295551;242391
171232;410907;334494
171233;457711;327303
171234;458210;340862
171235;351931;233814
171236;427816;287760
171237;283502;298691
171238;307435;284758
171239;354866;253769
171240;351220;285092
171241;447918;289248
171242;360035;288965
171243;388291;282104
171244;329531;236831
171245;426836;238391
171246;295079;252153
171247;284600;245166
171248;405408;284510
171249;417728;311175
171250;448130;284169
171251;312479;300234
171252;347967;336610
171253;410273;311994
171254;289435;280720
171255;328051;268377
171256;416415;338443
171257;387552;247181
171258;402705;247851
171259;364631;329970
171260;417348;303971
171261;434325;279115
171262;319357;315388
171263;418707;302715
171264;327756;255345
171265;285227;244891
171266;461448;260002
171267;445208;311807
171268;368529;287261
171269;278195;312825
171270;353195;274299
171271;361579;339662
171272;449401;336817
171273;350636;326562
171274;309584;295379
171275;319765;299542
171276;452876;228699
171277;320861;243233
171278;425498;234246
171279;431352;301139
171280;284279;254060
171281;375861;249472
171282;346755;282197
171283;332799;239941
171284;449605;269312
171285;433505;297206
171286;399027;248926
171287;316387;298088
171288;347819;333128
171289;427154;240668
171290;403853;282753
171291;301841;221246
171292;425156;276774
171293;328497;253920
171294;391570;260847
171295;426713;220380
171296;414423;309417
171297;338024;314754
171298;456951;321166
171299;406617;335367
171300;432354;307145
171301;329085;244149
171302;304121;293006
171303;323508;304049
171304;399794;296794
171305;364927;306107
171306;375422;303203
171307;388423;377248
171308;378624;272275
171309;356707;303123
171310;402573;248548
171311;438236;296273
171312;375868;275872
171313;339251;304303
171314;368940;240844
171315;376061;313515
171316;374088;236613
171317;303533;277235
171318;374986;329553
171319;372088;260012
171320;370564;250820
171321;437981;222541
171322;332310;282953
171323;419689;240420
171324;403153;265593
171325;379716;238984
171326;326888;248858
171327;338643;261907
171328;335466;284775
171329;295606;271243
171330;398925;260974
171331;438427;234755
171332;450254;310218
171333;433946;260755
171334;400808;243616
171335;446391;292059
171336;350573;328461
171337;344598;325050
171338;434415;309793
171339;280212;323685
171340;355042;252216
171341;434829;311417
171342;362678;222209
171343;290274;289261
171344;281852;276993
171345;436664;307115
171346;299748;252855
171347;341843;338866
171348;330335;253870
171349;354879;293947
171350;394170;294448
171351;291341;281772
171352;455106;325362
171353;347642;268738
171354;280236;263992
171355;406820;274833
171356;340572;308208
171357;384272;279100
171358;307391;275449
171359;353969;289669
171360;456565;287640
171361;392744;268642
171362;434176;300432
171363;429864;318923
171364;361092;317271
171365;434695;251123
171366;373604;323067
171367;358644;287331
171368;389907;328376
171369;278939;279237
171370;387213;355981
171371;307808;322345
171372;288371;329576
171373;326007;257199
171374;362691;286090
171375;344002;277365
171376;383774;349294
171377;322138;288484
171378;430595;259371
171379;371124;277257
171380;312206;241912
171381;307068;330824
171382;372484;247879
171383;318796;269239
171384;413301;274193
171385;352180;322255
171386;428901;256279
171387;443469;291103
171388;406407;285556
171389;296649;312555
171390;398084;303767
171391;405640;283188
171392;408087;338222
171393;445358;234626
171394;362866;332773
171395;299777;295094
171396;368614;305520
171397;438696;297924
171398;288321;287880
171399;362365;305236
171400;302491;298099
171401;448993;285922
171402;326990;230180
171403;351365;244636
171404;390997;271308
171405;311349;278011
171406;309443;334465
171407;376308;260545
171408;392697;235046
171409;398190;351079
171410;452155;269305
171411;291723;281353
171412;334634;280561
171413;429130;291112
171414;315405;248003
171415;448395;265109
171416;351855;295739
171417;575743;297220
171418;408975;312240
171419;523690;324778
171420;423963;323108
171421;524398;318654
171422;403115;306930
171423;573551;266899
171424;494807;296181
171425;460675;278089
171426;392794;274020
171427;592222;265562
171428;430902;299192
171429;422312;303764
171430;471652;321711
171431;594179;294449
171432;560749;285058
171433;531713;317375
171434;604315;296497
171435;472223;306582
171436;432533;292763
171437;480644;283629
171438;457745;334576
171439;584848;308092
171440;549397;234548
171441;509844;314246
171442;418081;278762
171443;568928;310234
171444;493712;271794
171445;435592;297663
171446;544659;270188
171447;619648;260332
171448;574633;270039
171449;416260;289200
171450;579080;267645
171451;558476;256725
171452;409007;269890
171453;397963;290740
171454;498855;343161
171455;397938;233241
171456;570620;312152
171457;468714;274250
171458;456142;336555
171459;447871;313720
171460;487184;344912
171461;600169;277146
171462;391559;255091
171463;429240;259159
171464;467362;260806
171465;430698;338443
171466;397785;253533
171467;542130;229848
171468;408299;276995
171469;599919;338902
171470;581275;336896
171471;562450;271742
171472;385324;296500
171473;521276;284141
171474;473740;278472
171475;400419;308279
171476;376975;227338
171477;411654;284612
171478;506990;305552
171479;430501;328255
171480;606890;317447
171481;611342;280817
171482;443911;249183
171483;544766;285932
171484;450570;231325
171485;606351;260598
171486;496442;255876
171487;529159;277942
171488;462639;292450
171489;562496;324384
171490;495215;334628
171491;540373;269004
171492;533190;251404
171493;471339;261575
171494;585851;304697
171495;537235;309831
171496;463379;258278
171497;484347;328117
171498;486695;232252
171499;497639;268226
171500;505173;317565
171501;615138;323503
171502;456879;271714
171503;386347;284229
171504;445318;331807
171505;568358;251281
171506;509384;327758
171507;483944;234941
171508;398378;281324
171509;437471;245289
171510;430011;265843
171511;526338;328707
171512;509183;327539
171513;577515;302934
171514;407675;240031
171515;500561;317887
171516;597603;239677
171517;525535;311053
171518;428058;304710
171519;544141;329124
171520;513816;310952
171521;409903;314091
171522;387885;263145
171523;418919;334692
171524;566714;301434
171525;520448;306378
171526;559660;293091
171527;586865;351251
171528;618928;274516
171529;480643;306989
171530;408538;262497
171531;392352;306144
171532;474476;267818
171533;513515;223911
171534;548055;267216
171535;568023;265659
171536;563498;252446
171537;448300;315299
171538;395809;232124
171539;391603;274854
171540;526672;298540
171541;387020;295499
171542;421289;267491
171543;530418;293786
171544;557603;252153
171545;463315;318981
171546;390637;246378
171547;573849;323335
171548;587569;266555
171549;418240;266393
171550;508433;233789
171551;535527;280700
171552;516459;321015
171553;479083;297773
171554;493006;279766
171555;403154;280400
171556;496594;332487
171557;484185;239978
171558;528471;221445
171559;616486;294756
171560;384681;358242
171561;645059;238399
171562;592448;260216
171563;489462;350295
171564;621593;301305
171565;536930;313345
171566;617045;297735
171567;644536;270523
171568;468080;282580
171569;403120;263134
171570;405589;339713
171571;591368;259143
171572;529630;263583
171573;514040;290024
171574;497046;202301
171575;399322;315265
171576;429999;358607
171577;531706;313762
171578;504255;318306
171579;588805;285446
171580;406600;312730
171581;436626;249241
171582;536571;325133
171583;504524;298663
171584;502644;226671
171585;421221;310293
171586;559040;275046
171587;485039;291523
171588;603455;269757
171589;559104;251109
171590;434976;293015
171591;566632;251257
171592;538849;262530
171593;585047;247413
171594;395575;273137
171595;376152;226073
171596;451682;235319
171597;512859;265532
171598;512625;295891
171599;593749;250777
171600;570618;338876
171601;520527;331774
171602;532294;315310
171603;584868;262834
171604;397246;308391
171605;479105;241410
171606;390914;254858
171607;582672;287428
171608;425543;274506
171609;593657;271527
171610;385807;284519
171611;595926;301612
171612;426720;324735
171613;566086;294004
171614;538986;225601
171615;615155;270722
171616;499309;237619
171617;493661;300701
171618;473478;337599
171619;494778;292398
171620;622423;303096
171621;579734;235775
171622;462620;296496
171623;434705;306012
171624;524023;317184
171625;409966;261216
171626;529974;265003
171627;509686;311555
171628;438431;233198
171629;514357;292844
171630;417549;318187
171631;527319;241448
171632;427284;266249
171633;455903;291893
171634;529229;348573
171635;403714;266595
171636;447007;292689
171637;560459;221873
171638;422086;278907
171639;426000;241795
171640;607222;307752
171641;401516;281645
171642;432277;241205
171643;475515;261974
171644;579042;282176
171645;417132;237606
171646;463050;293879
171647;577143;345129
171648;465882;248138
171649;447174;324059
171650;620503;236501
171651;567031;251763
171652;378711;284517
171653;531089;269730
171654;410066;291073
171655;612806;299688
171656;478661;311107
171657;496123;254497
171658;504408;234637
171659;585074;246924
171660;420470;252039
171661;630493;226532
171662;519077;259691
171663;452089;336666
171664;441180;286251
171665;570397;338696
171666;630351;218322
171667;615685;261577
171668;483218;261946
171669;411805;336198
171670;511707;338418
171671;560669;270632
171672;569424;224421
171673;442451;284414
171674;580231;284121
171675;591724;298877
171676;415694;266275
171677;482538;267799
171678;650115;342567
171679;422901;274171
171680;623059;314335
171681;427067;333102
171682;382384;272580
171683;581721;282270
171684;578233;256251
171685;466796;313959
171686;460375;290105
171687;619281;301404
171688;443040;300054
171689;517512;295543
171690;618082;345089
171691;400520;308050
171692;474726;211934
171693;464244;225896
171694;394278;269459
171695;581794;315081
171696;398922;315716
171697;395975;228931
171698;391023;251289
171699;450176;285581
171700;379130;312158
171701;462357;265826
171702;478379;243022
171703;522761;335102
171704;406846;309256
171705;454979;331883
171706;572187;226356
171707;383532;273017
171708;478602;235080
171709;648470;273608
171710;405732;235655
171711;620218;323256
171712;397655;297327
171713;529543;286471
171714;425311;328480
171715;460443;279582
171716;490359;254070
171717;467128;281203
171718;406281;349659
171719;401509;277614
171720;437039;272510
171721;646034;326924
171722;422552;273128
171723;413614;312626
171724;469510;311367
171725;613445;264833
171726;424416;247551
171727;559870;281955
171728;577445;308814
171729;627176;276063
171730;416073;301124
171731;394909;230000
171732;559303;268940
171733;396659;245477
171734;423929;225355
171735;486253;272082
171736;555053;274882
171737;554311;296985
171738;580084;299574
171739;414911;324162
171740;586258;277028
171741;439006;325916
171742;557222;260162
171743;576736;300215
171744;628474;297596
171745;557952;239437
171746;504931;226783
171747;432641;299525
171748;512962;280651
171749;447004;295771
171750;403638;217059
171751;482090;259156
171752;556270;288049
171753;571767;247856
171754;578991;260679
171755;511353;299685
171756;610118;283488
171757;478029;275213
171758;482119;254075
171759;624799;283022
171760;594576;233184
171761;441725;296063
171762;421024;327622
171763;548391;320014
171764;487756;221937
171765;633427;311829
171766;514605;210415
171767;523703;293187
171768;385612;264237
171769;548384;274841
171770;638900;260051
171771;438781;307375
171772;441563;222249
171773;607792;251207
171774;712110;283274
171775;689318;241452
171776;436400;235422
171777;457384;245998
171778;384735;303771
171779;525957;280546
171780;400097;281913
171781;502524;294410
171782;549300;278674
171783;473189;193385
171784;599531;312349
171785;609910;292170
171786;424242;310533
171787;612571;245033
171788;457718;257079
171789;472732;285599
171790;592104;294105
171791;381727;330670
171792;422712;313721
171793;585866;284200
171794;410627;296106
171795;400539;290935
171796;561472;322984
171797;531430;269740
171798;460221;290341
171799;622996;273784
171800;401580;241361
171801;443286;326160
171802;431435;254809
171803;440470;310872
171804;540355;307295
171805;586212;267581
171806;571300;273174
171807;470951;348651
171808;558934;320979
171809;498421;206944
171810;494370;328526
171811;607500;314286
171812;696939;237677
171813;606239;239409
171814;431360;249991
171815;480248;257694
171816;452337;286713
171817;533149;261571
171818;432776;320580
171819;575250;241853
171820;505772;278137
171821;696422;220543
171822;519696;325751
171823;695413;295896
171824;676391;258885
171825;624994;305969
171826;473752;238404
171827;644339;214689
171828;557249;268396
171829;548821;308799
171830;425684;256615
171831;556979;243518
171832;654659;300420
171833;470003;251539
171834;687705;292866
171835;454950;221504
171836;505344;274785
171837;552430;247987
171838;655633;326367
171839;634045;258260
171840;648801;257764
171841;487907;330274
171842;489160;287834
171843;652650;263078
171844;569879;287765
171845;507571;347628
171846;625276;250034
171847;549613;274022
171848;479636;252297
171849;535804;287560
171850;440325;295028
171851;458750;226726
171852;462428;315111
171853;553822;247306
171854;647004;244729
171855;577380;232473
171856;630763;270808
171857;449785;289993
171858;557969;334621
171859;620036;323661
171860;424595;274691
171861;517331;251874
171862;543748;276215
171863;706626;290319
171864;606069;220452
171865;500908;286336
171866;563899;257568
171867;519228;224632
171868;519509;222104
171869;632198;276080
171870;496741;312554
171871;616990;305003
171872;511906;343462
171873;486919;228246
171874;515678;314262
171875;659285;299876
171876;656443;305875
171877;533662;283994
171878;514246;245684
171879;477059;296298
171880;556957;235281
171881;666197;328517
171882;637563;326626
171883;614417;314524
171884;472007;321802
171885;617674;234835
171886;607773;316208
171887;517095;243597
171888;605297;254059
171889;501190;272590
171890;486569;305284
171891;550127;277544
171892;503840;294961
171893;517422;243571
171894;594764;260426
171895;667836;220289
171896;675917;241060
171897;536102;240138
171898;574015;317270
171899;623078;246163
171900;679737;290430
171901;423863;286732
171902;510141;227074
171903;648780;307402
171904;476998;278358
171905;466227;268869
171906;464585;288929
171907;645423;288452
171908;468076;277591
171909;537007;296090
171910;511757;259003
171911;650819;303242
171912;503531;305055
171913;466195;280057
171914;504043;276243
171915;618841;261730
171916;428440;283042
171917;501481;282612
171918;672725;256637
171919;536956;281355
171920;503493;234074
171921;497252;293644
171922;616905;318900
171923;588945;274454
171924;651098;276301
171925;667372;318137
171926;439965;256910
171927;463708;309620
171928;442059;311122
171929;564675;262813
171930;597711;300412
171931;539623;221149
171932;451976;337563
171933;626243;271434
171934;440574;302045
171935;625294;278909
171936;498760;255127
171937;463511;273973
171938;634865;313953
171939;612426;262381
171940;622648;249614
171941;506515;308112
171942;672924;297607
171943;650643;275526
171944;496138;256978
171945;536000;343086
171946;631295;231537
171947;643678;287521
171948;493086;216439
171949;526712;326408
171950;458513;228088
171951;653275;257753
171952;510527;283481
171953;587329;221823
171954;685365;271460
171955;527238;245717
171956;447545;266690
171957;631657;243666
171958;602701;283219
171959;517354;261179
171960;637909;228841
171961;524181;365515
171962;650964;305236
171963;469305;306468
171964;585398;231055
171965;667503;253865
171966;673924;301803
171967;647593;321428
171968;440209;243743
171969;506441;288364
171970;436237;233376
171971;425265;282324
171972;567028;303796
171973;541117;286910
171974;537804;299879
171975;638396;231729
171976;476901;306750
171977;471610;229697
171978;506946;279388
171979;661646;241868
171980;469286;301652
171981;455735;238459
171982;606751;274352
171983;531282;297134
171984;482711;320259
171985;670156;257595
171986;630893;264431
171987;724008;248534
171988;525796;276503
171989;456975;307984
171990;641396;231784
171991;586645;223276
171992;458442;297288
171993;516963;273668
171994;493766;247704
171995;664314;272500
171996;667597;268773
171997;528944;258166
171998;491310;213636
171999;565211;235994
172000;657810;352816
172001;503313;274723
172002;494239;237086
172003;554627;358435
172004;474489;241057
172005;499775;354625
172006;667945;323971
172007;671939;277431
172008;637050;274545
172009;587821;300981
172010;647281;307930
172011;701917;232971
172012;578052;315369
172013;643702;236535
172014;509696;341885
172015;480465;247250
172016;633124;289915
172017;507681;261981
172018;549228;223303
172019;447058;235674
172020;636464;270609
172021;602040;266754
172022;579047;324932
172023;511811;278358
172024;439742;295175
172025;529631;252164
172026;531581;315708
172027;513945;303613
172028;556343;254639
172029;445134;235523
172030;678864;350899
172031;429385;321832
172032;611735;327460
172033;423175;270054
172034;642436;291175
172035;506936;270108
172036;642534;293369
172037;659014;297989
172038;420900;277725
172039;524776;302528
172040;628583;244318
172041;481958;265914
172042;455536;271593
172043;673050;253694
172044;445344;309444
172045;595234;256234
172046;574456;269326
172047;430647;326196
172048;562893;284864
172049;432240;298486
172050;676606;307746
172051;530712;289664
172052;548256;302879
172053;623717;236223
172054;502770;304552
172055;525252;321719
172056;458740;317073
172057;642546;237323
172058;457112;306792
172059;466998;315582
172060;564915;247817
172061;477468;255328
172062;524137;288618
172063;592464;239505
172064;541490;272828
172065;533168;240448
172066;457416;325911
172067;482455;310798
172068;459523;303758
172069;447264;303260
172070;428404;246125
172071;605575;340617
172072;568330;280486
172073;674552;260666
172074;521017;251375
172075;572227;278811
172076;527573;302826
172077;561008;218858
172078;579341;334402
172079;655284;273562
172080;527502;313127
172081;428072;242606
172082;557434;306249
172083;577868;279966
172084;576065;231103
172085;426575;257014
172086;685433;313139
172087;724894;300192
172088;466946;345685
172089;500758;241129
172090;577401;338657
172091;638003;263081
172092;454607;322039
172093;660560;282996
172094;691306;275542
172095;564224;290348
172096;691696;257665
172097;620133;255387
172098;554683;264558
172099;515335;305690
172100;706971;306911
172101;567683;287633
172102;576859;283909
172103;494293;227968
172104;514395;279982
172105;622866;282832
172106;433003;237563
172107;688341;266680
172108;625695;209892
172109;503478;284992
172110;506658;269318
172111;649377;221060
172112;669763;276751
172113;453007;304366
172114;440263;257764
172115;555219;283679
172116;458290;304949
172117;518196;285882
172118;515677;326183
172119;571190;264781
172120;654193;301986
172121;556955;287603
172122;568209;340864
172123;678755;301286
172124;429100;284805
172125;617413;258217
172126;666557;243269
172127;500238;310448
172128;660079;302107
172129;503643;322943
172130;471878;285229
172131;573040;313110
172132;625865;255045
172133;537194;290465
172134;547302;293342
172135;537845;261940
172136;469094;278203
172137;680028;279451
172138;661542;292922
172139;683644;249150
172140;614491;266247
172141;493331;318861
172142;501602;279929
172143;459134;264563
172144;591896;247481
172145;609152;321016
172146;526084;259647
172147;699627;237829
172148;464050;340124
172149;462766;279394
172150;673778;301543
172151;430455;291575
172152;520554;299781
172153;501331;300593
172154;503369;256850
172155;521047;287600
172156;609975;304765
172157;651021;322387
172158;513842;303693
172159;555895;303214
172160;547209;324120
172161;623004;231689
172162;567699;293115
172163;475546;234954
172164;463108;259585
172165;673701;252741
172166;440735;229425
172167;435588;294588
172168;575171;333289
172169;705730;292047
172170;519606;265293
172171;502480;338506
172172;536563;325547
172173;615129;251574
172174;702749;320380
172175;685300;216169
172176;660340;280304
172177;657272;274133
172178;600932;307499
172179;613025;268007
172180;445156;251123
172181;483955;276773
172182;568461;301984
172183;503687;249314
172184;681283;261076
172185;606502;292355
172186;617068;271865
172187;516424;319618
172188;507926;238757
172189;577820;248730
172190;380236;284584
172191;488265;280500
172192;424248;255700
172193;450916;303067
172194;480549;292745
172195;342726;297118
172196;307608;304330
172197;482032;262106
172198;365844;322599
172199;428496;266310
172200;410170;329190
172201;350371;340951
172202;373038;329513
172203;447303;263691
172204;384726;240188
172205;411650;293874
172206;424307;281620
172207;343219;303278
172208;377954;332487
172209;346532;292915
172210;400685;262507
172211;300631;302190
172212;324744;319529
172213;317069;337374
172214;388306;281771
172215;459864;259179
172216;479762;274754
172217;443302;276953
172218;335692;227911
172219;458264;278265
172220;407375;231954
172221;354273;269813
172222;489795;271600
172223;386397;287400
172224;315712;271749
172225;310965;321259
172226;425060;255905
172227;388022;281421
172228;415336;225917
172229;391307;337020
172230;422216;307506
172231;386948;295379
172232;431479;330797
172233;404051;312283
172234;346212;340466
172235;360704;254215
172236;339641;244571
172237;473334;274807
172238;383836;248533
172239;404629;248345
172240;452235;323324
172241;387828;334721
172242;342202;295667
172243;314889;296606
172244;423246;224620
172245;346657;256083
172246;453203;265809
172247;464062;250194
172248;431510;243761
172249;456828;337916
172250;471118;290083
172251;388178;246962
172252;346436;229618
172253;456057;274543
172254;336361;247167
172255;418237;279741
172256;469885;277761
172257;416298;317012
172258;374810;298553
172259;326954;300989
172260;442808;262543
172261;418537;234413
172262;448432;241801
172263;402325;267172
172264;486110;265563
172265;357973;298736
172266;447197;265122
172267;368394;273573
172268;381531;257644
172269;341210;271594
172270;450223;235086
172271;433107;255493
172272;494296;244364
172273;439646;268824
172274;439907;293649
172275;312806;284116
172276;433475;270357
172277;303963;319819
172278;403447;215427
172279;331734;225282
172280;323999;294653
172281;337629;288702
172282;408667;302770
172283;452284;236139
172284;393129;269309
172285;496581;263692
172286;447070;279878
172287;345972;256949
172288;469860;275223
172289;439484;326818
172290;364245;309618
172291;382714;299567
172292;341437;295837
172293;392298;318138
172294;493661;307236
172295;468281;304697
172296;357979;265624
172297;382660;251866
172298;369846;266264
172299;472379;258855
172300;420889;301199
172301;412298;296503
172302;443944;257674
172303;437525;307989
172304;456848;291858
172305;365809;319396
172306;467799;294602
172307;322320;225488
172308;346509;240767
172309;460400;234374
172310;358358;282945
172311;432222;314193
172312;436751;223418
172313;429687;319584
172314;453192;291872
172315;423943;281400
172316;309506;307402
172317;478227;240647
172318;310460;248482
172319;319472;324335
172320;467666;287775
172321;383724;275675
172322;485611;306346
172323;333304;235068
172324;399240;267223
172325;420136;223601
172326;446663;285503
172327;305502;263041
172328;398183;329888
172329;389065;300213
172330;498013;248582
172331;482211;302730
172332;458237;233430
172333;456832;255676
172334;390332;275777
172335;450834;249135
172336;367854;272382
172337;417925;287358
172338;430898;241270
172339;383299;342536
172340;329397;279138
172341;356415;262561
172342;443807;350876
172343;362473;255342
172344;301707;243456
172345;363663;259118
172346;340023;311899
172347;458283;331303
172348;328626;311910
172349;493972;326686
172350;354097;252938
172351;389713;276144
172352;471910;261523
172353;429746;254774
172354;446722;300152
172355;396292;245163
172356;324358;268623
172357;402839;252294
172358;361422;348876
172359;427268;279785
172360;398515;235159
172361;359888;273784
172362;324762;332244
172363;375936;313830
172364;329141;292381
172365;419133;328050
172366;480994;339811
172367;309538;342549
172368;336441;238187
172369;468985;310846
172370;409272;312542
172371;364906;266635
172372;345296;293765
172373;486844;296721
172374;321387;276128
172375;496892;300135
172376;449254;292826
172377;423011;271470
172378;385368;295041
172379;381863;295631
172380;463854;316852
172381;400475;247865
172382;486259;240746
172383;319104;321566
172384;428735;213730
172385;490497;304435
172386;330573;294927
172387;418825;302310
172388;299782;307041
172389;462649;322376
172390;482283;321189
172391;331193;250604
172392;311095;269675
172393;312436;232508
172394;396302;255343
172395;429900;292581
172396;417991;308004
172397;359324;243796
172398;400529;300406
172399;352967;285952
172400;444393;301383
172401;487666;316677
172402;328819;281277
172403;493668;299631
172404;328078;260299
172405;332866;324073
172406;384006;315573
172407;307938;282643
172408;364266;282245
172409;493335;327941
172410;434825;254112
172411;483948;282222
172412;306584;256592
172413;426479;249311
172414;348566;345210
172415;331350;262262
172416;443583;302513
172417;335288;263019
172418;479493;251485
172419;478272;244231
172420;446822;260628
172421;309230;252783
172422;476881;312855
172423;463861;261828
172424;381905;285016
172425;366124;276371
172426;336204;260857
172427;444832;237467
172428;393315;361578
172429;420686;282757
172430;359603;285487
172431;380660;222690
172432;321924;275496
172433;461398;286541
172434;399838;299898
172435;323526;353853
172436;334333;285077
172437;387248;311257
172438;379779;249626
172439;310945;261181
172440;500076;278533
172441;439152;312992
172442;335945;256523
172443;334985;299380
172444;306115;326094
172445;413276;279243
172446;476247;336800
172447;491212;261882
172448;336229;317517
172449;471594;257243
172450;356124;269047
172451;430384;227868
172452;389471;274589
172453;309617;257958
172454;323633;289354
172455;360402;274150
172456;403376;297191
172457;420778;273045
172458;302454;241563
172459;393205;318847
172460;375551;253346
172461;447887;319331
172462;295505;310779
172463;379740;242037
172464;473327;245983
172465;447383;269043
172466;371324;318235
172467;306076;299624
172468;491286;250618
172469;485828;271582
172470;327813;273712
172471;368474;275842
172472;479582;228257
172473;441855;202509
172474;463141;299028
172475;375235;277550
172476;297405;300258
172477;341677;297023
172478;397784;280703
172479;377324;251688
172480;473546;235667
172481;478405;292245
172482;354502;346611
172483;493798;311216
172484;436963;268298
172485;428223;221082
172486;366634;247605
172487;343350;318376
172488;448882;289875
172489;413640;252965
172490;461364;270623
172491;398376;299937
172492;345457;292673
172493;356455;227748
172494;392469;283452
172495;357040;262395
172496;298472;317306
172497;459116;258963
172498;347610;252293
172499;441319;341244
172500;400544;312988
172501;480548;259669
172502;415612;283701
172503;455301;270302
172504;470054;299524
172505;450653;266471
172506;402196;284573
172507;385589;292158
172508;458238;283328
172509;298962;263993
172510;385083;291353
172511;454307;227676
172512;594021;276423
172513;599780;329215
172514;701581;270083
172515;456568;285191
172516;635926;221861
172517;533716;289171
172518;591250;279723
172519;679159;291792
172520;720406;261645
172521;523394;245867
172522;563932;300503
172523;742888;268769
172524;528644;296991
172525;710506;308596
172526;696536;303026
172527;535993;289293
172528;464327;304935
172529;744614;290556
172530;675777;332461
172531;483901;285574
172532;563898;248455
172533;697274;366468
172534;617727;336012
172535;673260;307647
172536;715163;264707
172537;671055;274915
172538;658694;345206
172539;624360;253640
172540;544206;239244
172541;597689;273912
172542;751738;254304
172543;533584;290898
172544;568591;305133
172545;601152;238649
172546;449814;298394
172547;553705;225108
172548;519985;340871
172549;707384;327474
172550;476534;281192
172551;678968;313473
172552;593045;289610
172553;512816;287970
172554;678427;225561
172555;474041;289264
172556;458258;244830
172557;459152;284747
172558;714113;332473
172559;547961;279169
172560;607233;285768
172561;498091;299916
172562;699526;280281
172563;670640;285443
172564;741910;295775
172565;744313;231927
172566;662904;338059
172567;528663;322986
172568;544041;301939
172569;611627;310746
172570;654820;330090
172571;553966;318028
172572;647097;239977
172573;591410;214628
172574;471106;355438
172575;703028;270093
172576;662955;278148
172577;714317;296256
172578;618098;268697
172579;660177;298139
172580;509805;314201
172581;594509;286186
172582;727113;254966
172583;551932;273589
172584;610284;335704
172585;497615;323922
172586;509243;254787
172587;553608;291415
172588;640329;266305
172589;731628;298251
172590;528062;267777
172591;500167;258356
172592;639540;281202
172593;512367;270048
172594;551254;295432
172595;465593;291990
172596;539752;218203
172597;555335;233763
172598;676081;277874
172599;695397;316907
172600;561864;209214
172601;697185;290123
172602;505197;231866
172603;460978;264172
172604;632985;304725
172605;628821;227555
172606;651722;274856
172607;544127;329311
172608;606680;275026
172609;506541;300389
172610;611981;309213
172611;581378;309685
172612;597700;298660
172613;607796;306910
172614;461440;247702
172615;569247;314251
172616;483727;308014
172617;712859;316968
172618;464377;322851
172619;462358;261288
172620;516282;314742
172621;468384;311340
172622;741996;264158
172623;582613;267375
172624;605139;287790
172625;538788;337960
172626;464632;239812
172627;719139;238267
172628;539994;257184
172629;501204;299885
172630;643692;307931
172631;685119;324689
172632;571267;266737
172633;709043;222993
172634;507247;225638
172635;625103;283956
172636;512653;331378
172637;739854;316653
172638;514012;245708
172639;505319;329296
172640;621852;242304
172641;690334;261646
172642;575522;294858
172643;639667;331243
172644;465465;246002
172645;548147;306294
172646;494310;226518
172647;626514;300871
172648;503594;248935
172649;548417;240822
172650;706197;264829
172651;678228;301223
172652;547054;290937
172653;719889;280529
172654;715066;301649
172655;735395;332960
172656;745003;339931
172657;546259;338340
172658;500566;319677
172659;510793;258621
172660;673229;320903
172661;539286;289507
172662;616723;262395
172663;724547;270571
172664;501050;243050
172665;715051;257271
172666;637025;322980
172667;574847;317601
172668;446714;244794
172669;498619;263472
172670;750219;303146
172671;729749;299880
172672;698137;267393
172673;561543;295900
172674;684028;319554
172675;715711;271171
172676;459983;304710
172677;697576;286872
172678;662654;271678
172679;607764;335438
172680;707405;229428
172681;532958;345630
172682;728010;264919
172683;633393;275860
172684;633177;207994
172685;487387;317222
172686;750954;258333
172687;528814;307467
172688;508017;264822
172689;619588;239111
172690;579069;276971
172691;629204;301832
172692;491595;257741
172693;495551;290520
172694;698218;284257
172695;547100;309942
172696;538293;360091
172697;594337;214701
172698;575544;269474
172699;688408;221336
172700;491497;245339
172701;627065;292091
172702;670334;282321
172703;502700;275136
172704;733122;232748
172705;634400;268645
172706;593556;283569
172707;652821;280921
172708;517767;302553
172709;459327;245690
172710;618879;347144
172711;500029;267904
172712;545814;238001
172713;695318;290459
172714;737917;336951
172715;723505;261001
172716;466113;302290
172717;595513;220722
172718;489042;222812
172719;723920;298700
172720;593020;288110
172721;688444;233241
172722;526751;237672
172723;623405;271606
172724;679855;229996
172725;483933;283228
172726;678277;270382
172727;559653;320602
172728;544860;244037
172729;473811;286866
172730;724258;288818
172731;692077;257049
172732;745835;313843
172733;744224;284866
172734;682113;295619
172735;669934;288573
172736;736389;251115
172737;592357;220395
172738;726865;301082
172739;459929;282900
172740;705786;311929
172741;494972;304411
172742;546570;265888
172743;480910;293202
172744;599405;261072
172745;741613;335983
172746;589513;326223
172747;449729;221551
172748;467709;284733
172749;478005;248740
172750;567858;281767
172751;553836;221570
172752;609580;253484
172753;602005;253478
172754;600323;261198
172755;502087;216234
172756;611315;297696
172757;724768;250295
172758;540238;300318
172759;594951;266098
172760;551551;299041
172761;659262;303136
172762;747739;298686
172763;728933;218353
172764;488300;266274
172765;724558;271142
172766;664345;292973
172767;465594;303015
172768;491663;322777
172769;482162;274932
172770;554609;301658
172771;647482;234390
172772;502659;331464
172773;698647;279201
172774;593442;248248
172775;745003;269441
172776;715150;234925
172777;688293;332996
172778;623074;238454
172779;638702;333863
172780;544081;230621
172781;626417;303567
172782;733634;344579
172783;630589;299310
172784;456600;265060
172785;566525;246462
172786;645296;250244
172787;541827;340163
172788;648802;235557
172789;692370;330431
172790;672016;302826
172791;466358;261227
172792;463047;235063
172793;603170;283717
172794;671260;296621
172795;636973;290782
172796;474561;292875
172797;679767;293664
172798;587623;300215
172799;701859;279061
172800;542823;277070
172801;682994;298711
172802;478640;306677
172803;698312;314867
172804;652472;284468
172805;534862;279535
172806;605028;249437
172807;451220;294948
172808;676145;220945
172809;616808;353877
172810;628162;299741
172811;669699;319083
172812;532139;221757
172813;726866;279190
172814;471545;353177
172815;541675;299283
172816;569097;274000
172817;662360;262692
172818;478495;271172
172819;517436;257948
172820;724521;309254
172821;718783;301925
172822;756225;298397
172823;590654;256457
172824;689698;244717
172825;665894;263699
172826;628314;257481
172827;537868;256642
172828;655591;260685
172829;605515;293804
172830;606356;292112
172831;613415;275350
172832;543166;275870
172833;620443;250352
172834;470287;325054
172835;730137;302805
172836;481122;214923
172837;729440;221870
172838;594984;254067
172839;243898;298742
172840;240652;274360
172841;343148;275403
172842;258566;318095
172843;313993;244416
172844;233090;319148
172845;210077;249588
172846;239537;265938
172847;280114;294392
172848;334887;256222
172849;281248;255010
172850;294526;288523
172851;233012;333803
172852;211678;309037
172853;217520;286047
172854;261367;314436
172855;268984;309201
172856;262808;223773
172857;239759;236454
172858;268018;271576
172859;326501;320403
172860;283449;311270
172861;212528;279219
172862;259345;271124
172863;264211;310307
172864;230873;269451
172865;214938;325463
172866;241124;323232
172867;342307;300288
172868;333086;226974
172869;305727;291818
172870;261415;274436
172871;319571;306669
172872;219255;222613
172873;263321;293705
172874;280493;271145
172875;259296;335551
172876;327608;261943
172877;339848;293808
172878;310679;269314
172879;333143;290524
172880;281174;276381
172881;342422;261261
172882;270983;296446
172883;226387;309965
172884;209039;286114
172885;209934;339021
172886;255565;248779
172887;320469;266181
172888;320106;250017
172889;244903;337233
172890;266160;299706
172891;277396;259225
172892;266840;285438
172893;287201;315010
172894;217224;295872
172895;248145;295823
172896;253834;300395
172897;262489;258935
172898;230362;315437
172899;220846;259006
172900;266264;304988
172901;282167;233569
172902;295551;225320
172903;283709;329015
172904;300957;293826
172905;318457;290609
172906;232154;333563
172907;287013;229426
172908;212264;250421
172909;241693;347603
172910;336438;297550
172911;335983;287037
172912;291757;248960
172913;206029;289163
172914;261481;250112
172915;314578;291529
172916;243883;252787
172917;316417;344723
172918;319888;305371
172919;289219;262843
172920;310171;247086
172921;230816;319651
172922;303805;273865
172923;240554;276196
172924;235233;307786
172925;274037;260160
172926;254037;257377
172927;276093;287104
172928;286710;231965
172929;222553;256872
172930;259824;351497
172931;307705;234020
172932;239029;287662
172933;323054;312726
172934;336211;273547
172935;334179;305875
172936;276713;281564
172937;251640;288264
172938;283070;267808
172939;214548;281016
172940;323454;224073
172941;252481;315354
172942;300281;267923
172943;315992;267376
172944;327062;297701
172945;219242;271625
172946;233871;296649
172947;234147;271656
172948;318981;262716
172949;287135;246712
172950;227298;269484
172951;206170;283642
172952;306701;260965
172953;281358;257754
172954;280411;323577
172955;298567;263313
172956;330491;307048
172957;225258;252714
172958;220242;214226
172959;282098;307079
172960;235477;319642
172961;244575;233512
172962;303831;247223
172963;286492;238773
172964;252535;298571
172965;249282;308630
172966;314821;332838
172967;327728;302385
172968;341127;271832
172969;263142;298663
172970;215890;254709
172971;225881;205855
172972;225563;348404
172973;257104;232231
172974;275915;290273
172975;308400;284491
172976;330779;310769
172977;233676;231448
172978;355862;314062
172979;216972;288849
172980;338139;337458
172981;268511;282305
172982;295920;297674
172983;274741;276200
172984;270234;241609
172985;340107;295876
172986;212800;260465
172987;334705;241071
172988;320153;243218
172989;310873;281256
172990;253229;271799
172991;277680;241290
172992;252412;233327
172993;240841;232521
172994;329833;240173
172995;234993;288695
172996;208728;256156
172997;313363;289342
172998;231183;280065
172999;233713;291577
173000;286156;332986
173001;292772;292164
173002;319858;304573
173003;340639;304360
173004;359804;313767
173005;288335;291034
173006;298272;339173
173007;283764;298522
173008;293043;251317
173009;312007;313432
173010;300401;298387
173011;240876;338163
173012;244773;285486
173013;335480;292419
173014;328240;290447
173015;261197;247143
173016;316673;267091
173017;206224;271249
173018;219101;268400
173019;317161;319069
173020;220431;276279
173021;318771;252144
173022;332178;330815
173023;221737;255097
173024;342949;307413
173025;252329;330948
173026;258887;330627
173027;314275;333633
173028;259972;319799
173029;275690;251388
173030;267840;285373
173031;315927;250204
173032;268500;291716
173033;318641;240010
173034;285845;296693
173035;275679;302264
173036;298633;285335
173037;254516;305774
173038;298251;238250
173039;339154;292246
173040;273683;215383
173041;260779;258778
173042;327228;236339
173043;268719;254489
173044;326099;286021
173045;318904;288068
173046;208691;284809
173047;237896;297120
173048;273651;299791
173049;258809;318900
173050;227154;349324
173051;205701;276942
173052;259419;285852
173053;227695;271856
173054;232189;264429
173055;257342;260948
173056;250549;297746
173057;215460;323272
173058;220476;303717
173059;322400;289135
173060;329032;259201
173061;202802;320659
173062;307077;273989
173063;299499;296980
173064;313093;281024
173065;281344;297512
173066;211820;246518
173067;330669;264397
173068;296468;272122
173069;222393;337456
173070;227594;298259
173071;317118;250850
173072;321989;281665
173073;329419;283574
173074;273442;296343
173075;275807;253791
173076;233232;291833
173077;318185;320482
173078;237397;325903
173079;244126;308669
173080;238638;259269
173081;248820;279448
173082;274171;240848
173083;252182;272177
173084;243841;277012
173085;304667;248400
173086;335401;247868
173087;236828;311606
173088;277977;277315
173089;253331;294045
173090;252818;325830
173091;252571;285393
173092;343743;299318
173093;288801;260027
173094;340081;275524
173095;226673;229778
173096;208239;321860
173097;277014;256171
173098;253825;292863
173099;281663;268931
173100;265733;291953
173101;317349;311494
173102;269846;289964
173103;308207;248127
173104;343301;222449
173105;342848;290358
173106;305710;279155
173107;286374;269764
173108;236632;316639
173109;207587;242396
173110;336829;308014
173111;237521;344080
173112;342424;245952
173113;241364;226795
173114;235255;327208
173115;340469;300715
173116;247641;267578
173117;214054;260269
173118;341133;230735
173119;329718;302675
173120;348316;281059
173121;331616;282471
173122;296601;252280
173123;241040;291296
173124;226109;289096
173125;265942;226306
173126;302740;246390
173127;292535;280692
173128;323521;246893
173129;230653;233704
173130;308265;248554
173131;333931;289739
173132;225030;226738
173133;251140;261122
173134;220654;320828
173135;245310;264456
173136;313780;263769
173137;241084;249409
173138;220602;253510
173139;267384;296195
173140;320631;238993
173141;215652;274013
173142;313902;294689
173143;330675;349024
173144;219285;309036
173145;231209;296224
173146;224910;308476
173147;322464;299001
173148;246117;298994
173149;272747;285906
173150;213351;332968
173151;304711;256608
173152;245373;292098
173153;247095;258426
173154;240689;291108
173155;323667;291324
173156;337153;263091
173157;301204;305331
173158;322113;276051
173159;222828;307549
173160;256004;233366
173161;269710;258141
173162;222071;296673
173163;260797;260526
173164;225677;277779
173165;323974;259199
173166;229608;250068
173167;221446;272741
173168;232501;318234
173169;217937;231167
173170;239896;254951
173171;221133;290679
173172;337810;322054
173173;275823;241601
173174;229267;308854
173175;282176;328376
173176;356467;281440
173177;289136;296543
173178;303429;314430
173179;285209;274819
173180;238364;275645
173181;315046;264546
173182;241049;309304
173183;341479;274371
173184;266389;252973
173185;284719;262743
173186;308960;249172
173187;317432;269763
173188;179977;320997
173189;271874;317968
173190;193679;320585
173191;243288;337882
173192;249610;268677
173193;236556;284065
173194;213824;248799
173195;175920;278934
173196;271207;285260
173197;181929;277054
173198;210653;237377
173199;174196;296615
173200;228529;248678
173201;187325;307380
173202;223310;230023
173203;227364;284924
173204;199074;293917
173205;266911;325799
173206;216050;251468
173207;180170;267947
173208;249382;304254
173209;245939;220122
173210;200818;277299
173211;259731;315604
173212;280226;326867
173213;248623;287066
173214;258007;338874
173215;176191;242321
173216;197489;300033
173217;258385;261097
173218;178775;273730
173219;225432;285649
173220;241134;258727
173221;258903;279048
173222;258004;253768
173223;177965;210571
173224;240663;320952
173225;197085;356586
173226;261231;267544
173227;184823;257171
173228;264066;237926
173229;252444;317413
173230;249667;251130
173231;229556;257289
173232;214503;281395
173233;238440;290168
173234;185708;317983
173235;272395;282987
173236;239201;250040
173237;259577;259723
173238;268671;235773
173239;255294;273916
173240;213451;320827
173241;168760;243973
173242;222573;322833
173243;202881;310078
173244;169397;279008
173245;272469;307116
173246;233989;261722
173247;266660;338288
173248;190855;342158
173249;195595;233510
173250;170160;271164
173251;199167;295130
173252;235246;320191
173253;270059;221296
173254;186277;286332
173255;234537;316565
173256;247728;236383
173257;224617;270112
173258;260666;236093
173259;218813;235609
173260;257790;305143
173261;182182;347691
173262;204557;325441
173263;222486;318289
173264;217907;283927
173265;239078;289437
173266;227950;233247
173267;198139;259393
173268;241336;278414
173269;170579;236946
173270;198783;290720
173271;263594;326803
173272;187402;227209
173273;264690;293500
173274;276281;306767
173275;181665;312400
173276;217834;284793
173277;190944;290221
173278;260894;267611
173279;178317;225240
173280;276082;334236
173281;253696;222040
173282;191157;263018
173283;176847;328894
173284;217190;306534
173285;165788;282994
173286;167687;279128
173287;247391;275794
173288;167590;282763
173289;214037;249800
173290;181518;226467
173291;249682;239776
173292;232346;301075
173293;228753;246421
173294;209645;258594
173295;254374;271654
173296;255672;316555
173297;270183;317226
173298;200199;350975
173299;253958;275539
173300;241013;295228
173301;260872;295608
173302;210989;284645
173303;216922;260069
173304;279398;296471
173305;192654;312166
173306;214045;279232
173307;240451;291728
173308;249547;260360
173309;220697;337579
173310;264609;261731
173311;180405;305361
173312;255912;299392
173313;181753;330503
173314;265618;304772
173315;169751;294992
173316;196229;258293
173317;242163;306658
173318;243890;279809
173319;180883;269425
173320;221814;288584
173321;170584;283554
173322;180209;290715
173323;203622;318711
173324;217031;278154
173325;169148;307827
173326;208102;240854
173327;274108;290925
173328;266567;262501
173329;279324;258479
173330;179156;264595
173331;239487;326925
173332;223121;290160
173333;191032;318909
173334;261444;253298
173335;256715;322568
173336;236010;270624
173337;200152;258677
173338;217895;232323
173339;186381;276792
173340;211974;244934
173341;266908;291345
173342;184863;224192
173343;234984;252173
173344;167777;277839
173345;192792;296645
173346;244298;253358
173347;250263;286427
173348;197023;280657
173349;219018;291676
173350;192726;304444
173351;211998;260819
173352;185666;212022
173353;270999;339487
173354;209835;255771
173355;279769;257200
173356;232135;312897
173357;231960;240451
173358;186725;246525
173359;245217;255998
173360;264330;267059
173361;212793;238271
173362;211582;227901
173363;213210;256102
173364;240616;304155
173365;264038;291329
173366;183282;256860
173367;217974;231864
173368;257420;292269
173369;258759;315541
173370;190171;301352
173371;213870;322214
173372;238039;249011
173373;247784;268802
173374;179875;301471
173375;201380;271107
173376;222475;267544
173377;249496;291002
173378;272522;320401
173379;189825;308229
173380;267269;296151
173381;225524;317747
173382;214311;360557
173383;218010;284815
173384;234251;244060
173385;218000;308191
173386;227186;308848
173387;231317;314464
173388;214085;239208
173389;260205;312073
173390;196008;288817
173391;194339;228856
173392;250729;247061
173393;198621;273448
173394;234502;263167
173395;208707;350881
173396;210106;240487
173397;245571;340041
173398;222109;262485
173399;208607;282606
173400;238899;302314
173401;216207;291601
173402;248030;303803
173403;228424;257393
173404;257881;208526
173405;167428;242550
173406;213889;230449
173407;176821;321789
173408;211837;261079
173409;205627;330001
173410;262407;257964
173411;202431;252993
173412;223291;265664
173413;262103;273479
173414;240119;275857
173415;179512;242668
173416;220045;331833
173417;251315;336010
173418;275681;325467
173419;269689;320737
173420;227369;285715
173421;203073;278357
173422;204562;304980
173423;195105;300541
173424;244645;248750
173425;204755;302675
173426;243476;295249
173427;190868;284922
173428;221894;246682
173429;264774;328509
173430;187497;237914
173431;203897;291612
173432;195725;323681
173433;195470;303350
173434;197370;329330
173435;279592;229581
173436;240822;252436
173437;221550;331069
173438;197579;311209
173439;183090;240914
173440;276980;306564
173441;171360;224887
173442;250802;284733
173443;271920;261899
173444;222507;250982
173445;181153;306903
173446;174477;322978
173447;233205;273513
173448;181899;231578
173449;198535;283276
173450;250823;250142
173451;214414;303788
173452;214179;266683
173453;183556;277724
173454;203204;317830
173455;169883;294617
173456;206764;320022
173457;253462;269491
173458;200575;349105
173459;257490;292673
173460;280290;314877
173461;174295;194218
173462;274674;281885
173463;233255;320115
173464;200640;259555
173465;258842;250320
173466;196355;285815
173467;226708;268004
173468;196521;248355
173469;194120;243499
173470;266759;241254
173471;172036;307017
173472;189321;338605
173473;264062;248294
173474;197338;278662
173475;219087;252703
173476;177765;271166
173477;238571;316902
173478;238266;287438
173479;254431;291522
173480;264205;266697
173481;257059;310052
173482;187382;271277
173483;260593;302284
173484;218585;285343
173485;252942;320415
173486;256165;289327
173487;206974;221413
173488;222693;256194
173489;203018;323662
173490;203787;250799
173491;260932;264014
173492;238469;273933
173493;210021;312087
173494;199076;253352
173495;262196;302212
173496;188513;297685
173497;181480;294955
173498;274531;259088
173499;241624;333858
173500;245070;276779
173501;211099;278002
173502;273023;327439
173503;216407;303987
173504;239862;302483
173505;180244;244858
173506;227183;244026
173507;195915;267208
173508;237997;303991
173509;245390;312020
173510;279760;248155
173511;205033;217414
173512;223908;291246
173513;184768;257292
173514;260943;275893
173515;238145;304624
173516;184363;260642
173517;211438;273410
173518;183730;300040
173519;158695;276351
173520;215024;230710
173521;177798;245264
173522;160356;335791
173523;260584;244220
173524;181343;231139
173525;219493;343031
173526;166415;315696
173527;176435;323729
173528;210762;298915
173529;189203;306654
173530;187193;230167
173531;232083;275844
173532;254096;298220
173533;192962;241412
173534;240023;281836
173535;239793;332434
173536;232111;264124
173537;252294;242114
173538;255319;270603
173539;163387;296920
173540;253902;290560
173541;204993;276353
173542;252590;299784
173543;200649;271394
173544;203377;269901
173545;157956;255444
173546;168019;310312
173547;238592;282042
173548;177099;250404
173549;196862;339164
173550;251895;317146
173551;258035;250954
173552;213686;339550
173553;160864;243562
173554;190705;207599
173555;245232;301035
173556;178099;246016
173557;210725;291750
173558;230409;236684
173559;201573;279510
173560;204980;227000
173561;199982;346088
173562;201910;249582
173563;169579;269811
173564;256186;285314
173565;213029;289052
173566;257836;321234
173567;162539;213586
173568;251378;305941
173569;203393;275538
173570;223610;325446
173571;168463;313292
173572;223796;268929
173573;204516;319581
173574;256612;263991
173575;182576;292340
173576;223993;307753
173577;173871;298777
173578;210926;238667
173579;169757;260197
173580;190098;317091
173581;185011;256979
173582;171059;291598
173583;253533;256262
173584;229864;282519
173585;244863;248620
173586;256122;245616
173587;200171;315095
173588;190176;229023
173589;209533;299738
173590;171797;316353
173591;215113;262750
173592;197070;236898
173593;258359;245440
173594;228894;263433
173595;160776;294168
173596;254495;232742
173597;261585;287897
173598;182323;303387
173599;249537;323270
173600;165441;216271
173601;211327;328362
173602;255247;258975
173603;159808;285585
173604;173631;285925
173605;199302;269761
173606;255779;257755
173607;177504;301380
173608;226560;307521
173609;200030;336491
173610;251843;258360
173611;246590;259994
173612;200997;250083
173613;192449;224677
173614;201324;289209
173615;158329;252683
173616;201345;247800
173617;217592;326298
173618;230134;262674
173619;246260;299609
173620;223520;297813
173621;164111;277698
173622;217309;308148
173623;230847;255449
173624;162156;250382
173625;282792;315395
173626;202901;267436
173627;203575;328286
173628;250883;255460
173629;253576;270285
173630;259080;321535
173631;184933;289864
173632;206323;305881
173633;229784;301143
173634;221253;263567
173635;249408;289956
173636;204270;250681
173637;207832;277298
173638;242249;234546
173639;166664;277470
173640;219710;247072
173641;227307;296518
173642;202687;318371
173643;191499;325694
173644;175176;251682
173645;198031;255412
173646;213706;244327
173647;161063;294869
173648;159753;264301
173649;219105;281939
173650;211289;244758
173651;168725;258342
173652;221386;250252
173653;253493;263734
173654;188700;319787
173655;233711;306199
173656;194274;260349
173657;218471;335490
173658;231230;334276
173659;258012;263096
173660;208454;267498
173661;181503;283782
173662;190081;261377
173663;163294;312956
173664;243526;258654
173665;164435;242028
173666;187739;277120
173667;164904;325735
173668;218754;299999
173669;221954;261641
173670;221322;289545
173671;235933;293377
173672;169310;301509
173673;204162;248379
173674;226752;337459
173675;190723;296796
173676;234928;272543
173677;215247;336490
173678;182096;303052
173679;159155;313899
173680;207933;299617
173681;233068;283339
173682;177722;217490
173683;178396;279725
173684;189099;231684
173685;162939;241179
173686;221879;301407
173687;177360;331135
173688;161994;268675
173689;211335;223268
173690;216612;261781
173691;244001;258875
173692;258754;258472
173693;244311;299655
173694;164670;304730
173695;162225;339442
173696;249509;280723
173697;163197;241532
173698;241901;258173
173699;234841;246523
173700;246709;275491
173701;175312;237810
173702;192386;282773
173703;197889;276855
173704;176437;245176
173705;212389;269689
173706;198999;293793
173707;174303;365433
173708;215702;275274
173709;224496;273782
173710;231337;225704
173711;250148;291022
173712;260866;266963
173713;196790;249461
173714;210231;227545
173715;205991;265103
173716;210258;231410
173717;223771;256502
173718;196194;227402
173719;159476;323333
173720;195270;254802
173721;242397;264648
173722;197040;239843
173723;162896;228381
173724;178254;305851
173725;161139;251407
173726;180660;266211
173727;214328;310787
173728;173168;307619
173729;230154;274751
173730;221683;284246
173731;224353;341254
173732;207100;240126
173733;245094;283403
173734;195383;260376
173735;169111;294851
173736;177101;344772
173737;241134;286500
173738;228265;306639
173739;184520;347536
173740;249309;280800
173741;195141;223085
173742;206011;298604
173743;229782;226564
173744;191912;351994
173745;238626;300270
173746;242208;289066
173747;155529;250639
173748;235608;262215
173749;211706;234538
173750;221295;317041
173751;252945;266590
173752;220682;265386
173753;268935;253907
173754;159854;310191
173755;206443;330696
173756;256966;302089
173757;238366;311994
173758;226480;343344
173759;208630;270305
173760;235802;286096
173761;166801;278843
173762;157135;322844
173763;182684;264693
173764;165071;274769
173765;193513;238480
173766;233039;317681
173767;261457;326985
173768;219000;294658
173769;235403;246071
173770;246492;288062
173771;248618;248235
173772;244124;247037
173773;234987;250497
173774;157850;302478
173775;177443;289517
173776;254430;312369
173777;157303;345765
173778;173376;267293
173779;183853;304684
173780;199920;275802
173781;194311;286356
173782;190602;252098
173783;230354;274032
173784;207517;315033
173785;228286;241236
173786;182868;265155
173787;185585;288617
173788;230888;313980
173789;214143;279211
173790;170132;266120
173791;221960;297353
173792;245768;319753
173793;191728;307857
173794;249097;311044
173795;177376;277776
173796;180968;341602
173797;203449;275489
173798;258158;298405
173799;166926;279497
173800;186392;314222
173801;161609;276104
173802;220826;307457
173803;160357;224633
173804;216835;267574
173805;189023;240294
173806;180125;286665
173807;168932;334091
173808;237706;289617
173809;203173;301558
173810;185415;277597
173811;195950;254615
173812;213519;282306
173813;260798;287367
173814;200571;307496
173815;164161;306491
173816;200580;266179
173817;228853;228840
173818;169091;327477
173819;213076;290336
173820;179627;319231
173821;167217;291470
173822;209387;281709
173823;170021;278903
173824;172792;262479
173825;181865;331498
173826;251087;285554
173827;262134;253335
173828;236591;302868
173829;243454;286114
173830;223672;270248
173831;220146;255206
173832;223819;291629
173833;184804;262942
173834;223518;276282
173835;162394;233526
173836;209843;284069
173837;203568;255178
173838;168719;244048
173839;195575;202356
173840;194169;253947
173841;162503;248887
173842;171699;303814
173843;243090;297062
173844;223269;297514
173845;207879;315123
173846;195998;326758
173847;157989;302624
173848;230693;272045
173849;195619;266821
173850;207560;294092
173851;230167;247906
173852;192983;325255
173853;242659;324514
173854;171420;294546
173855;228494;257929
173856;228407;231486
173857;239020;334388
173858;216300;259842
173859;219482;234785
173860;257046;303348
173861;257249;289532
173862;179518;269878
173863;198488;309865
173864;237227;331077
173865;212989;215859
173866;190784;349288
173867;176393;266883
173868;226090;281656
173869;190765;267728
173870;183898;224239
173871;208064;250073
173872;193423;286095
173873;178520;282266
173874;242064;293820
173875;227896;249240
173876;178190;263399
173877;226286;293871
173878;162076;289607
173879;234254;334356
173880;225885;235770
173881;178972;233310
173882;242000;333734
173883;165974;306052
173884;211082;292837
173885;195553;284660
173886;157820;344858
173887;209745;330182
173888;158011;251397
173889;173720;244284
173890;175788;317968
173891;254978;264998
173892;197744;294089
173893;224406;232685
173894;184100;310832
173895;238218;303373
173896;242523;257810
173897;239650;225510
173898;164177;249971
173899;235747;267676
173900;167318;300016
173901;164566;276072
173902;200312;236914
173903;236146;245724
173904;171621;364563
173905;263333;306462
173906;239021;267328
173907;212422;310927
173908;247734;287224
173909;257427;331929
173910;188716;290705
173911;217438;299574
173912;209376;250753
173913;208833;241762
173914;229840;260344
173915;206766;304284
173916;252624;214063
173917;197284;293833
173918;212460;318701
173919;198698;290509
173920;181389;287158
173921;185701;279934
173922;237220;250828
173923;239603;326991
173924;230398;268413
173925;247710;316180
173926;175048;291713
173927;231207;331819
173928;167387;253075
173929;260633;352301
173930;204898;303200
173931;229923;306131
173932;217591;218446
173933;224509;287505
173934;195987;311909
173935;242431;285153
173936;211747;269150
173937;219599;313860
173938;208584;321623
173939;223669;304758
173940;239774;221715
173941;209173;256075
173942;202458;275024
173943;179005;302294
173944;167338;340362
173945;236340;321505
173946;222985;228301
173947;192638;253268
173948;256780;342443
173949;235314;328369
173950;226342;261054
173951;180698;273935
173952;257929;338697
173953;164421;286918
173954;259734;265552
173955;267678;301939
173956;183076;260298
173957;222641;295334
173958;230534;315456
173959;174682;282311
173960;177408;273035
173961;228287;283331
173962;233916;253370
173963;222226;283211
173964;254122;279755
173965;251344;305577
173966;235492;264900
173967;261547;252298
173968;237563;214407
173969;206865;252187
173970;171138;249357
173971;220256;281699
173972;213963;257102
173973;184138;309202
173974;253959;246044
173975;171256;312725
173976;224883;258671
173977;196107;325715
173978;236383;279591
173979;249433;259903
173980;173397;306597
173981;196543;297273
173982;231626;259557
173983;198429;254722
173984;208142;240154
173985;203490;262395
173986;195342;244547
173987;232316;273813
173988;194508;282826
173989;267603;260564
173990;164516;305366
173991;222416;294583
173992;233670;252433
173993;229487;301166
173994;249611;287572
173995;169797;296533
173996;231012;247583
173997;193086;298790
173998;182247;304827
173999;217300;303842
174000;180372;263176
174001;213627;275108
174002;194129;275227
174003;249313;292025
174004;264858;269630
174005;171592;255740
174006;175693;235212
174007;233777;298082
174008;199181;314192
174009;265059;262064
174010;227044;299045
174011;180705;293169
174012;228328;286939
174013;193388;246665
174014;267468;265427
174015;217924;277267
174016;169944;261639
174017;171974;298225
174018;178929;320197
174019;228682;243785
174020;238750;232472
174021;179929;324356
174022;257590;299045
174023;254210;258934
174024;218335;285637
174025;250066;313894
174026;231887;286739
174027;266792;259350
174028;265495;280433
174029;261521;317743
174030;250996;267185
174031;211109;281054
174032;220557;333876
174033;256684;251296
174034;260134;299526
174035;256356;333280
174036;254908;303662
174037;236176;241191
174038;244978;223829
174039;194324;290635
174040;214080;247487
174041;261484;216661
174042;250353;269214
174043;235815;295057
174044;233659;254396
174045;202182;315293
174046;245012;299957
174047;208914;266364
174048;193540;248227
174049;205323;260316
174050;178654;261503
174051;238376;268002
174052;212880;227030
174053;170769;344359
174054;164411;259562
174055;240706;268502
174056;249243;273907
174057;260831;339128
174058;175411;294282
174059;221842;242352
174060;178473;274305
174061;188973;254744
174062;170834;261432
174063;165889;326426
174064;245618;247100
174065;217612;341995
174066;171565;336416
174067;208738;239969
174068;214316;286639
174069;264090;283528
174070;192916;233818
174071;208252;326122
174072;189072;260365
174073;194763;286399
174074;233158;316879
174075;208982;223505
174076;224836;275044
174077;232551;225353
174078;239162;320001
174079;233197;251235
174080;165861;256289
174081;207763;332471
174082;191301;310238
174083;254301;298933
174084;238105;326735
174085;167238;322174
174086;169065;206897
174087;215859;300233
174088;197624;265410
174089;228994;243558
174090;236414;325092
174091;250381;311047
174092;224509;263077
174093;227949;288592
174094;170352;318747
174095;169605;292090
174096;219093;324243
174097;236315;270634
174098;256514;257746
174099;249642;263298
174100;193574;318772
174101;231590;275574
174102;216016;317021
174103;171804;291504
174104;162106;222310
174105;209812;303516
174106;249452;297412
174107;216012;255173
174108;163285;300924
174109;231548;303131
174110;216476;285457
174111;185295;287232
174112;203657;248531
174113;201521;303277
174114;236903;278025
174115;263998;240905
174116;173830;324743
174117;223641;295848
174118;203668;339756
174119;224932;204919
174120;218809;281949
174121;217536;325159
174122;188440;263966
174123;206365;238514
174124;266518;350874
174125;225833;279747
174126;244543;257408
174127;265567;241647
174128;213704;230204
174129;215325;262990
174130;197309;218822
174131;218899;328527
174132;186638;316665
174133;225209;246735
174134;195114;286430
174135;249340;247271
174136;165604;295893
174137;230100;243691
174138;228445;290860
174139;260401;230447
174140;243468;239509
174141;175428;256186
174142;166584;273189
174143;227812;309126
174144;168685;272666
174145;220963;329961
174146;193302;237704
174147;164744;349047
174148;233971;245476
174149;212539;216899
174150;212577;321679
174151;204362;289612
174152;186037;285631
174153;230336;306926
174154;167621;305319
174155;235976;266480
174156;220853;303091
174157;176805;245291
174158;203253;265534
174159;220977;225215
174160;165781;311810
174161;258387;326579
174162;251798;272385
174163;252958;287633
174164;230445;230801
174165;196992;243223
174166;224801;251289
174167;245627;245881
174168;180288;248953
174169;220086;309247
174170;163044;326330
174171;178447;285033
174172;206151;265005
174173;251660;327846
174174;166783;287141
174175;151256;294744
174176;232847;317154
174177;267055;337963
174178;263899;322681
174179;222748;307313
174180;185430;235600
174181;184982;313608
174182;163421;255094
174183;220617;236865
174184;218769;270022
174185;259630;309895
174186;184510;353265
174187;173293;282222
174188;232195;312272
174189;231357;281453
174190;252077;316004
174191;235226;318895
174192;267484;243614
174193;219921;326328
174194;197603;308159
174195;167816;270997
174196;217358;279869
174197;234556;297709
174198;218621;265184
174199;247078;297633
174200;194297;264638
174201;221846;262495
174202;186887;301621
174203;223566;285494
174204;256630;241083
174205;218659;282019
174206;164930;271829
174207;161428;318391
174208;247434;237899
174209;241241;291878
174210;179131;228805
174211;231234;227749
174212;164624;239608
174213;167316;224466
174214;202058;256690
174215;195135;272125
174216;213554;243538
174217;211652;288877
174218;222196;293844
174219;216276;256551
174220;232130;219837
174221;269758;325558
174222;261834;256216
174223;217408;308321
174224;240928;256320
174225;248918;308797
174226;232242;313185
174227;181388;294613
174228;268923;268917
174229;172890;244133
174230;243421;317453
174231;193098;247969
174232;194860;224714
174233;256338;272091
174234;220369;311735
174235;181806;230962
174236;203629;302544
174237;232056;234990
174238;245173;285891
174239;252241;300069
174240;250890;217315
174241;191681;277560
174242;232476;253695
174243;206348;316018
174244;220976;313785
174245;266935;249588
174246;217727;228029
174247;181786;299385
174248;220373;258829
174249;214839;263241
174250;262049;328056
174251;200980;311748
174252;165139;349585
174253;189386;237887
174254;256837;279922
174255;261927;262317
174256;202321;315433
174257;231838;230630
174258;241337;300751
174259;188324;283860
174260;248357;319523
174261;256848;224347
174262;252055;260958
174263;170438;265622
174264;167009;305906
174265;185280;290563
174266;178951;295377
174267;228677;300932
174268;211140;300612
174269;260439;300049
174270;183686;208920
174271;174812;220961
174272;256498;304182
174273;194996;331998
174274;266611;299972
174275;237508;308811
174276;207016;307049
174277;233872;280000
174278;228376;292421
174279;194528;231112
174280;264146;208072
174281;176309;259710
174282;248935;294612
174283;247014;330159
174284;231398;329251
174285;202167;276832
174286;264951;286774
174287;205692;303166
174288;231857;255630
174289;180500;245177
174290;271260;251939
174291;251205;321226
174292;242799;212010
174293;203060;299713
174294;166849;322004
174295;263571;251422
174296;189248;258726
174297;177946;325050
174298;226111;299690
174299;229172;337500
174300;230791;244836
174301;204179;319978
174302;205840;208403
174303;163996;305891
174304;169606;243079
174305;164274;263008
174306;169204;307095
174307;162631;230581
174308;269951;242704
174309;212912;264980
174310;233932;237369
174311;251088;251559
174312;180775;305382
174313;220847;296161
174314;194520;295796
174315;189049;334441
174316;214167;240404
174317;242679;237668
174318;228966;218678
174319;265055;251218
174320;138212;256731
174321;179269;247087
174322;171763;260746
174323;156873;234554
174324;156351;222002
174325;180450;310793
174326;190341;230314
174327;225769;307227
174328;149408;319647
174329;224855;262448
174330;163222;293236
174331;138318;262486
174332;222481;317380
174333;154676;252939
174334;160229;267836
174335;151107;251669
174336;192148;295044
174337;214332;235934
174338;201879;225438
174339;190862;273194
174340;215041;289894
174341;217743;301045
174342;189095;312029
174343;221844;314274
174344;186675;338595
174345;215050;325299
174346;147916;296066
174347;185937;302498
174348;155964;306489
174349;151537;247461
174350;194151;240778
174351;148587;301282
174352;137700;303624
174353;186750;317242
174354;158475;290474
174355;153562;319079
174356;222725;225001
174357;174472;303523
174358;195004;255973
174359;178126;318964
174360;160122;335992
174361;208505;275312
174362;212152;258058
174363;222667;310202
174364;210197;270834
174365;198200;297042
174366;134995;266318
174367;175881;289265
174368;147866;272572
174369;169732;295982
174370;165445;236002
174371;220920;319018
174372;182601;295869
174373;202775;308409
174374;151926;274805
174375;137593;298812
174376;217059;270389
174377;163708;313685
174378;152254;267365
174379;188135;258319
174380;179685;257625
174381;211643;251909
174382;149090;298657
174383;200040;277928
174384;211694;308910
174385;189087;270564
174386;173743;236405
174387;138048;315355
174388;192890;289159
174389;218322;220717
174390;138864;278619
174391;185023;262799
174392;140467;305750
174393;180871;264446
174394;223810;257240
174395;198233;272475
174396;163475;294106
174397;195966;267272
174398;152403;299658
174399;143030;319685
174400;209990;278760
174401;199568;250418
174402;134114;308969
174403;206296;325683
174404;148412;287929
174405;204417;317834
174406;163794;302511
174407;130512;263728
174408;193941;318824
174409;215622;228233
174410;200126;231434
174411;136736;297625
174412;193409;261801
174413;190412;279675
174414;197121;224404
174415;148104;306302
174416;219368;299731
174417;167898;292205
174418;137407;232196
174419;188322;315212
174420;204797;299789
174421;223550;260473
174422;213405;307464
174423;148793;237841
174424;198847;282479
174425;192231;324109
174426;169969;233912
174427;202225;297702
174428;177817;337964
174429;199808;271447
174430;187296;253660
174431;219468;359835
174432;165367;276122
174433;218159;251374
174434;175216;348445
174435;198792;279765
174436;226882;259599
174437;203342;291173
174438;140246;262723
174439;221745;243840
174440;227033;253024
174441;138904;273365
174442;169919;275093
174443;191220;271352
174444;209133;302854
174445;136924;293754
174446;211488;283695
174447;165907;319024
174448;142505;343690
174449;212087;229972
174450;141329;246208
174451;140006;320763
174452;172592;302602
174453;180670;305365
174454;216774;274584
174455;175061;259353
174456;151010;253734
174457;182960;322629
174458;222554;309844
174459;186562;267896
174460;193646;306916
174461;169202;257187
174462;226656;272927
174463;180659;276509
174464;176457;236673
174465;158113;236012
174466;210817;325454
174467;153379;264623
174468;172457;268056
174469;188841;300646
174470;192952;254364
174471;190131;279153
174472;149359;235268
174473;148307;277904
174474;159105;241143
174475;193181;319418
174476;165754;253639
174477;170433;259779
174478;167343;282812
174479;157510;344486
174480;197289;260376
174481;136972;253198
174482;193803;359196
174483;223471;302080
174484;154767;294444
174485;211203;305635
174486;158980;321254
174487;137267;323788
174488;165834;246828
174489;216880;269426
174490;171516;224755
174491;156987;225109
174492;149526;270672
174493;180059;274953
174494;181219;295715
174495;201570;244895
174496;189076;263889
174497;206180;317102
174498;145681;281416
174499;207570;329876
174500;164862;258744
174501;148275;306709
174502;181718;310242
174503;195277;209132
174504;223070;283531
174505;186628;297910
174506;222606;258045
174507;150877;277114
174508;171915;250173
174509;163347;272513
174510;207068;317366
174511;142951;325334
174512;179103;334851
174513;181859;299582
174514;162286;268284
174515;151662;257709
174516;217271;273371
174517;156114;286458
174518;144937;302675
174519;223611;273721
174520;186467;220730
174521;157316;287800
174522;173376;298714
174523;214151;251446
174524;195712;300595
174525;150936;237024
174526;143246;339285
174527;185736;252425
174528;154720;261978
174529;221095;312886
174530;189534;305321
174531;208877;315489
174532;165992;317252
174533;136154;229633
174534;186028;230624
174535;187860;288218
174536;136560;236349
174537;220906;297762
174538;152591;273115
174539;225183;331085
174540;154744;320362
174541;162459;313955
174542;158269;223977
174543;206407;266326
174544;177196;255686
174545;148286;255949
174546;184114;298650
174547;190029;345598
174548;169291;259333
174549;207750;278237
174550;157978;224463
174551;218178;267618
174552;177040;304043
174553;192234;241744
174554;214317;252640
174555;190849;236312
174556;203723;250557
174557;197061;291967
174558;145600;269156
174559;139579;299700
174560;200648;272000
174561;182505;332273
174562;157794;297174
174563;141803;313233
174564;150964;220640
174565;206126;215914
174566;193174;305283
174567;149052;253407
174568;205715;250854
174569;217110;325948
174570;162787;283388
174571;208822;275810
174572;200448;303591
174573;192090;306002
174574;151365;231871
174575;210913;269577
174576;143984;312147
174577;163052;310415
174578;214658;245621
174579;217821;307416
174580;145375;304089
174581;151173;242824
174582;166393;224088
174583;201656;239767
174584;214331;229727
174585;176094;296201
174586;179982;309276
174587;219801;233914
174588;177537;311333
174589;146535;314428
174590;167761;270492
174591;183105;340488
174592;141445;326961
174593;161200;292833
174594;159401;325244
174595;169423;299718
174596;207529;246178
174597;139817;300351
174598;148969;266773
174599;183830;340195
174600;220466;262795
174601;181129;282000
174602;165938;288477
174603;199010;270843
174604;141306;278260
174605;218510;297762
174606;205854;311955
174607;147053;270407
174608;149446;264612
174609;220583;302323
174610;191440;252621
174611;136162;248101
174612;200215;300104
174613;150557;251022
174614;173093;319531
174615;201757;259541
174616;163808;222860
174617;136314;258721
174618;210599;275722
174619;144081;270810
174620;179878;310184
174621;175952;263672
174622;181692;278561
174623;155217;242024
174624;199369;286668
174625;178964;250692
174626;181059;277252
174627;155321;286725
174628;142790;323286
174629;149821;230847
174630;217605;284778
174631;193919;284436
174632;192707;249287
174633;165561;283771
174634;155989;278977
174635;224968;242975
174636;150432;272375
174637;205245;241442
174638;160179;272329
174639;179232;302887
174640;201659;228660
174641;159562;283225
174642;171730;239643
174643;141023;305600
174644;157958;262995
174645;193698;235497
174646;197876;266497
174647;160164;302002
174648;212427;280263
174649;137794;219101
174650;167783;253801
174651;217752;300483
174652;218468;340418
174653;205131;215810
174654;141598;251922
174655;195911;259069
174656;161445;230056
174657;208201;271362
174658;137528;324811
174659;144747;344743
174660;156509;245872
174661;180135;316629
174662;221461;331971
174663;207700;276502
174664;225429;339889
174665;139998;271887
174666;146154;259890
174667;196734;287536
174668;217420;309983
174669;160049;234723
174670;198683;268167
174671;225682;273120
174672;162867;250680
174673;178586;274830
174674;204847;313460
174675;219581;277231
174676;213461;247848
174677;183241;287199
174678;186149;224793
174679;148046;239814
174680;216484;295051
174681;143973;291412
174682;188826;324206
174683;168766;284480
174684;143192;335056
174685;140614;247245
174686;221761;230848
174687;199999;232658
174688;201135;233002
174689;224594;242007
174690;156477;235362
174691;211078;281892
174692;184378;280658
174693;188241;242093
174694;151577;257506
174695;165840;249232
174696;224663;297517
174697;224086;299867
174698;178364;278296
174699;160030;274107
174700;213888;270249
174701;161144;323996
174702;184339;234828
174703;209154;342260
174704;219053;341665
174705;216426;290672
174706;190420;346188
174707;212256;238401
174708;203489;326665
174709;226809;326134
174710;209317;317019
174711;203959;294812
174712;157188;208063
174713;202249;280486
174714;168752;261811
174715;164878;264087
174716;191138;266926
174717;183812;291726
174718;217297;338739
174719;194460;309772
174720;178247;235371
174721;163292;317202
174722;167778;248374
174723;203884;280505
174724;198754;342019
174725;202693;332171
174726;209760;314104
174727;216019;248371
174728;224284;262073
174729;223985;294686
174730;218784;243417
174731;219264;274627
174732;178990;312890
174733;167891;264897
174734;145336;224061
174735;171539;225303
174736;133279;297863
174737;143457;269261
174738;140201;294661
174739;143344;253679
174740;151193;261053
174741;199300;327321
174742;210435;257046
174743;175560;273351
174744;176375;259123
174745;166259;343224
174746;204108;271138
174747;160481;263365
174748;200102;310579
174749;165878;296399
174750;189429;289420
174751;185445;323122
174752;157911;290222
174753;177746;267627
174754;192087;299535
174755;152399;274316
174756;204793;272496
174757;196372;259270
174758;187144;250573
174759;173525;328805
174760;212075;306001
174761;138834;306517
174762;207913;272070
174763;216882;277618
174764;160893;243340
174765;150253;277802
174766;197916;248180
174767;194065;231712
174768;176262;282920
174769;206011;255547
174770;179852;251484
174771;200078;275997
174772;151210;221145
174773;209360;315638
174774;156459;290618
174775;173665;247506
174776;206578;253063
174777;243646;227511
174778;220032;239144
174779;232398;292669
174780;273974;334216
174781;221063;277464
174782;295241;293855
174783;265551;252091
174784;205867;285259
174785;190068;329306
174786;239049;242960
174787;200909;317833
174788;205599;291575
174789;232853;290052
174790;295832;339628
174791;271307;276350
174792;191106;290189
174793;195722;276098
174794;243443;307182
174795;299443;237493
174796;300308;277004
174797;256321;231505
174798;191094;315865
174799;240080;254665
174800;213124;297060
174801;231867;235567
174802;285967;260805
174803;240360;297039
174804;211303;236671
174805;277300;268133
174806;270789;253353
174807;209262;289140
174808;188605;288651
174809;281161;280094
174810;289136;299098
174811;298534;280621
174812;286811;241896
174813;244339;304007
174814;208095;319161
174815;241857;319013
174816;271126;325090
174817;271157;253819
174818;298817;257072
174819;192168;334832
174820;290476;268645
174821;287163;274098
174822;197668;289771
174823;271867;301071
174824;185366;238959
174825;218927;263914
174826;287740;233337
174827;225094;299050
174828;234176;292927
174829;200112;269339
174830;250873;238781
174831;299497;269699
174832;218222;243615
174833;206011;281555
174834;280739;324159
174835;260787;268632
174836;238840;334672
174837;269492;260217
174838;204651;236099
174839;273082;329294
174840;295299;313957
174841;213795;250578
174842;192264;260808
174843;272385;344776
174844;289865;230074
174845;192941;290887
174846;188560;336713
174847;271737;315108
174848;252242;237063
174849;277674;326946
174850;279439;274524
174851;181852;281865
174852;293629;307975
174853;289585;330693
174854;223337;295259
174855;262500;223622
174856;237233;255700
174857;259362;321702
174858;214881;281986
174859;228557;326354
174860;243779;285782
174861;289020;238287
174862;291220;207420
174863;294094;240687
174864;227999;286879
174865;265793;261485
174866;203259;241502
174867;216148;278949
174868;210641;230761
174869;289123;287885
174870;241340;359553
174871;264988;279782
174872;210324;282690
174873;301372;282060
174874;190746;206630
174875;218035;259991
174876;263125;270099
174877;278421;286702
174878;297257;270462
174879;234246;323086
174880;232034;270108
174881;210364;226195
174882;256751;238466
174883;196175;263671
174884;293269;306075
174885;234943;225553
174886;216373;249486
174887;215769;233726
174888;274365;334528
174889;253956;329143
174890;275571;301616
174891;253929;328686
174892;264694;309885
174893;283358;285664
174894;207222;226606
174895;227130;293311
174896;278608;305527
174897;233078;288846
174898;187546;298296
174899;206318;327211
174900;286657;272755
174901;260836;250743
174902;230083;291446
174903;257295;301854
174904;228042;275308
174905;295902;265880
174906;289493;237102
174907;193862;320770
174908;257197;230766
174909;237087;238089
174910;195422;332692
174911;276077;333161
174912;184408;224751
174913;193350;329756
174914;262172;249044
174915;188128;292122
174916;255947;291076
174917;228323;269797
174918;271007;293124
174919;240416;287774
174920;304791;275437
174921;272143;290011
174922;230937;249123
174923;208799;278708
174924;261749;296449
174925;192325;250035
174926;221357;253629
174927;253382;259232
174928;302346;250241
174929;199034;285213
174930;259872;262371
174931;239209;289454
174932;281415;349641
174933;248118;314848
174934;267741;289218
174935;210899;305407
174936;280573;216951
174937;190690;320373
174938;196372;325334
174939;284383;324098
174940;211775;339514
174941;291836;262542
174942;241261;318053
174943;294066;229699
174944;285934;353199
174945;275940;242461
174946;194205;321385
174947;245417;297084
174948;241502;262050
174949;253395;212240
174950;281470;299420
174951;226347;317015
174952;213863;308266
174953;222865;313063
174954;253834;306505
174955;213602;304043
174956;226942;316772
174957;245215;243507
174958;272293;307186
174959;193831;299182
174960;275708;299308
174961;192270;273516
174962;185212;303316
174963;194119;259547
174964;279770;272097
174965;282226;280910
174966;296044;297720
174967;228319;212407
174968;279553;274754
174969;230459;296553
174970;258071;255660
174971;272874;275517
174972;232747;316143
174973;245197;333987
174974;222388;263093
174975;235379;334284
174976;193813;296558
174977;212054;289514
174978;185430;300246
174979;287580;332995
174980;225238;208038
174981;301762;269042
174982;260820;300430
174983;218789;237346
174984;243899;325202
174985;254974;268541
174986;219532;250286
174987;185055;266631
174988;251267;279232
174989;199476;294230
174990;233926;315601
174991;256693;300001
174992;248385;278687
174993;218090;240424
174994;268644;327736
174995;242880;263544
174996;237129;245534
174997;241080;254426
174998;282243;265778
174999;196535;279771
175000;217051;229017
175001;299420;323818
175002;248597;298636
175003;264140;308957
175004;239452;307136
175005;209962;289255
175006;194550;317159
175007;303771;341445
175008;188138;314098
175009;221218;245759
175010;252367;274510
175011;272220;245612
175012;285723;261004
175013;221686;297256
175014;248332;271874
175015;218644;318878
175016;280438;316744
175017;197562;253303
175018;268805;281163
175019;184775;240113
175020;190028;282195
175021;253284;284167
175022;282065;307111
175023;196178;315709
175024;298822;315817
175025;249732;321617
175026;215159;252018
175027;210292;224743
175028;222587;264551
175029;199250;319582
175030;222080;294576
175031;269012;345473
175032;228775;244467
175033;242325;326018
175034;250969;260493
175035;253932;256724
175036;230327;238556
175037;248725;236010
175038;185813;330611
175039;256976;277978
175040;299688;319650
175041;204312;294823
175042;223784;332382
175043;248872;246407
175044;222229;259156
175045;188802;328504
175046;222008;232656
175047;256050;302432
175048;289669;302692
175049;293219;218556
175050;201572;286276
175051;270659;230950
175052;261564;310362
175053;186754;271034
175054;195839;235316
175055;280387;242792
175056;280409;256618
175057;232594;300291
175058;268860;237625
175059;256137;269504
175060;184040;297522
175061;245836;327178
175062;298363;308161
175063;189492;298447
175064;263690;267447
175065;266266;331939
175066;267505;314770
175067;269833;298104
175068;305547;263623
175069;242520;259126
175070;189095;256844
175071;294647;262287
175072;203084;257113
175073;259201;268024
175074;283520;244752
175075;262899;304937
175076;212288;295813
175077;245273;272945
175078;261313;239715
175079;211372;234052
175080;215909;327567
175081;282027;273415
175082;281371;282627
175083;195463;288618
175084;291530;256679
175085;275361;261843
175086;283078;229630
175087;260250;294181
175088;368909;259359
175089;316796;329486
175090;373073;264778
175091;415778;231589
175092;360729;266399
175093;341815;257265
175094;284729;300447
175095;288322;289453
175096;373111;228915
175097;343757;334064
175098;320252;318502
175099;288160;301881
175100;380991;315554
175101;379310;277148
175102;359826;283562
175103;293930;271535
175104;308244;250348
175105;305870;288150
175106;307167;329405
175107;374623;301631
175108;287557;224488
175109;390832;237852
175110;361322;271414
175111;417124;251048
175112;371417;287591
175113;415456;247349
175114;367720;348612
175115;293125;226034
175116;286189;308957
175117;290160;333681
175118;290485;252866
175119;370654;305953
175120;356979;307376
175121;271263;292206
175122;294076;286520
175123;261036;296810
175124;350690;284844
175125;315746;288205
175126;281159;324497
175127;308477;264489
175128;304250;279024
175129;382982;302866
175130;398221;255942
175131;310300;251552
175132;327135;232405
175133;352995;260814
175134;277353;309190
175135;418894;283451
175136;334484;235933
175137;344491;264531
175138;392942;231498
175139;418805;239391
175140;328017;231605
175141;294169;270067
175142;313198;245849
175143;282899;305663
175144;263981;228063
175145;366285;279350
175146;351056;252984
175147;373888;345998
175148;277931;297849
175149;371232;271782
175150;345570;298020
175151;259014;339632
175152;363605;305738
175153;322852;325067
175154;404102;279201
175155;369666;264166
175156;339593;243686
175157;249458;301382
175158;348258;222787
175159;359253;312521
175160;375311;271623
175161;376458;315337
175162;323522;280480
175163;289520;348693
175164;286192;353648
175165;329658;338966
175166;304343;338512
175167;336933;359568
175168;405907;260406
175169;271542;267249
175170;397872;306610
175171;369062;308072
175172;264139;241309
175173;376321;291372
175174;362098;245195
175175;400415;296070
175176;403891;237936
175177;332925;304670
175178;313616;317304
175179;291524;331697
175180;329310;247597
175181;327183;337039
175182;303176;329466
175183;311989;292460
175184;394513;232227
175185;349011;263380
175186;344874;312277
175187;315284;256692
175188;330622;286320
175189;263985;314446
175190;279288;329521
175191;260481;274840
175192;420738;276912
175193;303736;295869
175194;289184;306192
175195;366865;337908
175196;306454;253700
175197;323168;248886
175198;336866;238429
175199;398681;248208
175200;303018;278525
175201;286511;246830
175202;331058;269712
175203;261811;295445
175204;411766;260984
175205;402145;240987
175206;364465;256964
175207;305590;291058
175208;384712;305491
175209;348893;239908
175210;332600;310131
175211;412751;224746
175212;319112;272832
175213;412825;258529
175214;364782;297508
175215;414591;260414
175216;407040;252649
175217;294578;261871
175218;409525;275328
175219;408478;263648
175220;405879;296351
175221;382848;268286
175222;378446;275449
175223;318583;251474
175224;365025;289435
175225;407699;286868
175226;345372;280510
175227;313872;323919
175228;267416;250981
175229;305055;242957
175230;402695;307140
175231;321942;225411
175232;362602;304737
175233;275892;248519
175234;316587;306144
175235;319163;230324
175236;350237;315314
175237;359798;323395
175238;395738;267534
175239;334841;343910
175240;299382;283698
175241;398343;345609
175242;311353;234848
175243;391283;301233
175244;271294;263098
175245;303793;315631
175246;379206;250654
175247;325161;317689
175248;378421;220677
175249;268072;229536
175250;391501;326962
175251;302768;254365
175252;284978;266337
175253;414382;275185
175254;251858;297150
175255;392212;258893
175256;282082;311736
175257;405546;302698
175258;398820;316621
175259;409081;314520
175260;419528;314846
175261;327528;294430
175262;371941;286639
175263;382237;306312
175264;320400;297703
175265;312854;270861
175266;368530;276993
175267;394406;297240
175268;254457;243243
175269;290833;280418
175270;409890;259349
175271;386622;367703
175272;286445;242120
175273;252414;309406
175274;257780;269544
175275;406958;348365
175276;294008;260116
175277;277884;278706
175278;370938;218971
175279;299348;325883
175280;338450;286023
175281;351585;316017
175282;336941;228169
175283;396809;251160
175284;396977;236062
175285;304208;273784
175286;371779;285328
175287;269414;244917
175288;390685;293006
175289;317103;233765
175290;291444;301511
175291;384763;303871
175292;365588;280599
175293;321174;239814
175294;288031;318418
175295;353229;293640
175296;343841;286876
175297;383661;331581
175298;254007;320007
175299;288728;318504
175300;399650;290834
175301;333504;338435
175302;252329;267816
175303;275969;344605
175304;308134;224630
175305;389901;241574
175306;332862;308868
175307;266803;281192
175308;420866;288069
175309;349681;346128
175310;349354;229782
175311;305561;292605
175312;321908;331415
175313;304322;320574
175314;268539;286417
175315;379275;241621
175316;263273;266699
175317;311979;311521
175318;282376;219252
175319;268531;263638
175320;402889;265194
175321;288970;278310
175322;332500;280719
175323;330411;283203
175324;393524;314991
175325;317209;316878
175326;259718;260442
175327;277784;330118
175328;279827;259868
175329;257546;288483
175330;406143;237344
175331;407376;286844
175332;324371;297983
175333;307365;340762
175334;329256;289401
175335;366502;255755
175336;370519;293212
175337;301842;227071
175338;382278;233270
175339;346470;296454
175340;407304;276299
175341;307546;262010
175342;403734;299297
175343;300338;312814
175344;343208;287114
175345;333073;275341
175346;320769;221712
175347;375361;281184
175348;400822;217766
175349;352369;304571
175350;328201;297219
175351;262368;318765
175352;333305;265690
175353;282145;252597
175354;334074;249905
175355;385721;236329
175356;391951;314176
175357;356198;236313
175358;381475;260123
175359;323642;360935
175360;282941;255736
175361;268602;317132
175362;259900;224719
175363;420996;285487
175364;339024;320848
175365;415829;254878
175366;345095;259434
175367;271128;277067
175368;302846;313965
175369;392284;314740
175370;266996;270329
175371;400829;328940
175372;353068;297357
175373;350592;260999
175374;291369;248102
175375;367360;322640
175376;255519;309800
175377;369709;310331
175378;310368;241236
175379;386840;342042
175380;301658;313085
175381;322092;261804
175382;323684;311449
175383;379151;328938
175384;402280;258992
175385;401686;325434
175386;320822;293761
175387;268043;255272
175388;402082;280801
175389;388345;350951
175390;322826;316635
175391;315281;303241
175392;288862;282112
175393;327676;243754
175394;370528;224643
175395;344315;271920
175396;382766;258190
175397;320242;281373
175398;389523;300625
175399;396086;293696
175400;374361;295160
175401;355231;276099
175402;401704;312859
175403;372772;298409
175404;278290;284880
175405;254863;279059
175406;421813;309336
175407;329421;284102
175408;261240;277262
175409;253311;289788
175410;416042;275118
175411;337034;319828
175412;299210;254773
175413;347865;210654
175414;311315;281350
175415;376093;246792
175416;262463;232694
175417;357296;224083
175418;395439;256881
175419;364126;225328
175420;321634;222685
175421;312403;284381
175422;361075;302283
175423;387814;320929
175424;372282;323467
175425;358332;216274
175426;256494;277420
175427;391530;266692
175428;416446;327140
175429;323341;306425
175430;377151;283052
175431;341542;296164
175432;324858;301319
175433;258966;332745
175434;280898;272051
175435;365386;277596
175436;411075;284577
175437;412971;305029
175438;310686;249013
175439;268589;224617
175440;368217;353639
175441;404172;267963
175442;356336;338161
175443;537680;302017
175444;448876;239992
175445;455560;290673
175446;329192;263022
175447;476309;269331
175448;491673;255662
175449;526161;266440
175450;502241;263862
175451;475053;271641
175452;509628;230975
175453;522591;288565
175454;384688;231162
175455;397120;308339
175456;441406;296982
175457;445139;212765
175458;339644;306952
175459;338531;251655
175460;335656;343552
175461;359394;280166
175462;438128;281972
175463;417523;252062
175464;488596;292363
175465;498415;254079
175466;454175;238255
175467;445023;277308
175468;365917;304214
175469;348476;227698
175470;349508;306342
175471;331319;285107
175472;468279;235817
175473;348185;325868
175474;462558;335516
175475;543960;306682
175476;498098;274933
175477;396578;299845
175478;396897;317381
175479;346607;300261
175480;337590;301887
175481;322513;279219
175482;392480;243482
175483;458674;296362
175484;436505;288133
175485;435049;296016
175486;520701;242734
175487;442277;254054
175488;330950;247857
175489;402151;230860
175490;506389;279174
175491;491558;232242
175492;417421;322686
175493;392475;225670
175494;386698;245682
175495;529844;233070
175496;383533;214429
175497;482064;234170
175498;468382;254349
175499;493060;286405
175500;324281;268606
175501;379735;311584
175502;488737;280876
175503;407308;233277
175504;482348;318751
175505;404141;312690
175506;339431;316959
175507;431747;234994
175508;360048;262654
175509;485885;255466
175510;434038;246819
175511;380830;255423
175512;416667;299812
175513;509930;303338
175514;541566;256093
175515;357524;296603
175516;455602;324314
175517;420976;296440
175518;395324;267104
175519;396343;305183
175520;349508;291948
175521;395604;240137
175522;428981;293500
175523;422385;275478
175524;393547;237567
175525;490514;297282
175526;385570;236078
175527;480891;299482
175528;384486;281573
175529;498965;263159
175530;369763;339084
175531;390802;322846
175532;369487;279312
175533;499111;240086
175534;347023;234098
175535;458705;315227
175536;470136;338981
175537;341237;332825
175538;483845;305218
175539;456278;267032
175540;425011;312149
175541;389068;259214
175542;345053;339720
175543;404451;273355
175544;504696;333652
175545;378518;314147
175546;338209;317650
175547;509203;287736
175548;540235;244331
175549;322759;310947
175550;538230;286824
175551;457887;295982
175552;332228;278735
175553;362192;254746
175554;520352;322669
175555;439553;338820
175556;528433;327445
175557;499435;271474
175558;537740;325964
175559;498811;282090
175560;423053;279893
175561;344426;245645
175562;481877;246640
175563;505389;315352
175564;479365;304500
175565;463799;294328
175566;513666;250476
175567;378365;317702
175568;334996;249884
175569;338679;338693
175570;537376;270085
175571;526831;233678
175572;442312;274130
175573;463008;255075
175574;325942;264690
175575;458500;304004
175576;425558;279633
175577;503915;306953
175578;475216;232295
175579;384402;266458
175580;516267;277423
175581;331763;341393
175582;446889;342601
175583;463919;306310
175584;407177;251648
175585;362471;258837
175586;506170;304256
175587;349302;288316
175588;469959;277676
175589;339100;239528
175590;351504;274855
175591;338377;222958
175592;451602;265473
175593;538306;270934
175594;456360;333871
175595;400835;262017
175596;502299;228705
175597;534566;293575
175598;338824;324656
175599;505126;322895
175600;489264;256898
175601;350988;324586
175602;494874;265624
175603;475374;331703
175604;380824;294519
175605;505554;264457
175606;397398;296105
175607;461891;263925
175608;402588;262292
175609;363147;336415
175610;528727;286143
175611;336750;266640
175612;495564;325295
175613;522620;262378
175614;356237;256875
175615;513065;304078
175616;378106;261870
175617;440594;246103
175618;487066;342940
175619;373226;229042
175620;446042;226529
175621;511954;298657
175622;371071;213780
175623;357630;300494
175624;414429;292168
175625;365068;271802
175626;424599;329089
175627;434551;282570
175628;431649;280169
175629;526973;279972
175630;370307;244807
175631;527949;294657
175632;527128;274424
175633;369541;286716
175634;481594;300377
175635;489588;271440
175636;371900;335982
175637;360890;244912
175638;530602;248770
175639;492284;243998
175640;403275;253485
175641;540167;287084
175642;375046;314409
175643;406475;284347
175644;334015;322413
175645;578202;241856
175646;513365;308706
175647;412547;287085
175648;509746;252576
175649;453628;283506
175650;333760;279560
175651;385877;221271
175652;521964;303755
175653;337230;292646
175654;370570;285857
175655;479313;255750
175656;363292;353376
175657;469800;312044
175658;491266;253538
175659;377483;326812
175660;531399;294548
175661;421993;306948
175662;342378;253492
175663;354666;298843
175664;509527;307753
175665;458063;273529
175666;389457;311883
175667;452537;278819
175668;464431;295188
175669;458668;319751
175670;390846;315352
175671;498770;329092
175672;556816;233694
175673;351110;286884
175674;390408;318427
175675;378252;250065
175676;366797;272378
175677;518986;311776
175678;447284;215822
175679;411310;260920
175680;408630;262802
175681;450276;306319
175682;362370;235038
175683;532055;301027
175684;358655;292020
175685;350960;330212
175686;495628;233587
175687;374974;306764
175688;384903;299025
175689;481659;313601
175690;486109;288078
175691;464667;230611
175692;384997;285674
175693;485657;237202
175694;491186;232158
175695;521898;303475
175696;389609;248046
175697;485935;310724
175698;360441;286343
175699;447268;242325
175700;485214;264654
175701;413368;281352
175702;420478;298679
175703;391469;289532
175704;330875;273376
175705;340708;324438
175706;415816;323105
175707;468243;352544
175708;485911;303051
175709;361961;319371
175710;436168;282255
175711;339028;306918
175712;422800;239153
175713;496218;308065
175714;385364;307905
175715;482827;271962
175716;390604;319399
175717;359964;261381
175718;502926;264764
175719;532232;288675
175720;396627;297839
175721;459133;285620
175722;483789;290886
175723;509571;344089
175724;471159;336769
175725;447711;308006
175726;422439;239534
175727;461327;281253
175728;475407;290555
175729;377898;276427
175730;398700;311698
175731;376340;292775
175732;464319;276494
175733;468117;290043
175734;511523;313978
175735;501611;283253
175736;523552;307187
175737;443397;264343
175738;370696;309485
175739;519670;269463
175740;415566;229491
175741;411966;235346
175742;489954;268315
175743;465146;311467
175744;340407;299584
175745;503844;253669
175746;419574;275562
175747;454146;267674
175748;373528;308145
175749;531185;263144
175750;451630;248035
175751;451224;255152
175752;395843;356766
175753;460137;295630
175754;437683;276809
175755;536665;316561
175756;513321;267529
175757;460325;247791
175758;338482;258347
175759;510222;278009
175760;518855;303092
175761;345874;287661
175762;343256;297928
175763;343197;260872
175764;494313;310910
175765;368008;252434
175766;428839;338911
175767;428437;308495
175768;338170;311278
175769;365296;322072
175770;417841;216672
175771;531349;289458
175772;381361;318167
175773;532033;295476
175774;335898;301558
175775;382378;258262
175776;499907;290503
175777;446677;281249
175778;513690;308118
175779;527729;259682
175780;450948;291139
175781;339534;298484
175782;397522;240513
175783;295387;306833
175784;301520;268706
175785;332473;246590
175786;275507;235234
175787;260339;297288
175788;313011;286710
175789;222259;295031
175790;273547;253326
175791;286616;231931
175792;203366;273882
175793;298413;282652
175794;200785;282019
175795;295086;265446
175796;299236;285010
175797;300327;257297
175798;330171;290345
175799;298116;258355
175800;231645;251051
175801;269568;267023
175802;258974;209301
175803;212112;280135
175804;330667;316753
175805;210192;275115
175806;216551;249995
175807;230930;332099
175808;239050;258781
175809;207850;270952
175810;328982;287086
175811;331884;313709
175812;283925;268422
175813;242115;260827
175814;287681;309488
175815;262604;311223
175816;288295;301841
175817;289445;274523
175818;265630;329542
175819;261812;319570
175820;243890;305721
175821;215751;275954
175822;337604;248720
175823;310892;245098
175824;218056;280008
175825;316296;252276
175826;287777;231020
175827;246619;245448
175828;239312;346772
175829;331057;342841
175830;326589;314819
175831;215985;272589
175832;323953;323390
175833;223959;241395
175834;266490;304009
175835;227636;314612
175836;317556;242716
175837;238965;308659
175838;303839;404947
175839;302723;265072
175840;233562;285006
175841;276338;305303
175842;237679;330523
175843;230281;320417
175844;220671;283013
175845;238089;346490
175846;301008;256894
175847;248612;316656
175848;224780;239840
175849;295861;227686
175850;242676;301310
175851;326315;328129
175852;320412;313032
175853;223874;246858
175854;323946;328002
175855;240451;255709
175856;218128;257682
175857;195880;261357
175858;267400;304196
175859;335440;268067
175860;324567;287178
175861;208617;278304
175862;331374;334262
175863;248047;286836
175864;287424;325717
175865;309722;307890
175866;227999;290344
175867;236196;268278
175868;211687;258918
175869;323405;304994
175870;266212;279423
175871;238179;290302
175872;260864;300783
175873;332059;290107
175874;309728;263082
175875;243210;290724
175876;262818;269782
175877;253989;258695
175878;288103;276164
175879;206641;295291
175880;216292;331985
175881;252743;292062
175882;330827;317653
175883;286030;330508
175884;283203;298106
175885;276438;298815
175886;311409;241207
175887;245945;277614
175888;248565;257693
175889;289548;269759
175890;239683;274644
175891;277107;320496
175892;300974;267365
175893;256004;246339
175894;247888;266618
175895;243023;312852
175896;328331;328346
175897;251990;319175
175898;247274;305148
175899;265279;288956
175900;281366;323224
175901;272068;289566
175902;296718;280117
175903;309684;298123
175904;309636;331337
175905;249887;267055
175906;251422;258119
175907;265880;262729
175908;295176;285599
175909;313884;242034
175910;287291;317537
175911;304162;302669
175912;287259;346946
175913;332210;334928
175914;207955;290286
175915;282238;281373
175916;291679;256987
175917;308986;261155
175918;237673;260508
175919;321993;257741
175920;291499;243767
175921;282015;336275
175922;312400;278191
175923;260707;253731
175924;239060;331209
175925;257481;295488
175926;219893;250155
175927;237912;365315
175928;331781;308151
175929;225354;278041
175930;276065;327073
175931;235431;271324
175932;325893;259392
175933;208209;250281
175934;262251;260889
175935;269681;304347
175936;265047;286684
175937;254822;283577
175938;309278;280305
175939;268590;315436
175940;299575;275240
175941;214569;266871
175942;285819;258199
175943;247998;231310
175944;264921;288422
175945;293919;266786
175946;266950;242369
175947;202382;266295
175948;273279;244999
175949;317711;264321
175950;253886;228552
175951;289374;276213
175952;336009;313129
175953;203185;339255
175954;275665;230831
175955;286698;227703
175956;221972;271606
175957;289181;258971
175958;234018;209002
175959;264385;281179
175960;294284;272989
175961;283791;297737
175962;245031;309490
175963;274171;330040
175964;211915;260567
175965;293781;310942
175966;304033;303901
175967;265279;234407
175968;305106;298118
175969;250122;323669
175970;321933;340173
175971;331904;318808
175972;329195;236838
175973;240967;231859
175974;322687;261860
175975;240410;264572
175976;306291;289725
175977;251953;228356
175978;192263;285506
175979;249207;273760
175980;244141;245727
175981;215660;321166
175982;320488;291526
175983;252093;212968
175984;267975;261348
175985;332505;272868
175986;223259;241775
175987;337179;229948
175988;303184;260664
175989;301594;325486
175990;254310;283406
175991;295242;253834
175992;292603;236809
175993;269873;251064
175994;331260;264261
175995;294831;333474
175996;257874;244768
175997;243675;287099
175998;316878;318157
175999;302262;348800
176000;310764;332027
176001;271413;308825
176002;323879;284300
176003;205797;248851
176004;301374;273323
176005;218951;245372
176006;295595;334281
176007;238399;267001
176008;292452;348148
176009;288717;278439
176010;226141;294536
176011;229395;276046
176012;240886;299561
176013;300288;304258
176014;331642;322795
176015;249838;325380
176016;228477;312626
176017;293856;296252
176018;233904;266531
176019;293924;274712
176020;322931;214775
176021;231388;283358
176022;269682;311958
176023;225849;334102
176024;287147;265914
176025;207573;319494
176026;311309;229429
176027;289929;236748
176028;270030;319256
176029;226745;289752
176030;259580;213614
176031;207615;276699
176032;251723;301596
176033;244972;306233
176034;263854;266193
176035;251174;259998
176036;293524;251489
176037;302836;263202
176038;216778;344951
176039;240866;238189
176040;313201;271447
176041;286639;306324
176042;258889;253617
176043;272627;318167
176044;217249;303102
176045;240046;199656
176046;280525;338571
176047;254102;260938
176048;205716;264503
176049;212158;296564
176050;228961;292312
176051;245603;305470
176052;280121;277460
176053;266236;280365
176054;210989;268631
176055;288922;296611
176056;300892;310260
176057;260174;211665
176058;322971;274154
176059;276394;310773
176060;301037;290131
176061;287722;264879
176062;234627;275004
176063;273290;275843
176064;307032;279954
176065;302771;279491
176066;285714;298071
176067;326323;281747
176068;271618;327853
176069;320739;274317
176070;333226;261134
176071;325008;241875
176072;232536;225128
176073;235850;306420
176074;206730;308869
176075;214759;220316
176076;217528;249438
176077;325184;265967
176078;253328;287238
176079;229222;302746
176080;250830;299634
176081;274590;290175
176082;232227;266425
176083;227499;287055
176084;240786;222268
176085;221626;296616
176086;263531;293435
176087;265996;278849
176088;243904;297142
176089;327599;297384
176090;276690;275385
176091;309722;288354
176092;340218;260223
176093;267727;333772
176094;300178;280658
176095;265895;271367
176096;215963;273622
176097;294868;310450
176098;305838;266577
176099;226205;246623
176100;261315;352703
176101;323524;213987
176102;322000;288167
176103;248741;238373
176104;214823;286309
176105;318316;225425
176106;196515;283815
176107;335489;271168
176108;279943;263757
176109;294626;302553
176110;267507;307489
176111;279907;258273
176112;293284;269791
176113;306976;274948
176114;274560;280014
176115;325293;289976
176116;260178;216186
176117;316050;300855
176118;307506;335620
176119;261847;326040
176120;233890;245266
176121;264191;291015
176122;308229;290234
176123;286916;286357
176124;297650;244479
176125;320981;279347
176126;202927;239563
176127;300323;219758
176128;328101;312139
176129;271942;281124
176130;246176;260627
176131;290181;319858
176132;321003;292540
176133;246053;254907
176134;328117;349687
176135;236881;291562
176136;240515;241694
176137;239486;329601
176138;256344;258119
176139;309494;317918
176140;221396;254234
176141;257684;263968
176142;269419;257159
176143;277404;306208
176144;326638;261013
176145;314185;311296
176146;222275;285714
176147;221005;334905
176148;308272;284186
176149;325507;322292
176150;245958;282519
176151;250318;315627
176152;289290;314215
176153;264562;220108
176154;292459;233115
176155;216427;267222
176156;307187;227431
176157;223801;310930
176158;233388;233382
176159;290359;258360
176160;244609;331030
176161;284494;300161
176162;264970;263592
176163;255772;265780
176164;255503;250322
176165;324575;295809
176166;270797;293114
176167;240608;301228
176168;211834;249032
176169;303084;288276
176170;212060;253885
176171;231681;307952
176172;236218;297011
176173;253098;294892
176174;247146;254759
176175;267042;262721
176176;253982;271581
176177;297833;252741
176178;347928;233052
176179;289843;313020
176180;252693;278995
176181;315640;317414
176182;283802;285193
176183;255899;225134
176184;355736;261421
176185;285914;249336
176186;302544;283736
176187;366452;356650
176188;231290;250950
176189;361066;313176
176190;308600;289911
176191;353616;252528
176192;260216;256060
176193;361103;296657
176194;297669;270522
176195;331652;319413
176196;293946;343273
176197;336948;249783
176198;285017;297224
176199;329875;264371
176200;288985;312766
176201;349499;277895
176202;276026;335700
176203;309537;229860
176204;284308;279566
176205;355412;326073
176206;368281;317478
176207;265714;269115
176208;371686;259865
176209;237091;274757
176210;313340;229232
176211;240102;317224
176212;315933;274614
176213;365183;328847
176214;335482;280034
176215;411087;312052
176216;350233;300394
176217;356327;285011
176218;384563;286694
176219;365719;301500
176220;270416;217428
176221;349984;245980
176222;361995;278033
176223;382648;272670
176224;354791;300172
176225;250294;296110
176226;353820;319609
176227;271867;248187
176228;306482;268963
176229;300971;291321
176230;257431;243378
176231;235112;302370
176232;312793;259149
176233;245889;320031
176234;242781;285577
176235;268170;290930
176236;291913;284417
176237;289433;236968
176238;254905;240549
176239;261812;291051
176240;235535;291336
176241;347449;331267
176242;252661;256726
176243;334798;303575
176244;325366;242471
176245;269914;289822
176246;236661;257655
176247;282347;310841
176248;325682;271553
176249;287811;315132
176250;343126;341131
176251;308794;275625
176252;350277;228556
176253;280840;359237
176254;374088;300979
176255;373457;315330
176256;381003;303724
176257;267293;288023
176258;298991;233347
176259;376458;293323
176260;276977;252876
176261;318524;251625
176262;313061;321330
176263;262741;277800
176264;294644;270646
176265;294094;322577
176266;259832;283724
176267;367496;299660
176268;265968;293239
176269;313779;242228
176270;297773;221524
176271;299551;296122
176272;312231;227021
176273;275598;323993
176274;319094;293731
176275;251917;258696
176276;270616;234411
176277;253102;288635
176278;300172;302126
176279;247672;280870
176280;289031;312057
176281;356701;279548
176282;342588;339881
176283;267605;238451
176284;324745;246000
176285;262373;263130
176286;337508;250657
176287;372771;285117
176288;270346;337133
176289;320902;259202
176290;249389;302094
176291;308850;241802
176292;300344;244921
176293;321487;227424
176294;263485;293030
176295;335907;278661
176296;335299;269181
176297;344309;256601
176298;321063;355377
176299;256836;312194
176300;353407;324883
176301;265314;303802
176302;307521;311962
176303;372927;266140
176304;312192;280281
176305;383634;322873
176306;267705;253421
176307;262464;307016
176308;333631;254513
176309;317586;245795
176310;370341;227537
176311;253354;261464
176312;249372;290114
176313;253671;273523
176314;326996;296130
176315;240850;297506
176316;259525;244413
176317;328344;335511
176318;259745;309801
176319;270330;263578
176320;326880;244013
176321;258165;257530
176322;330509;308230
176323;370746;292198
176324;282051;252749
176325;263720;296415
176326;304075;309728
176327;242757;237151
176328;306854;231631
176329;334048;272920
176330;286902;243773
176331;367225;305453
176332;306017;290558
176333;305596;203525
176334;343440;307002
176335;328246;300420
176336;353520;291259
176337;335774;246469
176338;318675;289667
176339;244121;284764
176340;265901;341270
176341;254718;264431
176342;326372;302006
176343;327718;281398
176344;367925;281269
176345;257281;313479
176346;349951;273115
176347;375077;237626
176348;247971;262488
176349;338040;274826
176350;321459;332839
176351;252747;348790
176352;349463;314058
176353;254911;285392
176354;318881;310444
176355;373488;253904
176356;241714;316710
176357;274433;247108
176358;252484;313487
176359;269980;284226
176360;246384;281150
176361;252702;299768
176362;264569;304579
176363;333001;301386
176364;337367;248837
176365;255199;239793
176366;302224;264907
176367;333832;247516
176368;352426;317252
176369;253434;286810
176370;271242;310084
176371;293911;369937
176372;268877;277915
176373;336009;282277
176374;334207;272620
176375;269680;258917
176376;236287;278378
176377;249443;318256
176378;285855;293224
176379;304171;300275
176380;314653;301822
176381;249020;249098
176382;365267;317200
176383;364774;303053
176384;279097;276030
176385;252611;305957
176386;236530;317769
176387;278488;327571
176388;362685;281294
176389;254947;268339
176390;316297;293054
176391;270374;269505
176392;269019;211582
176393;289133;237983
176394;255673;290716
176395;275530;295043
176396;366538;300667
176397;376686;324646
176398;353052;314766
176399;271513;267927
176400;357940;266843
176401;231470;260827
176402;374698;298346
176403;283058;255086
176404;361303;316736
176405;331095;263800
176406;280907;293116
176407;321626;226240
176408;341739;264202
176409;305268;262527
176410;349707;258498
176411;363164;272556
176412;289502;326152
176413;357692;338834
176414;300666;269239
176415;323986;300258
176416;371269;244595
176417;275723;312864
176418;293169;293684
176419;272952;257522
176420;369897;276113
176421;303826;318331
176422;351789;311049
176423;247199;243010
176424;324700;269743
176425;254272;277616
176426;255536;293073
176427;371782;300843
176428;232143;285537
176429;330092;228771
176430;304013;251687
176431;308664;331468
176432;303936;341819
176433;278551;266349
176434;233996;310580
176435;242075;261437
176436;344952;251233
176437;368388;306439
176438;369545;274383
176439;307703;328166
176440;345858;339485
176441;313638;298473
176442;283822;231331
176443;297473;280379
176444;293013;258338
176445;272030;306263
176446;319213;222466
176447;333509;214096
176448;299228;241698
176449;233856;277065
176450;355745;329842
176451;373738;325952
176452;350784;291374
176453;320041;234092
176454;311763;229389
176455;288804;346453
176456;354824;279650
176457;353126;256889
176458;331459;322739
176459;254618;289423
176460;354664;282840
176461;294031;239643
176462;364165;286179
176463;323438;308323
176464;380764;286903
176465;249542;281631
176466;290975;237609
176467;351602;334033
176468;351418;229625
176469;274461;233986
176470;354901;297818
176471;277325;277135
176472;344646;286269
176473;266651;252117
176474;363697;309532
176475;241388;316469
176476;291372;316858
176477;375978;313608
176478;296603;254665
176479;272801;308686
176480;327891;324131
176481;376420;282136
176482;266065;219096
176483;318370;285568
176484;252522;252636
176485;260520;301397
176486;269973;246905
176487;338664;213858
176488;318293;309802
176489;270305;287913
176490;257880;320753
176491;284174;236026
176492;375084;239461
176493;238306;294957
176494;288750;274926
176495;247178;306323
176496;290242;315712
176497;376972;280250
176498;248837;312694
176499;282975;284601
176500;337129;286398
176501;263210;310452
176502;377310;217962
176503;379971;257190
176504;274216;317285
176505;254629;254699
176506;240028;268557
176507;240995;250407
176508;324824;228605
176509;300660;226553
176510;260443;285169
176511;378549;334449
176512;333169;294340
176513;369733;271714
176514;347803;227758
176515;359906;283048
176516;314969;236693
176517;377114;236796
176518;283908;204529
176519;358938;269823
176520;309964;279291
176521;383199;246761
176522;338308;218275
176523;296410;246075
176524;357184;256133
176525;240103;294361
176526;335170;315360
176527;234013;271027
176528;350635;311764
176529;263933;305651
176530;270779;264333
176531;306659;314108
176532;259474;293230
176533;320964;256622
176534;245651;312256
176535;323393;249717
176536;364195;339431
176537;328951;258348
176538;324009;235799
176539;321382;285950
176540;284119;284844
176541;314709;324878
176542;348907;264865
176543;251181;322718
176544;294650;297582
176545;355531;275942
176546;313894;293367
176547;317950;303308
176548;378500;282346
176549;312867;268335
176550;269956;262082
176551;297182;298862
176552;335469;302656
176553;284822;315437
176554;322717;280203
176555;361826;257702
176556;280428;248579
176557;378577;274274
176558;313992;313511
176559;259430;227089
176560;272519;240524
176561;273560;244828
176562;340261;276554
176563;343441;303082
176564;367490;266309
176565;350080;273093
176566;325657;265729
176567;233396;282555
176568;378600;305997
176569;342261;246928
176570;245924;268318
176571;316708;229373
176572;313183;239248
176573;234056;322552
176574;322139;272227
176575;248654;265268
176576;341295;274971
176577;248710;253518
176578;246583;274395
176579;229260;345503
176580;235380;291112
176581;333968;298806
176582;316698;250021
176583;344011;315207
176584;245641;272726
176585;241307;245433
176586;315884;276664
176587;266867;282589
176588;324474;293379
176589;261516;244632
176590;304629;313175
176591;318506;305558
176592;295014;268024
176593;311556;258793
176594;300981;306444
176595;353907;238074
176596;317454;318995
176597;231857;313808
176598;234267;272947
176599;331542;258598
176600;241186;224482
176601;226222;265652
176602;322771;322341
176603;303811;256373
176604;244766;305578
176605;240211;322800
176606;363539;240276
176607;319143;334699
176608;336617;245701
176609;270639;309387
176610;306367;293591
176611;315214;283807
176612;322828;246853
176613;242758;276198
176614;325670;251666
176615;292123;269782
176616;330541;210160
176617;324291;276900
176618;230840;285475
176619;325973;344441
176620;286224;335795
176621;323034;235354
176622;327024;209343
176623;266633;295820
176624;296148;289225
176625;231037;317015
176626;298252;320414
176627;331522;283339
176628;329112;270986
176629;288879;331704
176630;283914;287383
176631;213127;267431
176632;258799;341563
176633;241180;329042
176634;303098;259149
176635;263867;297863
176636;284893;247851
176637;307779;323910
176638;262627;242927
176639;241025;276057
176640;243628;290622
176641;299247;277214
176642;256645;279213
176643;344529;325128
176644;256896;310635
176645;228696;321182
176646;242525;320807
176647;286206;300199
176648;219918;256443
176649;247325;232932
176650;258808;310508
176651;291649;254602
176652;286011;308261
176653;254243;294596
176654;338294;247575
176655;355664;270732
176656;222741;312907
176657;288567;319583
176658;292631;280084
176659;326766;285180
176660;279268;246023
176661;297410;297210
176662;338763;287392
176663;326484;249031
176664;238932;247702
176665;242369;307795
176666;253181;296703
176667;328269;302554
176668;345867;319596
176669;291790;266072
176670;325497;305382
176671;244833;259743
176672;309074;261995
176673;309507;309826
176674;272726;264846
176675;349856;256983
176676;281306;246652
176677;225972;265119
176678;257812;243111
176679;268091;289851
176680;342723;288109
176681;302947;310599
176682;244614;268016
176683;319907;283194
176684;282426;323565
176685;256250;269876
176686;335093;314109
176687;314041;316496
176688;277889;261441
176689;242140;235092
176690;355964;307104
176691;267418;339908
176692;311024;270917
176693;240825;279206
176694;327664;354165
176695;319153;321871
176696;237569;274641
176697;224143;259012
176698;311519;211830
176699;327968;299413
176700;244197;244786
176701;263480;243568
176702;277382;330174
176703;335070;312683
176704;340277;275187
176705;234481;277083
176706;263423;339260
176707;231097;295600
176708;235756;264308
176709;249052;229457
176710;225552;326352
176711;253099;229975
176712;261657;256488
176713;338590;318535
176714;291306;314399
176715;256716;276115
176716;304413;300490
176717;313757;227038
176718;223636;295277
176719;320303;250110
176720;235400;318081
176721;318626;275382
176722;269426;261854
176723;270016;267472
176724;239503;255688
176725;327794;252258
176726;277476;318961
176727;311823;221305
176728;256887;229849
176729;351192;207096
176730;245978;325201
176731;257163;252045
176732;323286;280614
176733;244783;259484
176734;286755;285024
176735;244598;255979
176736;282247;249255
176737;250587;314951
176738;312311;287749
176739;294673;302206
176740;257758;298239
176741;285454;220172
176742;334971;295008
176743;286286;326316
176744;272810;259524
176745;268657;243814
176746;227837;264292
176747;321779;332813
176748;327364;316717
176749;325484;234095
176750;332785;259067
176751;235285;299448
176752;322889;321664
176753;350846;273837
176754;263231;269417
176755;234103;274062
176756;226260;335285
176757;323450;238838
176758;317038;298604
176759;310360;292692
176760;340044;221379
176761;288995;287230
176762;219178;305604
176763;321968;274249
176764;324110;255985
176765;246563;273877
176766;257890;229880
176767;224958;251900
176768;340001;337477
176769;288858;299108
176770;280459;287540
176771;250327;318105
176772;340966;219296
176773;251944;299057
176774;317396;324287
176775;237888;246716
176776;321987;271843
176777;255654;234416
176778;249546;293421
176779;307913;228920
176780;250900;248989
176781;320856;314726
176782;265540;261465
176783;344506;295210
176784;215036;243647
176785;294856;287712
176786;339322;243905
176787;270334;254310
176788;322792;288995
176789;283106;277713
176790;304602;321403
176791;222930;240582
176792;349705;245625
176793;338210;314974
176794;230480;255733
176795;322364;229041
176796;305499;300103
176797;349544;255295
176798;295699;325183
176799;218764;253787
176800;279233;318685
176801;260220;296196
176802;328663;249119
176803;291173;344232
176804;312936;237365
176805;248489;240808
176806;346853;284073
176807;222257;275781
176808;254153;270842
176809;281569;270450
176810;246108;289418
176811;321406;209656
176812;258408;299504
176813;287778;308869
176814;306882;310694
176815;218714;337139
176816;296043;255816
176817;350083;321209
176818;275274;299133
176819;350778;288814
176820;328059;266818
176821;287245;327406
176822;221910;312693
176823;351333;217278
176824;303247;235672
176825;265992;301939
176826;236949;338978
176827;295474;297666
176828;292936;262301
176829;238463;275802
176830;261850;266161
176831;340049;342611
176832;214077;278667
176833;347077;295944
176834;315165;313608
176835;267933;269688
176836;249564;245808
176837;249304;247951
176838;331813;274723
176839;270854;233715
176840;303528;294968
176841;351710;256143
176842;340910;321576
176843;248154;348242
176844;259509;308227
176845;320419;306219
176846;278083;299978
176847;317913;318081
176848;236349;286609
176849;333913;340123
176850;252121;274334
176851;252840;307768
176852;225980;250570
176853;304443;340305
176854;338876;327532
176855;256013;267019
176856;312586;284398
176857;277711;270582
176858;266087;310922
176859;254624;315282
176860;234568;265581
176861;312178;263459
176862;350299;262200
176863;279150;341446
176864;309098;249863
176865;314505;241750
176866;275774;332309
176867;272630;267107
176868;344140;312244
176869;294017;282912
176870;348266;329617
176871;220559;259312
176872;338709;275688
176873;303864;313945
176874;248045;331370
176875;340704;278093
176876;318919;326962
176877;271330;327432
176878;234402;322520
176879;235222;297362
176880;293619;249199
176881;233922;319458
176882;344686;234297
176883;218862;275592
176884;237613;298254
176885;230673;236275
176886;253007;250263
176887;230638;256338
176888;236644;253999
176889;342203;268904
176890;286115;286407
176891;233792;253272
176892;351107;253765
176893;363081;231052
176894;232273;345240
176895;220854;269425
176896;237695;265016
176897;307170;297706
176898;225841;285933
176899;273386;280525
176900;226016;264447
176901;326262;307076
176902;252184;262472
176903;350548;347359
176904;321795;332028
176905;235630;319268
176906;257096;237662
176907;314752;316224
176908;264020;308525
176909;351926;251536
176910;241283;309449
176911;236861;340428
176912;294881;282322
176913;329182;259938
176914;227730;284528
176915;276631;258821
176916;328497;264990
176917;267452;260096
176918;239352;263262
176919;215146;324596
176920;328597;259471
176921;300490;276031
176922;224546;291228
176923;259185;268551
176924;263346;287152
176925;221092;291627
176926;269044;258881
176927;284686;288924
176928;351334;324040
176929;308871;343588
176930;260328;294256
176931;218595;341606
176932;272592;327355
176933;278275;321999
176934;575038;297834
176935;381919;235357
176936;432841;294617
176937;607726;390201
176938;495979;318848
176939;546011;288079
176940;377351;299689
176941;419966;220095
176942;488239;242396
176943;555182;258356
176944;434936;285892
176945;590294;314993
176946;434256;250900
176947;453407;313076
176948;405898;276729
176949;470014;301732
176950;596345;225396
176951;413887;244905
176952;526194;316899
176953;585623;291877
176954;580673;334579
176955;481497;297340
176956;466539;318512
176957;461713;260226
176958;402068;256226
176959;425360;285370
176960;584903;261256
176961;464060;312346
176962;392609;258408
176963;563253;240994
176964;584062;271682
176965;464815;248390
176966;441847;307994
176967;587115;231521
176968;545151;288667
176969;512672;240040
176970;561419;241990
176971;524292;237597
176972;443428;238782
176973;561493;290846
176974;563416;253132
176975;499909;228416
176976;400888;290828
176977;371983;270304
176978;548257;314548
176979;548704;286396
176980;492785;214317
176981;565427;258181
176982;389955;247663
176983;429258;262528
176984;376577;260540
176985;493126;273008
176986;412793;290659
176987;528010;299107
176988;528104;293826
176989;484517;261654
176990;482109;226370
176991;430748;307707
176992;376751;323588
176993;463632;250210
176994;346152;297327
176995;567642;327395
176996;370858;300989
176997;509591;266808
176998;464056;297056
176999;553645;230892
177000;518715;248501
177001;479257;240191
177002;506462;299796
177003;567582;213890
177004;393092;269912
177005;548802;227785
177006;347635;291300
177007;582475;266355
177008;416010;199135
177009;508576;234755
177010;539131;248194
177011;573701;238622
177012;484741;243336
177013;488371;254677
177014;487189;345997
177015;470094;241642
177016;596769;317335
177017;519789;339903
177018;555851;326522
177019;509963;289806
177020;468518;305605
177021;419789;280669
177022;429620;238398
177023;379521;253028
177024;449248;238523
177025;381111;286038
177026;506793;239300
177027;413206;280725
177028;550618;268584
177029;469071;305116
177030;382139;352323
177031;398302;300117
177032;399677;315921
177033;530103;271931
177034;425788;301189
177035;569325;247269
177036;494478;343170
177037;374220;248935
177038;427265;229786
177039;415416;301813
177040;486376;354890
177041;394862;293936
177042;443654;270531
177043;394325;240297
177044;395993;260419
177045;424944;255029
177046;422235;251800
177047;514628;252601
177048;434824;289539
177049;563163;260359
177050;467711;229167
177051;405966;290084
177052;465514;270690
177053;588472;323274
177054;396945;294672
177055;451977;330515
177056;397382;240708
177057;413279;282077
177058;491040;261663
177059;418229;274115
177060;380801;325751
177061;376516;272370
177062;542487;289950
177063;394664;240543
177064;366691;283115
177065;554244;247471
177066;475416;242713
177067;535904;307420
177068;500322;265788
177069;445471;272401
177070;466746;250705
177071;558939;310136
177072;572768;290877
177073;423733;297862
177074;478218;271125
177075;445237;332082
177076;581339;317036
177077;463399;275271
177078;451147;340094
177079;546242;335141
177080;582424;284648
177081;578168;286835
177082;377689;287749
177083;502181;306081
177084;542976;278624
177085;439719;245428
177086;412500;271391
177087;420352;281726
177088;539687;277958
177089;468415;273200
177090;517198;257089
177091;507577;252717
177092;478365;216094
177093;425853;297000
177094;465606;287868
177095;540508;312378
177096;390486;219660
177097;399650;251976
177098;495952;220867
177099;515029;304059
177100;531501;264379
177101;541125;280245
177102;367946;306972
177103;371265;356464
177104;513417;317219
177105;550590;257182
177106;480397;256897
177107;402038;272466
177108;385760;246592
177109;390886;337666
177110;448561;331802
177111;570801;253645
177112;426451;305003
177113;460243;254252
177114;516924;269926
177115;391657;304582
177116;469911;265563
177117;572356;223777
177118;458656;275728
177119;399653;253156
177120;522909;282300
177121;454872;249074
177122;415962;238266
177123;366569;235593
177124;517835;323640
177125;573260;306266
177126;523856;309652
177127;517726;273021
177128;424761;259973
177129;560178;258341
177130;568097;239394
177131;526919;354207
177132;427977;279762
177133;386893;247687
177134;362027;322346
177135;413718;259211
177136;531221;292047
177137;574983;243905
177138;468752;293999
177139;465284;253489
177140;567883;244115
177141;476860;307980
177142;424535;287909
177143;382156;303598
177144;439027;291031
177145;408369;320877
177146;563342;312269
177147;508595;268255
177148;376442;274029
177149;490727;299522
177150;509605;269730
177151;469569;270932
177152;548548;321413
177153;555835;306596
177154;519786;306113
177155;536850;256810
177156;394363;228009
177157;532707;286093
177158;402546;297840
177159;530969;262138
177160;593623;284589
177161;357369;275326
177162;473774;231649
177163;580176;320514
177164;448106;340570
177165;428640;257291
177166;563016;261832
177167;401679;344332
177168;429183;298287
177169;509900;315093
177170;587575;303825
177171;466411;291308
177172;424945;325105
177173;457373;243992
177174;496635;331453
177175;374292;244828
177176;558549;305467
177177;564775;264291
177178;456319;255307
177179;428733;328155
177180;435715;308525
177181;561005;305117
177182;508748;277703
177183;396659;272639
177184;387219;257117
177185;382228;321573
177186;485900;237228
177187;379321;347615
177188;358496;239954
177189;525473;259974
177190;470545;234270
177191;441738;247880
177192;365919;306439
177193;460614;246967
177194;477678;304440
177195;411911;246074
177196;525752;293497
177197;505747;313793
177198;413917;263405
177199;432147;334333
177200;378964;279522
177201;436394;321522
177202;468428;278260
177203;518812;218636
177204;408665;237259
177205;544346;296235
177206;584651;251231
177207;419520;317093
177208;472328;235474
177209;556619;244457
177210;565953;239519
177211;405739;283496
177212;537313;258328
177213;414965;234499
177214;370156;257762
177215;379344;260626
177216;529856;266013
177217;452900;310700
177218;493342;288636
177219;486516;279927
177220;531265;278718
177221;563283;341617
177222;494504;268588
177223;362803;340750
177224;533026;310010
177225;378428;313326
177226;368940;265723
177227;521961;307040
177228;546981;297579
177229;374623;244005
177230;577800;290068
177231;412953;345701
177232;485865;313085
177233;364598;224315
177234;549567;302254
177235;533028;239288
177236;435008;288804
177237;477734;260746
177238;539576;251650
177239;411337;341160
177240;457906;287272
177241;381270;254144
177242;544287;281925
177243;583696;272888
177244;490346;264278
177245;466218;254518
177246;378943;278771
177247;525582;247017
177248;472319;257367
177249;423260;367979
177250;459897;275933
177251;545205;291713
177252;473556;308568
177253;456208;285885
177254;405309;329299
177255;468607;252702
177256;389565;240997
177257;435975;256040
177258;583945;302544
177259;582349;332865
177260;475395;307924
177261;582086;291051
177262;381172;304806
177263;487635;235668
177264;363304;268623
177265;497686;275433
177266;520596;266630
177267;536434;304411
177268;413992;324103
177269;404861;306993
177270;405809;320903
177271;362738;299876
177272;433556;276734
177273;503218;294339
177274;546461;249085
177275;429095;333970
177276;485075;289184
177277;559033;279384
177278;570769;299023
177279;550351;331167
177280;379448;258084
177281;560171;270831
177282;473482;266644
177283;566590;274230
177284;477367;257729
177285;578778;275753
177286;516111;302846
177287;540353;274289
177288;586392;260723
177289;408687;224412
177290;384216;281185
177291;467945;245571
177292;384721;285938
177293;548943;288480
177294;368863;325848
177295;396854;222979
177296;523334;250329
177297;375644;345466
177298;554556;357547
177299;575696;231516
177300;542795;293324
177301;566776;279645
177302;540756;247402
177303;444596;245313
177304;406421;258612
177305;446811;295492
177306;469608;261929
177307;394268;280846
177308;500872;260087
177309;521074;238146
177310;555098;325926
177311;473971;259562
177312;534421;314390
177313;545094;300782
177314;586492;283992
177315;574197;300676
177316;541527;279619
177317;561006;276366
177318;417201;331665
177319;527908;295076
177320;365764;333998
177321;439950;284189
177322;362537;305547
177323;500659;252287
177324;531611;293462
177325;415732;306295
177326;530763;208986
177327;363429;320796
177328;369908;262888
177329;588283;295192
177330;546016;340791
177331;526178;300898
177332;543280;302654
177333;418564;236499
177334;535206;288970
177335;525597;294690
177336;465752;248530
177337;446489;298713
177338;564776;315494
177339;375104;252623
177340;400241;240084
177341;382997;264933
177342;406682;269492
177343;567325;269333
177344;384197;302836
177345;375060;274799
177346;491808;279847
177347;465413;307326
177348;485312;338175
177349;500031;299189
177350;400593;230313
177351;446968;305958
177352;360782;257424
177353;438275;280780
177354;551509;278712
177355;490840;274243
177356;449709;299639
177357;343972;216813
177358;613642;345965
177359;386349;246825
177360;534973;269314
177361;518510;270648
177362;422621;252671
177363;385586;290713
177364;401464;280184
177365;485329;267629
177366;566895;239613
177367;425597;297839
177368;506923;249340
177369;532622;249276
177370;375015;329042
177371;379299;280117
177372;468307;322351
177373;563508;280040
177374;536433;212456
177375;475714;269810
177376;463312;304054
177377;367687;297166
177378;509155;260667
177379;549371;268325
177380;506827;309220
177381;544144;303887
177382;406101;263631
177383;517018;260979
177384;548107;314365
177385;563686;314641
177386;386725;302060
177387;536337;338483
177388;496994;238390
177389;372804;286034
177390;452406;306797
177391;518444;239444
177392;430603;222280
177393;493247;285071
177394;528811;271608
177395;354293;226467
177396;568434;292123
177397;531609;311479
177398;522380;322143
177399;411658;291517
177400;435431;250685
177401;356014;246573
177402;404598;246324
177403;365338;243443
177404;525054;264713
177405;535273;309894
177406;367050;253655
177407;432628;345486
177408;402752;280682
177409;539205;320609
177410;505428;275752
177411;360952;273711
177412;561027;263680
177413;434739;312409
177414;387673;312701
177415;491444;290870
177416;388859;236090
177417;399985;273902
177418;506445;308246
177419;380052;300414
177420;481310;306091
177421;389456;238575
177422;461113;223212
177423;506398;240993
177424;546134;321486
177425;480426;229687
177426;541675;322641
177427;505905;293899
177428;487050;298622
177429;401638;234319
177430;494412;273364
177431;546452;244984
177432;371886;289202
177433;366010;296091
177434;431333;300889
177435;419601;249823
177436;534967;261720
177437;440943;305204
177438;395553;232661
177439;484662;339864
177440;446816;296126
177441;398653;273414
177442;470145;324681
177443;373769;255171
177444;456235;313692
177445;564272;252139
177446;411859;216563
177447;552794;297535
177448;571357;277045
177449;385154;288144
177450;528466;273219
177451;550364;270317
177452;524363;239208
177453;487097;343189
177454;373856;302992
177455;543716;312494
177456;555097;262899
177457;555173;268512
177458;532298;252817
177459;558495;320237
177460;402130;298279
177461;479393;332691
177462;487950;269581
177463;375083;247718
177464;510255;296736
177465;561666;307097
177466;440740;291766
177467;536495;229815
177468;504290;259120
177469;450438;306334
177470;487499;236636
177471;468982;327853
177472;351657;274323
177473;459129;253614
177474;539424;283849
177475;405212;307674
177476;540605;285417
177477;561833;283340
177478;390928;311645
177479;556038;232667
177480;346261;323419
177481;565574;302681
177482;413894;275065
177483;370201;260296
177484;411924;288211
177485;395154;324526
177486;358949;285466
177487;384760;252796
177488;463962;352097
177489;407549;338766
177490;454405;256359
177491;359254;288025
177492;515646;306941
177493;418610;307361
177494;493480;252989
177495;465757;280551
177496;548869;293759
177497;456621;212703
177498;475976;284214
177499;473758;259525
177500;572309;311509
177501;456344;322734
177502;488035;361246
177503;387997;287554
177504;525333;248795
177505;421752;287949
177506;448231;281090
177507;371858;307714
177508;546086;226458
177509;371794;238304
177510;373936;209212
177511;532745;299423
177512;469806;299586
177513;552214;260241
177514;550662;288930
177515;365368;227767
177516;428965;296556
177517;358765;240329
177518;444075;262335
177519;529102;289521
177520;383677;268025
177521;540763;306046
177522;517294;250674
177523;570157;323173
177524;529215;273071
177525;541677;256913
177526;507954;317156
177527;443102;298380
177528;488526;315801
177529;480566;289272
177530;384327;285182
177531;463060;300193
177532;562514;264995
177533;443224;270328
177534;364655;260532
177535;535114;226905
177536;408292;348040
177537;411884;266988
177538;364368;334691
177539;525581;279651
177540;446172;249420
177541;350498;274037
177542;354750;261259
177543;499438;264408
177544;404217;257431
177545;370270;293363
177546;521359;303425
177547;359119;285947
177548;372557;261923
177549;410952;224922
177550;449624;302992
177551;375307;259469
177552;555114;272620
177553;346134;263240
177554;349148;251020
177555;567166;327213
177556;352111;302085
177557;550899;309260
177558;510477;340482
177559;490598;235327
177560;506623;276795
177561;443291;267874
177562;457751;316285
177563;434016;331506
177564;371187;326607
177565;575661;242297
177566;461989;250779
177567;396936;302288
177568;524734;347363
177569;367467;213355
177570;519142;224074
177571;471355;316136
177572;557369;249455
177573;504744;232095
177574;382078;306695
177575;532279;285528
177576;494949;304652
177577;546514;256921
177578;348695;333858
177579;390227;316755
177580;381970;230961
177581;481287;324234
177582;461868;289045
177583;374893;344671
177584;410525;231119
177585;379680;295503
177586;478022;322745
177587;445425;219861
177588;409595;290989
177589;466912;243840
177590;487457;345500
177591;446228;273890
177592;508335;317905
177593;352675;300826
177594;523823;282500
177595;504156;274129
177596;418221;239077
177597;452738;236592
177598;404803;284455
177599;428642;316544
177600;565329;332537
177601;374223;322419
177602;422651;321783
177603;534683;260204
177604;399296;299255
177605;432697;268453
177606;370676;312312
177607;439036;289086
177608;418423;228138
177609;348672;273198
177610;552453;282299
177611;490232;239454
177612;549035;304182
177613;351802;279888
177614;397974;308661
177615;402009;278733
177616;540565;234572
177617;418002;309863
177618;494249;262405
177619;387189;263665
177620;541712;259271
177621;512099;235523
177622;343752;303483
177623;516190;264309
177624;446634;240155
177625;409354;297652
177626;395068;250005
177627;563558;322316
177628;351951;272049
177629;492215;262945
177630;536720;252946
177631;474249;313622
177632;501709;309070
177633;359005;289598
177634;436689;293052
177635;560763;321768
177636;508167;306867
177637;496162;362301
177638;538491;340256
177639;485543;272879
177640;539733;326673
177641;556284;342637
177642;508471;329543
177643;561717;304750
177644;350641;238678
177645;558640;214977
177646;355280;284930
177647;375804;258783
177648;432514;335674
177649;449400;292676
177650;486479;261906
177651;464518;269381
177652;452667;329154
177653;485522;237129
177654;375541;310216
177655;525320;232776
177656;481783;311442
177657;368345;256640
177658;361677;272776
177659;431342;285472
177660;391489;298424
177661;405425;294176
177662;566106;275101
177663;524311;309035
177664;504887;261074
177665;574207;282007
177666;457707;313361
177667;399441;292472
177668;377674;321345
177669;477178;276158
177670;479339;270497
177671;455072;262206
177672;497645;316942
177673;368409;336982
177674;425792;267572
177675;364277;277179
177676;478625;271267
177677;434665;268700
177678;489401;293697
177679;494462;214535
177680;396376;295057
177681;477793;297531
177682;556212;270884
177683;388523;305437
177684;444153;230790
177685;497795;278017
177686;348764;287845
177687;475145;225692
177688;404303;286617
177689;460334;331583
177690;531132;259290
177691;456287;272618
177692;555005;284709
177693;482546;302833
177694;481234;286699
177695;500184;281971
177696;464067;303414
177697;437841;302871
177698;505162;324104
177699;451791;238219
177700;504107;336211
177701;572965;288328
177702;517402;236423
177703;565092;323835
177704;421418;259970
177705;398699;258837
177706;547998;289330
177707;389277;272869
177708;448800;249429
177709;512040;251197
177710;441915;289005
177711;548450;301856
177712;498027;265052
177713;549990;290816
177714;524732;285663
177715;374850;261381
177716;536224;277883
177717;477667;324506
177718;484643;250666
177719;386198;282526
177720;372587;249083
177721;489349;239568
177722;392161;256004
177723;361931;244104
177724;447700;220270
177725;389176;311555
177726;438056;246379
177727;560437;308224
177728;514592;306190
177729;502577;234594
177730;525039;247635
177731;493642;310357
177732;450812;262333
177733;565614;307061
177734;408222;214460
177735;516847;343370
177736;412290;251515
177737;571294;318201
177738;519727;253404
177739;455117;322305
177740;450440;250521
177741;532070;236377
177742;347644;292623
177743;505292;317627
177744;530867;244918
177745;374365;291780
177746;571400;318754
177747;567534;281078
177748;370933;364460
177749;441454;239931
177750;478562;250912
177751;446981;305128
177752;443902;334087
177753;403647;277066
177754;379157;278874
177755;521792;269067
177756;444424;332300
177757;376581;281042
177758;395284;275692
177759;472313;293540
177760;569161;334045
177761;570216;249455
177762;520793;336411
177763;369639;259509
177764;476680;241880
177765;487147;277235
177766;454507;226905
177767;484840;325499
177768;390317;281822
177769;483946;258645
177770;367340;270888
177771;486771;278698
177772;472216;272785
177773;398376;271391
177774;369410;274396
177775;429034;294157
177776;452798;309108
177777;364919;274454
177778;412450;224697
177779;465785;285112
177780;415896;258012
177781;438216;237193
177782;500059;257227
177783;602541;271223
177784;619567;310413
177785;711152;311901
177786;829158;289269
177787;654675;275313
177788;611699;208383
177789;878018;288803
177790;705967;321780
177791;661160;275558
177792;893159;273947
177793;627456;313239
177794;631575;254081
177795;885020;256477
177796;618236;289577
177797;833938;281423
177798;884082;279221
177799;566006;278845
177800;879222;238937
177801;759227;296265
177802;825535;254151
177803;557028;247684
177804;773877;329944
177805;654641;256376
177806;636793;301192
177807;877025;326426
177808;788685;322897
177809;792916;346280
177810;804052;232574
177811;565450;309405
177812;557068;247336
177813;555026;314790
177814;866726;281649
177815;762003;279582
177816;765745;300678
177817;734357;326687
177818;738630;272731
177819;634543;321154
177820;764264;252673
177821;752669;276658
177822;551748;270270
177823;851564;299754
177824;647051;263405
177825;822301;287907
177826;854739;276634
177827;602347;274292
177828;651120;264504
177829;577174;242655
177830;618029;271378
177831;809847;331217
177832;621109;295828
177833;810665;341929
177834;809794;313683
177835;640543;277422
177836;667147;222528
177837;618579;284407
177838;707398;315453
177839;771732;278019
177840;675798;251629
177841;564057;309065
177842;818657;254307
177843;671333;250349
177844;705239;286307
177845;733223;248761
177846;660864;337738
177847;602832;281144
177848;660911;317712
177849;822793;243148
177850;748026;291972
177851;841028;269632
177852;882669;349959
177853;598907;313501
177854;774788;216375
177855;764362;259490
177856;698481;242904
177857;898465;333828
177858;861414;231989
177859;568159;240609
177860;800033;262124
177861;643651;290401
177862;886473;290542
177863;733151;275110
177864;791805;257758
177865;896536;262444
177866;747979;297345
177867;648887;302772
177868;728198;270490
177869;732675;300559
177870;867195;293310
177871;859844;317814
177872;867297;227990
177873;810830;302261
177874;580144;296506
177875;691689;336488
177876;759105;308866
177877;594267;273546
177878;902398;250440
177879;875613;261835
177880;847324;327405
177881;864902;260629
177882;625530;293610
177883;767194;292468
177884;689690;275930
177885;749339;299282
177886;667152;246780
177887;791513;328196
177888;708425;328761
177889;574181;320675
177890;670243;231353
177891;697034;238165
177892;627535;315488
177893;789201;219690
177894;732866;290898
177895;664837;278413
177896;624356;248534
177897;752818;284003
177898;908317;315821
177899;912785;292271
177900;706268;269322
177901;865855;249441
177902;589880;295551
177903;623758;294205
177904;749405;273792
177905;794026;381198
177906;671262;332318
177907;796718;243964
177908;906911;255408
177909;758725;314765
177910;518054;274300
177911;730658;281392
177912;860331;341247
177913;559074;286131
177914;870601;311401
177915;793653;248342
177916;728866;309591
177917;581262;290975
177918;552068;255021
177919;690188;304791
177920;826775;336178
177921;893163;296759
177922;769507;294532
177923;748766;281228
177924;859113;343992
177925;668031;320347
177926;899529;255551
177927;666332;287399
177928;628439;260064
177929;914008;269264
177930;904831;277031
177931;640714;316404
177932;596057;221270
177933;633891;340110
177934;858674;262427
177935;662928;323972
177936;682172;265750
177937;842939;235939
177938;566785;310013
177939;683028;275065
177940;818941;258410
177941;773291;261364
177942;651625;252725
177943;822782;308740
177944;778424;214524
177945;798134;317402
177946;872319;339604
177947;724205;239925
177948;898727;256382
177949;864012;321288
177950;607959;250839
177951;742739;265799
177952;827018;309752
177953;820666;314360
177954;721213;252674
177955;847617;295803
177956;633156;244803
177957;820379;286566
177958;890450;258632
177959;776473;226857
177960;778236;252079
177961;776151;295733
177962;699464;224435
177963;550810;308900
177964;805216;284540
177965;864731;328741
177966;880070;227363
177967;823672;298549
177968;911234;285319
177969;605116;293294
177970;725774;250594
177971;882261;221524
177972;701069;361604
177973;742675;322428
177974;781831;301278
177975;891331;284750
177976;752421;323473
177977;552332;308392
177978;612269;265657
177979;884672;285157
177980;687457;277959
177981;654776;253234
177982;637219;305962
177983;837309;288679
177984;839343;298768
177985;738985;257433
177986;839907;216069
177987;690575;259589
177988;842957;314285
177989;596020;253150
177990;899137;250239
177991;885645;288845
177992;586906;300669
177993;792657;301901
177994;564253;288167
177995;697486;277838
177996;724471;307812
177997;708724;306764
177998;647551;311488
177999;566532;258310
178000;614578;259573
178001;631335;239346
178002;644762;310894
178003;801905;237887
178004;589083;257588
178005;759104;305286
178006;873080;251598
178007;744894;334102
178008;714529;258340
178009;587435;220616
178010;723777;306825
178011;849762;329792
178012;614714;286276
178013;824133;285245
178014;614732;289580
178015;867732;320187
178016;728600;281908
178017;724706;260656
178018;616592;323513
178019;637886;258081
178020;743729;305244
178021;780954;232563
178022;853143;334951
178023;554618;302508
178024;764526;292753
178025;746215;306446
178026;550945;224093
178027;905530;300707
178028;639236;372254
178029;811147;334532
178030;569303;255452
178031;515233;288833
178032;810774;270176
178033;629555;272271
178034;910404;314470
178035;692783;295993
178036;573277;258572
178037;899436;258112
178038;773733;266943
178039;684904;304396
178040;811851;272478
178041;774939;280483
178042;685114;314298
178043;812575;237493
178044;729542;291702
178045;758183;318047
178046;742463;233591
178047;581163;227348
178048;582185;257613
178049;865199;303150
178050;689441;285863
178051;673087;362390
178052;873922;335442
178053;581254;300890
178054;625685;258163
178055;677669;268097
178056;615132;243701
178057;752330;247709
178058;908651;309188
178059;769634;235220
178060;865770;324266
178061;735966;304346
178062;303541;245710
178063;413532;273481
178064;357743;318686
178065;325020;305329
178066;456210;223180
178067;313429;317449
178068;444229;312577
178069;409273;329471
178070;425067;283380
178071;345553;283755
178072;297008;290548
178073;342645;225184
178074;470229;311082
178075;362575;252105
178076;343577;238386
178077;360282;237467
178078;458879;249877
178079;481379;277064
178080;472371;276622
178081;393595;270966
178082;336836;301285
178083;480935;279865
178084;303576;357694
178085;330344;296148
178086;488623;271406
178087;404776;309566
178088;417168;229360
178089;330743;268799
178090;304608;235589
178091;421660;286630
178092;408889;301360
178093;353277;209536
178094;478079;309103
178095;474244;266922
178096;431501;284777
178097;474586;252844
178098;461023;294702
178099;488712;279440
178100;370948;307182
178101;328186;284669
178102;318356;339505
178103;380381;359344
178104;329549;278599
178105;438879;272190
178106;404763;245064
178107;419516;232593
178108;330721;215692
178109;448731;301242
178110;437765;291732
178111;480297;284662
178112;437597;282678
178113;456548;293011
178114;456824;286778
178115;460531;251770
178116;461676;316469
178117;435100;309576
178118;318792;276072
178119;389441;245249
178120;457911;276999
178121;475024;288905
178122;465214;273475
178123;482710;223029
178124;482291;212258
178125;385921;270099
178126;432171;295451
178127;369456;305948
178128;452888;334257
178129;402456;239018
178130;448808;274671
178131;451468;295821
178132;467008;271977
178133;475703;294992
178134;489815;293036
178135;409177;309471
178136;491109;307069
178137;319453;242150
178138;446955;333343
178139;407063;246800
178140;284047;275829
178141;402228;299772
178142;439401;319697
178143;286293;326056
178144;401337;276466
178145;329740;293760
178146;318929;245918
178147;481507;354109
178148;476352;332782
178149;440773;256199
178150;397629;275656
178151;345692;217462
178152;457891;210149
178153;490228;236009
178154;404794;260125
178155;397014;257005
178156;415891;291360
178157;350585;277178
178158;332048;274240
178159;316946;322061
178160;324821;307426
178161;377765;285957
178162;467682;346104
178163;471101;273095
178164;313156;354402
178165;459784;307626
178166;324348;314364
178167;304898;299890
178168;298974;286614
178169;353787;278083
178170;456448;276982
178171;464406;272041
178172;489010;311143
178173;457362;253462
178174;350029;340350
178175;471504;298672
178176;298304;265609
178177;390233;255517
178178;379801;275130
178179;429804;243727
178180;391148;335877
178181;475030;269582
178182;453503;265199
178183;325643;254342
178184;491108;293145
178185;436988;266849
178186;446955;270931
178187;309943;319284
178188;477134;255399
178189;403899;247137
178190;302014;267822
178191;360437;356143
178192;375493;301808
178193;429413;266719
178194;347165;317836
178195;460096;312870
178196;295967;247586
178197;398169;224631
178198;403457;335827
178199;380142;222427
178200;388865;287519
178201;476628;249584
178202;351321;242207
178203;424220;348578
178204;455630;331274
178205;418905;218053
178206;324506;344937
178207;414545;277803
178208;435487;310464
178209;372853;318114
178210;471030;290484
178211;441767;249067
178212;328698;305042
178213;432065;247952
178214;389475;282534
178215;400264;322022
178216;474303;285498
178217;360315;260899
178218;468922;248249
178219;440547;288192
178220;341493;254104
178221;477249;275049
178222;367484;242061
178223;438597;253087
178224;451782;221656
178225;489535;281425
178226;360113;239149
178227;418083;304033
178228;374825;343212
178229;416358;243953
178230;387430;248898
178231;378209;306837
178232;375850;251535
178233;393070;235410
178234;422575;234564
178235;297008;299581
178236;363235;304186
178237;438158;241417
178238;467468;251101
178239;427501;212251
178240;439325;290247
178241;433750;225556
178242;432625;251393
178243;350844;282696
178244;324810;239637
178245;419836;341576
178246;401586;311690
178247;459677;303534
178248;470979;305422
178249;315410;321472
178250;358340;318087
178251;389552;293829
178252;369592;272774
178253;425754;318188
178254;442403;301298
178255;478845;264701
178256;302131;294306
178257;333012;220656
178258;328638;292947
178259;363659;242019
178260;439903;249902
178261;383212;278547
178262;469735;289294
178263;376158;288966
178264;355436;261431
178265;294996;275600
178266;412257;304959
178267;328547;245665
178268;390091;224433
178269;421465;253629
178270;365038;249128
178271;446534;239185
178272;311653;259193
178273;390982;284711
178274;365216;249009
178275;383726;238201
178276;390253;312767
178277;350054;302156
178278;495038;271528
178279;470800;217128
178280;374654;286833
178281;387390;272440
178282;443777;309019
178283;321401;210876
178284;352341;299477
178285;420133;290499
178286;334479;316728
178287;324781;261429
178288;313656;306618
178289;377016;306542
178290;453540;317635
178291;438318;268235
178292;371180;231449
178293;313541;297343
178294;315094;284355
178295;294610;305785
178296;334237;284245
178297;302701;232550
178298;362881;320279
178299;428115;316927
178300;354404;250422
178301;424280;289365
178302;354036;271007
178303;397208;345748
178304;338768;322049
178305;460538;229983
178306;322493;273634
178307;346517;290075
178308;409517;318963
178309;328339;286175
178310;328496;340868
178311;432603;327514
178312;400805;315246
178313;439894;258210
178314;314299;291481
178315;425708;254162
178316;416311;309594
178317;391746;236649
178318;458749;200012
178319;358285;307715
178320;454142;291268
178321;479857;297842
178322;339775;354370
178323;359521;255891
178324;361433;265327
178325;326533;299024
178326;392202;252466
178327;428818;337267
178328;446553;301330
178329;477530;335347
178330;454003;224553
178331;416152;266766
178332;426385;295716
178333;322447;281773
178334;375102;275834
178335;359322;262973
178336;392461;243370
178337;411394;259784
178338;451470;256425
178339;325547;319690
178340;401027;309184
178341;422303;254677
178342;375589;271810
178343;380116;219911
178344;391969;265089
178345;329654;290319
178346;436105;309067
178347;454511;241899
178348;438202;315327
178349;485250;301264
178350;314799;324788
178351;425095;296805
178352;400086;230984
178353;420527;293941
178354;493755;291916
178355;325305;298743
178356;334940;310254
178357;377270;316954
178358;376188;292607
178359;458523;254839
178360;467810;296210
178361;409280;218558
178362;394361;302452
178363;347437;301296
178364;445530;275360
178365;464616;251522
178366;423701;280261
178367;313105;258096
178368;329656;332560
178369;360488;257729
178370;329120;253218
178371;309908;312113
178372;356709;325976
178373;452426;306529
178374;443515;307621
178375;434034;237475
178376;298989;247737
178377;449749;268721
178378;302598;272325
178379;454767;304845
178380;341619;294868
178381;400255;352795
178382;483287;308807
178383;436497;280353
178384;443149;269065
178385;435281;307161
178386;322008;277762
178387;413136;338243
178388;309974;310189
178389;424417;295242
178390;316028;315199
178391;466420;275359
178392;464773;309198
178393;393872;247955
178394;394752;322207
178395;306762;332915
178396;368598;239105
178397;430961;308877
178398;440614;335392
178399;317628;324179
178400;456273;280669
178401;472748;331994
178402;452577;220843
178403;292127;228462
178404;398400;305988
178405;297352;283430
178406;311875;284771
178407;367360;263261
178408;339114;302228
178409;462455;310198
178410;311680;271207
178411;364509;292357
178412;296811;285382
178413;318816;304566
178414;413901;233656
178415;413067;274151
178416;366111;258572
178417;302611;247838
178418;422043;292478
178419;368451;264267
178420;317925;274798
178421;427771;235315
178422;480209;319839
178423;491320;295626
178424;459039;311530
178425;453885;311418
178426;342739;268051
178427;454722;260497
178428;460657;310715
178429;413145;232554
178430;471773;255942
178431;425318;301656
178432;336895;259582
178433;420773;223345
178434;472470;271674
178435;352524;319304
178436;794681;275530
178437;707402;217739
178438;796816;270862
178439;645823;282347
178440;606965;300001
178441;600715;306966
178442;848764;269764
178443;551877;294107
178444;596946;291103
178445;811721;264478
178446;740241;248122
178447;867673;240951
178448;884453;257811
178449;903612;299140
178450;578687;278289
178451;825850;242637
178452;632802;227617
178453;643287;268939
178454;661414;250900
178455;609783;256089
178456;869133;276335
178457;723604;324452
178458;892470;277110
178459;616469;333083
178460;841855;234786
178461;630009;240038
178462;793315;291823
178463;621671;300106
178464;767290;315867
178465;701263;273195
178466;588700;284864
178467;778541;230408
178468;901534;269432
178469;657553;243801
178470;902982;309754
178471;835565;274920
178472;872435;303889
178473;857751;286072
178474;615985;231994
178475;865457;250411
178476;695871;249517
178477;761377;257423
178478;746689;266066
178479;605815;285083
178480;744183;293580
178481;572201;243239
178482;629491;270957
178483;727924;268652
178484;767518;317483
178485;628675;332368
178486;731616;256328
178487;610351;259664
178488;575581;223840
178489;832760;263037
178490;802176;230200
178491;757380;275156
178492;683543;367440
178493;874077;286125
178494;702431;271434
178495;783454;345455
178496;849463;277511
178497;904069;300161
178498;575305;258817
178499;586098;231211
178500;717401;327356
178501;859646;280562
178502;556628;319773
178503;701330;296194
178504;662366;235693
178505;630477;332531
178506;621548;228376
178507;898996;318059
178508;711907;247873
178509;767120;322923
178510;726104;298527
178511;736003;295770
178512;845011;221133
178513;611979;325021
178514;618785;283672
178515;892633;251271
178516;749537;252355
178517;838091;319571
178518;876887;258367
178519;884852;266647
178520;787708;299982
178521;737748;268860
178522;617857;276174
178523;888105;277217
178524;718795;246521
178525;725504;269165
178526;821967;311877
178527;669910;254545
178528;589943;231598
178529;745966;346190
178530;829276;232005
178531;785811;298314
178532;770137;284792
178533;901105;256133
178534;798808;259953
178535;567425;330256
178536;890494;238065
178537;665643;293076
178538;665202;320131
178539;745455;292605
178540;862599;355686
178541;844035;253626
178542;676001;297897
178543;813813;284426
178544;695404;336114
178545;733939;295575
178546;826780;260475
178547;811427;260598
178548;627541;259892
178549;574651;266524
178550;750334;292788
178551;688993;315523
178552;849427;274396
178553;609614;242080
178554;609416;282377
178555;741538;248715
178556;835178;321923
178557;564632;279420
178558;814974;320962
178559;911179;227798
178560;738723;333712
178561;661342;240458
178562;792756;256553
178563;740453;328549
178564;668753;291985
178565;774497;296503
178566;723608;309742
178567;802654;298246
178568;674376;300661
178569;768190;372030
178570;759551;329259
178571;602204;261578
178572;672111;267467
178573;698297;261346
178574;629562;262215
178575;781140;317655
178576;624313;270864
178577;798506;268192
178578;731806;254348
178579;919684;241321
178580;768841;310593
178581;618848;272094
178582;599659;340345
178583;671385;295892
178584;854982;288049
178585;774843;273811
178586;828141;290108
178587;915743;307399
178588;671339;221432
178589;557607;248644
178590;855598;319368
178591;688878;319630
178592;685730;305550
178593;757162;312080
178594;648396;275856
178595;884947;228318
178596;743152;287812
178597;889508;299802
178598;873808;292915
178599;754150;296952
178600;870360;349070
178601;862072;230364
178602;687957;316528
178603;890000;254355
178604;817713;246071
178605;909678;279674
178606;755852;291411
178607;892801;333850
178608;838179;350701
178609;671256;276427
178610;803011;293328
178611;727512;259276
178612;848838;286203
178613;715947;317950
178614;702338;238603
178615;734020;255667
178616;745129;271874
178617;871645;324822
178618;575533;270723
178619;592951;226131
178620;812377;305420
178621;667018;335794
178622;684499;337673
178623;647392;277458
178624;611941;314751
178625;717091;269217
178626;794593;295903
178627;922910;300751
178628;553356;288051
178629;737024;276808
178630;792664;253901
178631;573112;307620
178632;643952;291513
178633;856829;294419
178634;805898;245570
178635;590734;263103
178636;675224;286501
178637;855630;275077
178638;741399;289138
178639;589040;294228
178640;618915;313287
178641;556875;237764
178642;666076;276233
178643;751555;255664
178644;671921;309512
178645;807819;232388
178646;915725;296449
178647;854244;255618
178648;911495;290316
178649;672431;236798
178650;593026;319996
178651;834865;283188
178652;676917;332473
178653;915857;330286
178654;823821;288681
178655;882132;304172
178656;677972;312831
178657;835747;290519
178658;611265;297831
178659;777465;292381
178660;920257;310710
178661;717259;272685
178662;772501;304846
178663;856803;232775
178664;620552;268652
178665;651391;267116
178666;638383;290908
178667;560320;346328
178668;642374;316386
178669;714614;250739
178670;891156;264440
178671;887781;273298
178672;769598;325610
178673;729110;259097
178674;616157;301324
178675;625341;258976
178676;703201;330633
178677;655301;326071
178678;692321;288268
178679;783950;280593
178680;763882;250396
178681;616670;287657
178682;566783;247826
178683;898039;269525
178684;559548;245015
178685;647912;224494
178686;821852;246221
178687;595881;281671
178688;589888;267201
178689;718270;349971
178690;723081;256817
178691;675862;261491
178692;867401;268085
178693;811280;255864
178694;807760;326173
178695;716263;274350
178696;622496;265231
178697;612945;252043
178698;735085;319725
178699;602159;242776
178700;634273;241387
178701;684767;241503
178702;740068;286556
178703;872500;287976
178704;675545;317746
178705;696143;321830
178706;704851;285527
178707;791197;236196
178708;588741;305321
178709;614930;311654
178710;724497;304387
178711;904657;344103
178712;766507;276573
178713;798109;262790
178714;745202;288004
178715;720414;283416
178716;876067;296488
178717;859370;263596
178718;884539;241410
178719;705254;319544
178720;763484;297316
178721;696399;247497
178722;789443;320664
178723;841710;291132
178724;683035;246152
178725;703272;306325
178726;422897;227464
178727;475294;309851
178728;485604;256257
178729;411053;226077
178730;628101;319322
178731;666051;272272
178732;464686;309058
178733;471656;341732
178734;457340;289819
178735;545354;215264
178736;457861;331416
178737;604908;291008
178738;480939;317198
178739;413638;318092
178740;515139;290352
178741;568637;300737
178742;637792;248477
178743;453367;291573
178744;581965;301073
178745;617947;284591
178746;571563;253204
178747;467981;265421
178748;449745;219527
178749;577164;297775
178750;417934;250934
178751;455227;231022
178752;666310;255009
178753;501934;280236
178754;424637;269132
178755;526912;287277
178756;493963;310183
178757;509064;275609
178758;483271;323702
178759;487811;252912
178760;477757;252109
178761;584908;279778
178762;624639;287482
178763;534506;263415
178764;548598;233775
178765;656897;252349
178766;633229;269329
178767;473013;260042
178768;475376;250321
178769;407218;372557
178770;506901;315139
178771;421127;279982
178772;656215;246860
178773;554158;200512
178774;643946;284226
178775;419268;306003
178776;663263;241426
178777;596363;310030
178778;602953;276295
178779;447273;307837
178780;461563;322141
178781;566973;308303
178782;405258;327711
178783;668201;264605
178784;554797;262914
178785;543947;230337
178786;562315;273803
178787;442323;311631
178788;511133;342066
178789;407522;274172
178790;501942;277223
178791;559681;264252
178792;402831;318230
178793;415193;218931
178794;548039;235736
178795;563449;302682
178796;602615;252674
178797;548287;309243
178798;598799;276935
178799;590779;236948
178800;407443;246989
178801;634706;300135
178802;420495;308596
178803;588103;215628
178804;413101;245402
178805;476575;253368
178806;562400;313562
178807;489642;312100
178808;546086;251358
178809;580976;231950
178810;646271;256040
178811;455948;260031
178812;534879;294585
178813;525996;277014
178814;628938;300372
178815;669057;241742
178816;500352;299642
178817;628148;258085
178818;652559;271637
178819;576320;315104
178820;658582;299381
178821;545170;250526
178822;439202;284789
178823;485124;219738
178824;679080;280004
178825;481314;309875
178826;554798;257473
178827;521536;273706
178828;478944;290879
178829;598710;340638
178830;523333;224726
178831;569055;282043
178832;523518;291043
178833;549230;310291
178834;617016;275540
178835;655687;270053
178836;562032;313927
178837;550400;291237
178838;537830;338258
178839;679357;303557
178840;567931;321052
178841;630046;299157
178842;453703;301920
178843;411532;280904
178844;664752;340126
178845;480697;270121
178846;585367;275597
178847;542939;241547
178848;413142;328142
178849;593805;237684
178850;432292;298720
178851;551985;285641
178852;422069;253060
178853;601224;282614
178854;466950;266542
178855;467556;334188
178856;524034;238947
178857;524006;238775
178858;517111;274040
178859;669029;324873
178860;615488;244242
178861;543262;221747
178862;599116;325166
178863;554095;268521
178864;466957;255023
178865;477266;311575
178866;420054;320900
178867;665676;231194
178868;577407;327001
178869;569545;294451
178870;499195;296765
178871;634120;282157
178872;595444;327525
178873;604302;249803
178874;497833;302609
178875;422422;284398
178876;692985;269625
178877;550986;318618
178878;591074;302044
178879;429392;228486
178880;564479;272702
178881;623356;274284
178882;558151;222498
178883;488718;239727
178884;547030;290296
178885;609818;231591
178886;490468;304568
178887;517742;264691
178888;427993;230977
178889;669040;292527
178890;536198;301247
178891;660760;286696
178892;641535;308452
178893;652093;292211
178894;629055;315348
178895;602743;316116
178896;470474;274252
178897;509220;314340
178898;621131;243918
178899;576553;322763
178900;602682;289652
178901;468352;240657
178902;675250;342367
178903;451779;340501
178904;496180;242067
178905;500054;293059
178906;610946;231469
178907;534166;288048
178908;520505;292177
178909;424325;272682
178910;547797;330255
178911;502938;292955
178912;491479;278213
178913;486816;296077
178914;507608;264232
178915;426097;305937
178916;618930;307203
178917;641292;232987
178918;473534;255321
178919;460296;234544
178920;621902;271294
178921;655915;329705
178922;580607;297040
178923;573516;230123
178924;608659;313715
178925;408197;328773
178926;456344;297555
178927;601546;292636
178928;509016;303285
178929;622791;239809
178930;635634;244602
178931;432823;296524
178932;488424;286894
178933;526481;300306
178934;478901;288474
178935;571118;232820
178936;611164;215086
178937;460241;288522
178938;627354;303376
178939;670050;276664
178940;441546;321192
178941;543485;302828
178942;498019;276157
178943;516327;255291
178944;578772;278932
178945;613037;289171
178946;547753;231565
178947;531941;242084
178948;647092;268075
178949;538115;243681
178950;531969;265885
178951;393257;289223
178952;641175;278476
178953;498662;245082
178954;614616;306957
178955;412930;265426
178956;563900;256090
178957;471392;261111
178958;640303;241814
178959;526193;304361
178960;436938;255671
178961;485063;264630
178962;655045;250104
178963;637413;302047
178964;463713;246360
178965;629121;355843
178966;448752;302234
178967;481841;254229
178968;444045;305964
178969;550867;238873
178970;416583;333399
178971;504027;254424
178972;596261;280868
178973;435932;299983
178974;460227;245728
178975;656574;354457
178976;575654;279040
178977;501759;334220
178978;662943;274093
178979;525178;247104
178980;433152;318307
178981;630281;266855
178982;583889;294442
178983;670074;293440
178984;592524;312680
178985;541493;284484
178986;462478;303092
178987;421107;288213
178988;485880;277386
178989;417099;257881
178990;433003;232703
178991;471852;324400
178992;493938;309553
178993;463320;316590
178994;613450;269468
178995;560304;266845
178996;655323;256614
178997;479502;301363
178998;515978;354022
178999;637180;270364
179000;539602;272505
179001;526860;282830
179002;443424;277013
179003;400813;310266
179004;668778;256671
179005;566282;275675
179006;509200;283354
179007;533006;247953
179008;548159;273848
179009;570382;280819
179010;654665;248376
179011;402473;241675
179012;616849;316732
179013;577201;249145
179014;437890;340595
179015;496815;269055
179016;442926;243348
179017;476889;291760
179018;617476;288407
179019;673215;278360
179020;526156;315164
179021;416193;306853
179022;596864;323475
179023;509766;345378
179024;493839;276029
179025;499111;284218
179026;405512;276708
179027;413817;247391
179028;261264;300429
179029;261659;317148
179030;377969;236573
179031;296043;329386
179032;270214;242963
179033;346764;209173
179034;312863;297455
179035;320354;251016
179036;391031;299887
179037;243556;307484
179038;313213;267323
179039;270223;210043
179040;364376;322142
179041;388816;232430
179042;319614;273585
179043;349307;283601
179044;238313;239550
179045;320363;264229
179046;288321;311577
179047;354471;225656
179048;375279;268538
179049;317258;267696
179050;257246;256406
179051;271796;254660
179052;300377;313036
179053;379954;234427
179054;304818;294421
179055;303528;286327
179056;283688;288854
179057;381621;280537
179058;278292;280407
179059;329837;318452
179060;314547;257861
179061;329736;255819
179062;365356;311180
179063;320331;277508
179064;368906;288576
179065;334615;281884
179066;244994;249640
179067;311866;248288
179068;330517;292183
179069;330264;280038
179070;293374;303449
179071;302487;283417
179072;352888;319879
179073;331836;233491
179074;328966;275329
179075;264101;279462
179076;373408;249003
179077;332772;316321
179078;310929;283706
179079;330693;255749
179080;346167;298826
179081;289235;294360
179082;305543;253680
179083;342463;246674
179084;252832;309238
179085;250752;237280
179086;325424;287519
179087;321738;284677
179088;324340;327518
179089;368911;298058
179090;343288;299189
179091;278395;296826
179092;232201;336712
179093;344898;306616
179094;325649;288113
179095;298691;243699
179096;275226;312988
179097;265108;322692
179098;238985;293436
179099;236228;270447
179100;268942;283461
179101;298788;249103
179102;378491;301991
179103;286434;272187
179104;356019;268089
179105;269237;205804
179106;255484;306502
179107;392765;281960
179108;384698;313714
179109;310577;343387
179110;394109;309081
179111;366508;262806
179112;251286;305428
179113;353969;301541
179114;329816;302927
179115;340190;319600
179116;352924;321105
179117;352876;337854
179118;263918;235340
179119;319333;254913
179120;365243;265724
179121;377289;294120
179122;349059;314349
179123;255986;367608
179124;238101;230102
179125;315202;319463
179126;327930;250886
179127;351924;278969
179128;236814;288603
179129;387791;312669
179130;330256;299702
179131;338561;287563
179132;321340;253104
179133;229810;231302
179134;272352;299229
179135;328460;305022
179136;321570;268680
179137;321088;224316
179138;256162;333751
179139;302693;336455
179140;329207;283683
179141;286800;239622
179142;340009;298460
179143;281717;284550
179144;343438;254025
179145;372541;242741
179146;255846;242935
179147;379924;294218
179148;305042;285552
179149;353306;235306
179150;259320;276701
179151;303888;265355
179152;232268;313583
179153;282673;239951
179154;278481;244653
179155;307491;305933
179156;387239;289713
179157;367980;266841
179158;337704;256430
179159;258170;227065
179160;349725;317523
179161;263438;258428
179162;339897;241616
179163;272362;269038
179164;382266;309855
179165;259425;321816
179166;276977;319432
179167;371585;308200
179168;367927;277801
179169;304883;283271
179170;294514;233296
179171;316509;263831
179172;385123;273974
179173;262735;251277
179174;283714;316177
179175;239121;329427
179176;369730;303227
179177;273751;287683
179178;370902;253274
179179;381006;325982
179180;271916;290116
179181;383799;331472
179182;263219;318979
179183;251118;270642
179184;302630;292444
179185;335891;215085
179186;285585;304272
179187;251322;251033
179188;359658;271094
179189;253243;290949
179190;239218;283113
179191;341996;262553
179192;384156;322802
179193;329219;332015
179194;310918;289449
179195;378408;264265
179196;298373;276713
179197;282145;273958
179198;359082;240127
179199;257928;323579
179200;242142;331422
179201;376455;272587
179202;340181;286468
179203;239982;246038
179204;311616;253769
179205;363031;317689
179206;275700;278309
179207;393336;314830
179208;272231;321585
179209;280129;290285
179210;286241;269889
179211;353657;342824
179212;301891;246053
179213;382859;221370
179214;388921;266927
179215;282999;302404
179216;386957;259403
179217;259547;281444
179218;236897;279650
179219;282504;256285
179220;256016;243883
179221;311283;269303
179222;357430;250090
179223;335858;291421
179224;271329;244712
179225;338410;246340
179226;349430;204977
179227;283771;286197
179228;298288;250982
179229;311327;311370
179230;363112;216185
179231;262529;251666
179232;387484;292329
179233;243064;234632
179234;341171;271476
179235;377076;334475
179236;379527;257593
179237;328553;285439
179238;356218;324924
179239;305690;253898
179240;338650;232976
179241;295097;284235
179242;363485;295934
179243;243402;230265
179244;324430;299097
179245;369983;249895
179246;310051;245357
179247;333397;318032
179248;350900;270891
179249;282877;285032
179250;329627;241296
179251;254579;347390
179252;268788;302748
179253;246305;322231
179254;330942;355680
179255;328477;299410
179256;244332;300877
179257;285702;287386
179258;289798;238125
179259;279046;260964
179260;354777;274947
179261;260566;305228
179262;312221;310857
179263;352798;293270
179264;247185;234563
179265;361606;303077
179266;284190;251327
179267;269562;285371
179268;337798;282033
179269;383227;237766
179270;380678;249514
179271;326469;307690
179272;281580;263160
179273;320859;264136
179274;290392;310644
179275;387287;347854
179276;279305;320973
179277;322081;330477
179278;329072;230063
179279;257041;279163
179280;256091;267115
179281;329512;298204
179282;318668;269080
179283;307933;284069
179284;387985;257320
179285;270097;312418
179286;377329;226394
179287;329952;311672
179288;279189;250924
179289;257592;279024
179290;256487;298828
179291;348702;272276
179292;261583;272212
179293;286450;264214
179294;344901;298163
179295;233391;295424
179296;248925;244767
179297;385775;326688
179298;291570;289848
179299;282696;231256
179300;334668;254881
179301;244388;241271
179302;294130;249369
179303;314066;306962
179304;300224;282099
179305;306935;268683
179306;392290;271905
179307;311875;274770
179308;379571;256273
179309;379970;231244
179310;290147;261151
179311;267817;265710
179312;278107;271737
179313;316863;251786
179314;361388;306401
179315;328653;348722
179316;279816;301244
179317;332795;283833
179318;272093;284263
179319;373901;256893
179320;357571;334985
179321;357287;225020
179322;256800;256418
179323;236076;289205
179324;393690;247791
179325;335801;265468
179326;379259;331144
179327;362182;379416
179328;387899;295782
179329;361680;312022
179330;270348;302893
179331;249210;270332
179332;274515;321359
179333;267779;280125
179334;310001;295556
179335;293993;318916
179336;308706;243227
179337;391096;264589
179338;321161;281674
179339;256365;300846
179340;322059;289009
179341;347777;226417
179342;299345;313621
179343;239531;223757
179344;289464;253425
179345;305739;274823
179346;336286;319243
179347;291184;315296
179348;306385;307405
179349;243534;309488
179350;313168;253381
179351;310945;265807
179352;303975;381484
179353;364253;241331
179354;335829;295076
179355;273737;281027
179356;372786;256922
179357;308100;250770
179358;244739;268278
179359;336179;261925
179360;374644;263964
179361;296918;233552
179362;344122;264165
179363;323257;291827
179364;250132;294913
179365;239177;290018
179366;346564;300126
179367;282519;321335
179368;294117;254915
179369;243915;290955
179370;380852;290796
179371;247680;249934
179372;243679;318403
179373;359745;280401
179374;257984;282728
179375;270846;303067
179376;328105;257812
179377;380293;333583
179378;353911;303201
179379;306525;265473
179380;321460;315461
179381;287954;257224
179382;366367;262565
179383;375644;238413
179384;274393;308099
179385;292157;344726
179386;307903;297222
179387;290038;315291
179388;357085;249636
179389;331563;264278
179390;281199;254684
179391;356261;247604
179392;376257;253988
179393;331567;267679
179394;313553;280550
179395;306369;269608
179396;257564;317599
179397;369790;251070
179398;367215;314985
179399;325428;252916
179400;389631;277688
179401;267827;316886
179402;341495;297772
179403;261682;315612
179404;291678;308051
179405;295761;252072
179406;355247;227602
179407;291810;230206
179408;364246;272809
179409;306321;327911
179410;294030;240100
179411;262225;260832
179412;306742;282905
179413;280652;268566
179414;362243;269494
179415;298915;265064
179416;296167;276291
179417;383415;383291
179418;321042;283172
179419;363931;345773
179420;338392;320618
179421;376450;295170
179422;341916;231373
179423;339083;331430
179424;382186;275783
179425;381815;298504
179426;302766;310080
179427;303057;311803
179428;285782;238161
179429;388494;246239
179430;314555;229089
179431;330383;273329
179432;236495;224721
179433;312669;308126
179434;367105;310307
179435;354388;256630
179436;343967;276614
179437;353032;261899
179438;262391;304306
179439;290734;280817
179440;274943;327846
179441;298175;273085
179442;334183;325348
179443;265945;240070
179444;317328;289555
179445;358897;286174
179446;336133;258068
179447;240581;303497
179448;322983;314689
179449;289615;258098
179450;376154;249520
179451;573263;240956
179452;568477;321277
179453;566203;248472
179454;652233;274028
179455;694357;225580
179456;741663;378864
179457;789485;238092
179458;550779;295952
179459;711769;278392
179460;688509;309281
179461;720531;315274
179462;582939;289543
179463;527495;278515
179464;647651;285002
179465;669556;269396
179466;564659;234298
179467;734279;320691
179468;543991;295715
179469;787463;239723
179470;719934;229031
179471;565961;314102
179472;611741;271681
179473;506217;304775
179474;526793;244543
179475;763783;337540
179476;580824;205499
179477;519602;310162
179478;685406;255048
179479;706251;220602
179480;682556;258922
179481;703335;274708
179482;769977;243871
179483;517079;225592
179484;576839;276049
179485;482897;259107
179486;596000;304490
179487;572453;255825
179488;725957;306792
179489;713477;281478
179490;531932;298986
179491;603665;237723
179492;568873;293495
179493;582408;263846
179494;556921;297012
179495;815399;332004
179496;689639;256062
179497;662963;279888
179498;506903;276305
179499;580494;262480
179500;785125;234764
179501;488969;288580
179502;667937;226852
179503;722824;299074
179504;616651;223640
179505;636033;304106
179506;527459;263899
179507;536304;274473
179508;623937;218532
179509;760397;267331
179510;541645;312148
179511;553057;299254
179512;759020;304554
179513;754319;312049
179514;561038;331252
179515;614488;257741
179516;690293;284842
179517;643503;260312
179518;753602;317727
179519;492968;271417
179520;489666;323962
179521;660653;252193
179522;533927;274661
179523;594226;292717
179524;760944;298339
179525;779425;279257
179526;688104;264638
179527;555180;299795
179528;560891;282926
179529;703533;290660
179530;613928;301174
179531;573930;247539
179532;666210;277454
179533;699417;200828
179534;658029;309754
179535;615862;250939
179536;640724;229827
179537;495528;323768
179538;623478;268649
179539;650061;258930
179540;517483;253331
179541;610666;217433
179542;523254;296110
179543;600061;274147
179544;800675;286384
179545;654343;261704
179546;489199;275771
179547;801106;246371
179548;552565;297531
179549;811460;323908
179550;666178;288058
179551;760822;242549
179552;615580;308268
179553;569046;226147
179554;583054;311815
179555;509728;241824
179556;526971;252199
179557;876246;268081
179558;655060;298821
179559;677891;262364
179560;603584;302855
179561;775100;332474
179562;516207;265439
179563;506525;237467
179564;718594;261841
179565;722095;232606
179566;763783;264395
179567;557599;296877
179568;691853;328507
179569;590196;201201
179570;545681;265900
179571;727183;267879
179572;698400;339708
179573;598244;278779
179574;718512;274350
179575;792059;262420
179576;674604;306457
179577;734080;284823
179578;571121;317420
179579;498794;245824
179580;747341;227651
179581;517203;298018
179582;751260;244260
179583;717242;271023
179584;490439;292412
179585;505404;301663
179586;598163;251545
179587;522283;319190
179588;742966;356658
179589;604996;322007
179590;737072;248493
179591;665200;339831
179592;585099;263157
179593;792057;287080
179594;519799;325614
179595;491709;285089
179596;708427;292875
179597;524417;304459
179598;548016;301811
179599;769208;275621
179600;751945;224364
179601;675685;307712
179602;794832;284492
179603;670378;305550
179604;653450;311005
179605;604875;235896
179606;598658;275364
179607;781379;273876
179608;734885;262809
179609;617116;226023
179610;555166;235470
179611;535385;258386
179612;668077;328751
179613;630681;266335
179614;500021;299950
179615;732323;248014
179616;685938;301410
179617;585555;242325
179618;798977;318428
179619;655421;309236
179620;653828;234336
179621;668702;237726
179622;781887;292634
179623;732603;230590
179624;697719;275981
179625;489090;281872
179626;721329;322759
179627;775793;314108
179628;709533;331065
179629;528154;245588
179630;554289;276175
179631;666781;329316
179632;517385;241943
179633;759674;243440
179634;739941;298599
179635;595290;266357
179636;514182;257414
179637;547655;244499
179638;712647;254230
179639;591147;286879
179640;626740;240708
179641;533503;288995
179642;768104;241347
179643;681049;228237
179644;539449;220719
179645;707263;237887
179646;743218;227078
179647;609605;226838
179648;637893;315667
179649;692602;287137
179650;758209;306782
179651;680719;262883
179652;741764;248253
179653;680971;262815
179654;619411;249836
179655;575713;281273
179656;565686;310062
179657;509662;293768
179658;803433;309606
179659;779369;266616
179660;639185;239401
179661;742922;236920
179662;632496;247422
179663;488679;257540
179664;598153;213182
179665;677086;293241
179666;534718;270218
179667;806454;283278
179668;709826;254973
179669;702468;284919
179670;500265;261192
179671;621254;272573
179672;766417;271009
179673;795711;231248
179674;596784;240243
179675;671750;232752
179676;587032;245926
179677;510101;251220
179678;559749;276017
179679;526335;272947
179680;551701;330835
179681;649012;320575
179682;625449;343461
179683;500596;346184
179684;789980;260128
179685;758351;327909
179686;729140;306646
179687;589696;242780
179688;563319;320936
179689;746628;265838
179690;504743;238779
179691;723112;242862
179692;697982;274786
179693;553135;252976
179694;712250;270501
179695;685405;302215
179696;639385;312282
179697;630456;263922
179698;606641;251164
179699;565556;328083
179700;534029;250465
179701;792785;325676
179702;769555;265205
179703;749365;213774
179704;768866;223017
179705;643168;226216
179706;663410;296501
179707;646615;306708
179708;791945;306327
179709;525903;286690
179710;633365;302881
179711;585219;316093
179712;582761;326152
179713;645438;262949
179714;547641;276193
179715;705745;231038
179716;537091;320787
179717;783643;307539
179718;735776;324641
179719;755405;346849
179720;690243;252005
179721;660781;268722
179722;515128;301131
179723;795138;307472
179724;662363;281304
179725;635385;264003
179726;715302;331892
179727;507718;309571
179728;697632;292196
179729;665552;282882
179730;648802;234546
179731;766894;233240
179732;658303;254253
179733;600031;287944
179734;720695;248721
179735;704634;279406
179736;803952;326260
179737;616251;298379
179738;530649;255995
179739;715124;228412
179740;732037;252097
179741;769364;324710
179742;657269;304936
179743;570099;326705
179744;577523;339605
179745;774251;216808
179746;493606;336505
179747;794854;272373
179748;716021;304821
179749;745004;298452
179750;726102;260716
179751;551909;238160
179752;600664;337540
179753;603780;278596
179754;247365;288672
179755;208231;297651
179756;256996;273413
179757;314911;353615
179758;306587;340057
179759;249435;287216
179760;226876;290783
179761;238429;244160
179762;212336;269773
179763;285904;274390
179764;217094;302874
179765;320707;275374
179766;211655;260410
179767;272132;287380
179768;321116;269255
179769;237278;275210
179770;240647;253968
179771;333543;334052
179772;266413;289588
179773;304294;242493
179774;237401;277485
179775;315769;296934
179776;258540;257387
179777;315671;309541
179778;294794;284965
179779;223935;244576
179780;307895;247575
179781;226578;296418
179782;292224;287691
179783;215882;277942
179784;208053;260051
179785;332567;269128
179786;304979;267070
179787;210229;322930
179788;210329;227240
179789;238116;279432
179790;227095;291474
179791;262618;264712
179792;288759;270127
179793;309570;316363
179794;305040;309181
179795;261050;309587
179796;339257;351132
179797;325217;241201
179798;258168;238071
179799;220920;298346
179800;319376;277314
179801;309972;283852
179802;315527;342087
179803;211123;262416
179804;316416;250935
179805;241248;259654
179806;226817;262248
179807;309075;301328
179808;267469;298087
179809;287413;265987
179810;314853;270518
179811;268022;322486
179812;213077;312669
179813;335838;221860
179814;297756;209470
179815;223914;297195
179816;316476;269162
179817;289021;265325
179818;239962;300424
179819;300081;353371
179820;253405;314099
179821;221803;246654
179822;293767;230163
179823;267664;288716
179824;335922;241157
179825;252877;319803
179826;294932;236652
179827;210080;233703
179828;304016;276148
179829;255467;298919
179830;332175;326756
179831;260373;326514
179832;308586;294805
179833;317790;327160
179834;277241;324426
179835;235072;295444
179836;340602;291976
179837;257943;302948
179838;259617;317973
179839;340765;262406
179840;273258;296126
179841;296384;228459
179842;316144;316565
179843;260207;280507
179844;262086;314756
179845;262329;271910
179846;259982;251567
179847;247256;255300
179848;263268;289388
179849;208300;260470
179850;232019;271591
179851;283712;298442
179852;288827;326853
179853;245188;304092
179854;299052;268167
179855;284011;295862
179856;213992;283562
179857;268645;283835
179858;246999;281764
179859;319097;334715
179860;293239;228330
179861;345429;299840
179862;216067;274053
179863;243746;257365
179864;258985;254714
179865;248636;215824
179866;215284;315828
179867;265199;305679
179868;318261;284425
179869;220396;225887
179870;254895;231134
179871;306000;334759
179872;223672;311383
179873;282888;302556
179874;238097;335364
179875;316999;349323
179876;208653;229054
179877;230882;305872
179878;296525;289360
179879;332672;237113
179880;290610;291111
179881;263451;267909
179882;306992;271417
179883;207982;237782
179884;266228;273161
179885;238348;279517
179886;231295;279676
179887;318414;277980
179888;305182;320876
179889;271029;290730
179890;260933;313267
179891;272976;235356
179892;276060;295695
179893;261307;241130
179894;325943;326016
179895;265121;260565
179896;286826;295551
179897;251768;307267
179898;280609;278912
179899;287865;237309
179900;268193;222680
179901;276786;229155
179902;245587;313573
179903;286307;282758
179904;243414;280936
179905;267155;241058
179906;279844;336868
179907;328593;263865
179908;269846;263708
179909;329700;316939
179910;253430;279900
179911;258984;308916
179912;300139;226845
179913;210652;263750
179914;338188;270451
179915;326287;231082
179916;299040;259677
179917;270007;308495
179918;290513;274184
179919;285126;237082
179920;296870;329601
179921;237972;244695
179922;340498;322033
179923;342639;278715
179924;228050;224000
179925;331048;321494
179926;238694;269042
179927;273748;293878
179928;242626;226982
179929;257556;334198
179930;289664;245918
179931;280631;324367
179932;316061;262930
179933;274716;270838
179934;340888;250010
179935;309474;259580
179936;285611;223814
179937;226207;323335
179938;230322;284372
179939;338913;268305
179940;244601;339640
179941;308248;297271
179942;334000;264546
179943;248284;262874
179944;272854;299702
179945;252314;296978
179946;227838;221768
179947;285334;274593
179948;302268;280916
179949;263362;270230
179950;296321;335439
179951;339924;308159
179952;307755;259648
179953;314532;275871
179954;252598;323900
179955;245111;316796
179956;280077;263713
179957;256160;277000
179958;333018;274220
179959;220728;276072
179960;322850;309189
179961;223868;253094
179962;214534;284062
179963;324971;239663
179964;330355;295094
179965;288649;289796
179966;238893;254967
179967;332192;315487
179968;257999;315682
179969;206038;225175
179970;253834;308891
179971;246524;324306
179972;281916;280320
179973;227250;250769
179974;259025;271694
179975;262731;296724
179976;251000;218090
179977;245042;322209
179978;271277;297709
179979;276537;295582
179980;222299;242708
179981;215032;237307
179982;287850;325293
179983;294484;332135
179984;238848;302524
179985;289380;240223
179986;252509;268256
179987;284177;289499
179988;243890;250172
179989;217187;292932
179990;238510;307422
179991;323504;268730
179992;287720;282379
179993;289475;272086
179994;240089;234652
179995;244154;304252
179996;324967;256015
179997;223270;225908
179998;231171;283615
179999;276468;278451
180000;345180;242361
180001;301243;304537
180002;224992;312900
180003;340404;305314
180004;306388;269674
180005;207210;283661
180006;232867;248995
180007;256151;292809
180008;312539;289517
180009;274186;210463
180010;275903;266006
180011;242777;331083
180012;273842;290344
180013;339555;226411
180014;229812;243230
180015;223140;250010
180016;229558;258613
180017;293954;225339
180018;256847;305107
180019;259897;361502
180020;270292;287400
180021;257526;298390
180022;250275;348325
180023;340329;317734
180024;321641;322692
180025;264083;306783
180026;264706;250720
180027;272451;260992
180028;323968;239866
180029;298689;301533
180030;209480;277933
180031;227599;265639
180032;317694;325904
180033;318730;313940
180034;284587;289724
180035;285164;303719
180036;298260;248625
180037;309656;230679
180038;310024;285111
180039;253482;261964
180040;295354;267112
180041;296582;283201
180042;206559;276048
180043;284712;303608
180044;316636;291412
180045;262271;274395
180046;244966;288229
180047;235063;245129
180048;219897;329334
180049;212225;309037
180050;276860;254544
180051;296801;311348
180052;234477;300484
180053;231690;277141
180054;271262;290366
180055;291097;298818
180056;247506;254537
180057;318445;252767
180058;261056;294242
180059;226073;277557
180060;226893;257548
180061;225864;236518
180062;279341;290730
180063;260428;300344
180064;240956;287500
180065;254831;303363
180066;317316;308412
180067;231256;316196
180068;330085;340018
180069;344158;313525
180070;231875;326783
180071;227759;255865
180072;333731;298846
180073;272924;269201
180074;242358;294634
180075;241773;290438
180076;235087;338165
180077;308597;314661
180078;310603;325975
180079;224505;299919
180080;225306;252935
180081;479556;266727
180082;417395;328576
180083;522459;254557
180084;587299;289173
180085;558389;292608
180086;505414;288767
180087;475073;332371
180088;450251;342220
180089;374682;266062
180090;572370;229433
180091;468014;259039
180092;465398;327348
180093;490235;279719
180094;471532;226782
180095;364049;258104
180096;435914;306324
180097;497207;334877
180098;525407;285012
180099;467551;265752
180100;564492;281560
180101;525622;292856
180102;593734;260643
180103;393821;310334
180104;420125;278126
180105;384581;322100
180106;483045;293465
180107;465156;291302
180108;486525;274212
180109;448856;229511
180110;557978;261989
180111;518941;265302
180112;415040;229597
180113;366913;295666
180114;553958;214322
180115;463595;320640
180116;451865;274634
180117;594086;252220
180118;402643;323506
180119;585290;226412
180120;381672;205956
180121;395020;281366
180122;461323;259658
180123;568828;266199
180124;378618;298102
180125;593175;261939
180126;392786;230176
180127;421328;248847
180128;590452;243105
180129;551921;327901
180130;553242;251788
180131;594736;225141
180132;382319;283314
180133;510331;332935
180134;473816;345879
180135;502605;247076
180136;373763;237200
180137;369482;273874
180138;415065;262320
180139;368726;307162
180140;386928;296339
180141;527719;337027
180142;410598;306723
180143;369647;261169
180144;395248;250336
180145;450256;304783
180146;407684;304974
180147;586656;290591
180148;575098;298537
180149;404982;309586
180150;442306;332640
180151;585918;262433
180152;553604;296424
180153;511225;313978
180154;441682;329680
180155;363079;254294
180156;533337;310751
180157;576369;264981
180158;402683;317067
180159;423680;330974
180160;537497;291918
180161;403336;256417
180162;598449;252456
180163;447185;238715
180164;557299;297165
180165;540222;286778
180166;406867;247559
180167;527261;252655
180168;452515;244413
180169;368663;341681
180170;419684;312214
180171;456310;319899
180172;425772;295797
180173;542128;253269
180174;409410;299725
180175;368764;222532
180176;370913;233737
180177;365368;337029
180178;448875;274036
180179;539247;334507
180180;378397;227217
180181;491837;277954
180182;515127;304576
180183;358732;321578
180184;584918;284149
180185;542651;304385
180186;490849;261889
180187;600708;254916
180188;485941;267490
180189;547771;252847
180190;455227;306627
180191;503216;279191
180192;386620;268472
180193;390340;269361
180194;387026;319118
180195;404345;318084
180196;522510;282621
180197;600953;281713
180198;361259;298502
180199;398138;273287
180200;534947;280996
180201;492221;319852
180202;583168;258630
180203;593203;266431
180204;442753;296216
180205;446241;238548
180206;574831;288780
180207;556597;287478
180208;475306;298455
180209;388736;255157
180210;405775;260999
180211;533869;286345
180212;438902;238868
180213;459679;315475
180214;412045;285047
180215;585992;229105
180216;487970;251444
180217;485446;278285
180218;529906;306708
180219;545188;321717
180220;455396;250903
180221;399842;275159
180222;484328;306459
180223;593002;228969
180224;419483;338866
180225;573229;244371
180226;361787;267568
180227;398856;257024
180228;360005;233998
180229;440650;253585
180230;516232;235109
180231;381696;309805
180232;589450;302108
180233;412837;305270
180234;498567;296164
180235;557902;331479
180236;394153;236127
180237;379572;323503
180238;466186;258844
180239;495418;247216
180240;431487;333548
180241;560385;286452
180242;510493;278150
180243;573181;279834
180244;455464;292662
180245;441293;256046
180246;365558;297695
180247;396433;291968
180248;462838;228202
180249;465732;254663
180250;640880;288234
180251;458298;250175
180252;464422;336211
180253;390858;287803
180254;580434;236933
180255;549416;248866
180256;470741;329940
180257;521966;250899
180258;481311;255365
180259;408464;333264
180260;400699;256297
180261;451933;255335
180262;552913;262510
180263;380890;293029
180264;553334;271952
180265;395416;297588
180266;438861;268967
180267;482233;269646
180268;603818;267474
180269;542199;331835
180270;511587;257445
180271;571732;286466
180272;401395;279410
180273;395251;321773
180274;472340;255653
180275;372006;268186
180276;534345;284534
180277;514881;310348
180278;450049;270465
180279;465732;280312
180280;369351;271829
180281;596059;318155
180282;393655;286291
180283;419906;221928
180284;548284;247891
180285;382230;295222
180286;560092;258719
180287;591835;277229
180288;463188;269284
180289;501385;335402
180290;585297;281379
180291;404076;249172
180292;508886;256555
180293;534850;256064
180294;558068;306130
180295;365464;312527
180296;567992;298421
180297;452706;253311
180298;397237;280513
180299;516646;328524
180300;359444;257637
180301;519012;275793
180302;577099;277269
180303;421372;273756
180304;439376;273502
180305;514074;319871
180306;517387;342231
180307;553729;306002
180308;444897;302639
180309;406038;346794
180310;509211;247155
180311;523706;258784
180312;546471;254819
180313;483051;265419
180314;543739;292151
180315;370464;257299
180316;518846;326182
180317;564237;280122
180318;455634;216146
180319;590939;300113
180320;552317;292761
180321;409968;298798
180322;505657;353992
180323;556417;294939
180324;553962;284558
180325;442478;255174
180326;569498;304121
180327;600791;260063
180328;463221;314639
180329;428189;266296
180330;398065;275219
180331;564530;238363
180332;550693;260304
180333;484728;254600
180334;562947;302681
180335;382175;306963
180336;592039;310814
180337;407045;334959
180338;597694;312989
180339;599004;281085
180340;529336;327400
180341;464979;252278
180342;432345;277423
180343;453393;281116
180344;478598;317502
180345;365073;359883
180346;392444;267394
180347;479202;299485
180348;479598;322585
180349;510181;233913
180350;582660;289911
180351;548188;265160
180352;411834;339192
180353;460410;320866
180354;503748;278865
180355;551904;256584
180356;569330;246763
180357;436238;284273
180358;533382;316452
180359;445349;253366
180360;427634;274531
180361;418581;270981
180362;475103;305606
180363;461148;299572
180364;488032;262699
180365;480767;265230
180366;385045;239493
180367;605112;355796
180368;588317;251034
180369;392922;244395
180370;435760;257218
180371;405281;263883
180372;408894;269721
180373;565366;295876
180374;603240;269510
180375;587088;306479
180376;393273;262573
180377;510834;249322
180378;607382;279649
180379;471695;290969
180380;572949;280915
180381;529825;269884
180382;534887;329549
180383;500542;285409
180384;586780;293426
180385;549846;328642
180386;442975;303055
180387;625412;223540
180388;406479;320573
180389;531382;297328
180390;421476;255394
180391;379028;289924
180392;573776;326856
180393;454646;292408
180394;587293;328304
180395;370724;275381
180396;462548;225230
180397;393064;241927
180398;433117;263569
180399;357067;331879
180400;425981;225186
180401;562886;287003
180402;436258;331694
180403;440619;307272
180404;483510;284254
180405;461685;343396
180406;573323;283007
180407;463975;305966
180408;534119;222383
180409;513171;262565
180410;602634;305928
180411;424930;326417
180412;396030;284270
180413;471568;245284
180414;428348;246805
180415;548604;261915
180416;557487;260030
180417;563048;308531
180418;375001;276885
180419;586056;262387
180420;554713;272068
180421;375676;239927
180422;392158;274666
180423;589777;298515
180424;508000;321390
180425;551352;231522
180426;567645;279795
180427;532141;253933
180428;414655;325696
180429;396813;228736
180430;535078;253914
180431;401643;270973
180432;572209;313717
180433;563240;351136
180434;389879;265096
180435;491910;269344
180436;604484;277887
180437;441472;328748
180438;616436;273674
180439;506295;238578
180440;520014;314310
180441;396640;296363
180442;397552;243564
180443;503400;235338
180444;609120;239854
180445;386036;275457
180446;549136;288567
180447;485490;227621
180448;416740;268561
180449;418084;315724
180450;603886;301128
180451;556834;225643
180452;469739;317399
180453;564032;246293
180454;527390;325865
180455;539815;243170
180456;530245;301698
180457;516850;309954
180458;534835;320621
180459;436145;232244
180460;480339;284940
180461;556073;213176
180462;483305;352442
180463;431965;264757
180464;545383;294456
180465;436302;289119
180466;459469;292830
180467;471061;281164
180468;398194;303950
180469;582960;333347
180470;531859;263320
180471;505675;264390
180472;436244;333486
180473;611436;230149
180474;531169;257590
180475;593119;310698
180476;408929;211737
180477;502150;336559
180478;522950;256275
180479;558769;251095
180480;538878;244457
180481;611111;336595
180482;534154;315224
180483;608416;315490
180484;394055;261943
180485;493259;244691
180486;549222;308442
180487;518316;279795
180488;442895;259636
180489;534646;330660
180490;370532;270011
180491;610294;270866
180492;394410;255404
180493;429551;294820
180494;608604;267540
180495;454565;234456
180496;474479;249582
180497;420707;331535
180498;606973;323984
180499;417238;281736
180500;471894;272166
180501;566869;246957
180502;405678;339348
180503;526601;278052
180504;438669;322529
180505;402280;285028
180506;550727;241152
180507;411454;264861
180508;554626;243374
180509;613202;268755
180510;498573;250443
180511;537438;326930
180512;440474;312363
180513;407742;317889
180514;433376;229586
180515;499847;284503
180516;521101;313638
180517;598438;251401
180518;612106;224974
180519;530948;263405
180520;388588;328973
180521;475588;274414
180522;568252;292773
180523;463161;268565
180524;439178;306777
180525;385865;285725
180526;396988;238708
180527;532766;299791
180528;501284;271015
180529;469168;305238
180530;538557;252157
180531;449782;287959
180532;553474;296621
180533;620713;283801
180534;453182;254367
180535;606029;292445
180536;393336;239536
180537;389195;237917
180538;451808;300473
180539;427746;298129
180540;603609;313851
180541;417685;328709
180542;392137;250465
180543;560741;346325
180544;619950;255654
180545;559462;256093
180546;639297;279830
180547;377079;313993
180548;407543;302219
180549;558043;290517
180550;458810;324218
180551;585110;274274
180552;425737;328337
180553;591238;335748
180554;380336;223682
180555;608831;353853
180556;584410;269618
180557;379221;303076
180558;595240;267368
180559;586744;310744
180560;385065;309549
180561;443446;257094
180562;551564;209809
180563;468189;287745
180564;435486;272569
180565;486787;247785
180566;441501;345914
180567;569392;253099
180568;434155;304774
180569;619877;261083
180570;575865;257621
180571;500511;292561
180572;374656;335942
180573;587454;246960
180574;393499;309076
180575;607520;308635
180576;524349;337491
180577;389458;319436
180578;433610;287468
180579;610210;250502
180580;502072;253742
180581;395655;292505
180582;490747;238477
180583;391066;296970
180584;489272;271181
180585;446692;251897
180586;417158;216436
180587;548339;313947
180588;552231;282915
180589;402958;321351
180590;409225;232074
180591;451324;269153
180592;451243;226998
180593;384597;279946
180594;611376;285886
180595;543113;270823
180596;560157;295094
180597;583030;304741
180598;495800;352169
180599;517044;323067
180600;483837;233351
180601;403615;325431
180602;423754;263612
180603;593388;280442
180604;584940;300528
180605;527325;243885
180606;379935;333424
180607;582181;278580
180608;432405;293266
180609;388331;271348
180610;558601;238513
180611;512821;253957
180612;523655;269161
180613;446723;265650
180614;544403;260310
180615;383202;270882
180616;603921;313051
180617;472720;252353
180618;488076;296627
180619;448207;314283
180620;484881;316408
180621;577370;272998
180622;472733;302734
180623;474952;239840
180624;372914;247796
180625;537095;213738
180626;418495;333927
180627;393938;320903
180628;475325;288185
180629;410362;263550
180630;463850;270472
180631;424749;321524
180632;411589;279389
180633;592013;267356
180634;513180;306626
180635;490226;288548
180636;619314;246962
180637;428617;310809
180638;583566;266856
180639;535037;284051
180640;577457;223595
180641;434490;281208
180642;493071;214946
180643;590552;285779
180644;568304;254296
180645;397970;230472
180646;432450;329796
180647;559748;298261
180648;442882;292495
180649;450436;265258
180650;397167;267521
180651;493234;328397
180652;522304;233952
180653;483527;238233
180654;470828;274200
180655;415787;310087
180656;653122;267586
180657;540707;309246
180658;396177;284525
180659;448275;316075
180660;380504;244739
180661;585856;265070
180662;487427;249342
180663;598794;280528
180664;441597;305254
180665;610404;242048
180666;561628;244760
180667;542927;224874
180668;425136;314702
180669;617034;318024
180670;448070;344804
180671;277029;248438
180672;392893;291264
180673;353803;304710
180674;371456;331460
180675;344964;295990
180676;250088;248023
180677;324719;263903
180678;340797;282399
180679;323989;236544
180680;358508;269590
180681;350955;274069
180682;329544;323820
180683;361983;313610
180684;312519;237852
180685;279706;270034
180686;256890;244917
180687;368345;304485
180688;286907;293716
180689;289097;277661
180690;371005;285912
180691;269380;293585
180692;356649;291950
180693;326874;338092
180694;312319;332945
180695;363682;268619
180696;304596;291757
180697;386778;263779
180698;305888;211445
180699;264516;271903
180700;266248;245347
180701;226362;256653
180702;369259;278346
180703;346410;279555
180704;249587;242164
180705;278840;251600
180706;411049;299348
180707;276420;243498
180708;246819;288859
180709;400384;238083
180710;406821;298707
180711;278838;283009
180712;310682;270047
180713;391351;297254
180714;290600;290547
180715;404091;329315
180716;325261;247262
180717;359356;319727
180718;323370;338514
180719;330651;244538
180720;336870;271143
180721;360055;265362
180722;338055;288721
180723;270258;242551
180724;309927;236204
180725;330733;316865
180726;280468;301529
180727;327324;332558
180728;264746;290608
180729;324262;271575
180730;258177;324706
180731;255866;280832
180732;269746;363184
180733;359273;233297
180734;302353;244462
180735;310582;223325
180736;286857;318886
180737;352744;272769
180738;306303;325286
180739;398596;317253
180740;303413;336842
180741;341681;313028
180742;253741;262895
180743;288600;274727
180744;402978;265105
180745;394088;292792
180746;297638;250792
180747;282850;223132
180748;297047;280417
180749;350501;275656
180750;359823;292014
180751;338494;261945
180752;287718;237150
180753;331516;258795
180754;380210;305986
180755;293001;288918
180756;392801;269794
180757;360039;247085
180758;333935;344179
180759;347662;298234
180760;262264;276146
180761;363086;295977
180762;357256;283975
180763;363120;268787
180764;280363;221404
180765;398064;246164
180766;294444;273211
180767;247029;303026
180768;322708;332144
180769;296308;305051
180770;248439;293349
180771;406838;209163
180772;316855;309926
180773;363285;265695
180774;337915;290432
180775;343988;256571
180776;336097;271829
180777;278951;311125
180778;334049;339839
180779;295811;293659
180780;268427;291245
180781;326526;301079
180782;326835;307205
180783;395211;326654
180784;286254;286429
180785;401879;273724
180786;298842;284467
180787;282133;322269
180788;256512;237930
180789;393370;264150
180790;311350;254184
180791;293265;265981
180792;336068;303494
180793;397789;318199
180794;349037;287165
180795;386698;344330
180796;277257;293566
180797;277249;303823
180798;291465;236487
180799;324453;251185
180800;326557;236017
180801;384020;327607
180802;257208;308337
180803;291214;228283
180804;271822;290675
180805;360689;291833
180806;353595;294422
180807;247206;260526
180808;387547;242186
180809;406145;269923
180810;372901;252450
180811;399245;279639
180812;348227;261923
180813;270519;241381
180814;338877;292488
180815;384664;311542
180816;318798;280164
180817;244385;282683
180818;394319;230468
180819;272799;300444
180820;383816;310261
180821;291511;226734
180822;385607;260891
180823;311508;236765
180824;317241;226296
180825;279904;327662
180826;334387;321281
180827;257536;246072
180828;338432;268085
180829;321169;293101
180830;362869;321067
180831;294032;246851
180832;345790;249876
180833;360372;275374
180834;274883;314528
180835;351696;270036
180836;297745;302878
180837;371114;311522
180838;318684;263293
180839;327819;318469
180840;337170;316398
180841;334851;338917
180842;310859;278547
180843;326706;297223
180844;261823;285665
180845;273605;258273
180846;356721;292088
180847;263807;286082
180848;403471;256013
180849;275718;286679
180850;403854;243057
180851;299597;284233
180852;352084;310293
180853;248568;299603
180854;257569;253641
180855;378633;227775
180856;356516;311874
180857;301921;313194
180858;269485;313194
180859;383971;291176
180860;362352;273422
180861;331812;276396
180862;392811;251362
180863;268313;265756
180864;305128;289143
180865;328225;334307
180866;351472;215295
180867;274520;297701
180868;299073;243239
180869;400139;227120
180870;345834;236209
180871;256994;255927
180872;378911;266909
180873;289645;298040
180874;326493;266424
180875;282440;301859
180876;274911;310398
180877;284512;225803
180878;274550;300101
180879;304233;251605
180880;339044;307608
180881;249255;255803
180882;284763;242629
180883;380298;204897
180884;246766;240398
180885;384935;304316
180886;265401;240232
180887;352240;295855
180888;339442;278802
180889;343721;300236
180890;406869;323677
180891;339522;307442
180892;371567;336088
180893;362295;242168
180894;359388;280581
180895;257604;281067
180896;263862;236700
180897;368573;338536
180898;300436;255163
180899;354383;233320
180900;239527;286119
180901;398399;299881
180902;332747;255236
180903;334114;253286
180904;270970;337058
180905;377869;330378
180906;376251;270630
180907;276920;281095
180908;351036;284995
180909;294669;288168
180910;399325;308906
180911;279888;294076
180912;353465;290857
180913;401047;260029
180914;299414;251483
180915;305188;277330
180916;329578;284798
180917;361827;329344
180918;252271;290265
180919;362851;298209
180920;391706;231972
180921;353879;327515
180922;324538;330577
180923;249169;335446
180924;367699;258742
180925;259878;290262
180926;369744;241668
180927;272899;294580
180928;268221;259031
180929;279581;286604
180930;389705;274156
180931;328993;239760
180932;360279;238723
180933;348553;272701
180934;330453;314401
180935;319982;290714
180936;355965;339238
180937;350896;340629
180938;349678;262689
180939;317425;346896
180940;348188;243432
180941;277283;256997
180942;258551;270915
180943;405508;277464
180944;388546;226622
180945;289347;326911
180946;358311;277198
180947;400001;292598
180948;264670;286443
180949;288032;327053
180950;362899;266352
180951;352853;311953
180952;265270;271624
180953;399606;291084
180954;314540;257875
180955;309431;295433
180956;277503;299405
180957;332105;352611
180958;340307;282407
180959;313843;300383
180960;362757;220886
180961;348765;265860
180962;351145;328705
180963;365386;273814
180964;336172;258220
180965;388852;302774
180966;284376;304515
180967;280132;281789
180968;321782;313046
180969;291994;271311
180970;290247;301100
180971;394283;236887
180972;367367;291834
180973;298563;250815
180974;346894;257317
180975;336838;276985
180976;301921;332913
180977;257159;321640
180978;352350;320673
180979;313886;300760
180980;274151;305159
180981;295551;290352
180982;402661;246334
180983;276714;290372
180984;273250;230678
180985;380915;290259
180986;358938;343481
180987;298596;246274
180988;390040;276308
180989;411289;257023
180990;347523;266203
180991;374995;283309
180992;406986;294878
180993;365518;256203
180994;374107;304939
180995;258387;251503
180996;366097;331348
180997;336543;301257
180998;349373;328239
180999;384538;246503
181000;411898;322170
181001;251587;289170
181002;284050;283990
181003;378906;298403
181004;313054;284590
181005;369823;284281
181006;405069;331303
181007;296925;314350
181008;325175;304037
181009;337277;293575
181010;293495;298976
181011;301217;326013
181012;355445;273844
181013;290315;266503
181014;248913;306407
181015;282544;331706
181016;374815;293884
181017;302017;257648
181018;324500;318067
181019;310852;288123
181020;309187;318223
181021;402851;254346
181022;363794;308771
181023;383832;268590
181024;320135;276990
181025;317400;382963
181026;354111;307917
181027;250723;322375
181028;346313;298656
181029;259096;289096
181030;374952;310704
181031;394810;257304
181032;385334;279814
181033;265343;293939
181034;397836;310973
181035;284214;238258
181036;280624;234925
181037;237552;271862
181038;326837;326815
181039;309546;270713
181040;259463;300991
181041;343240;285822
181042;264603;298816
181043;272863;215697
181044;332621;252820
181045;298538;250047
181046;309442;256525
181047;209460;300158
181048;349918;289823
181049;312229;262653
181050;243912;302208
181051;248083;312778
181052;262036;240532
181053;248957;329686
181054;220409;311386
181055;342675;277657
181056;247558;284533
181057;218525;255495
181058;244244;268304
181059;323989;263605
181060;332996;235776
181061;309645;251938
181062;271400;257885
181063;281678;208105
181064;234740;295664
181065;294745;292434
181066;264593;230136
181067;253659;239415
181068;247370;321063
181069;322151;284396
181070;224843;227777
181071;249163;236278
181072;273419;298877
181073;277068;304848
181074;233448;265823
181075;264335;226871
181076;224077;270080
181077;308177;305240
181078;301716;324315
181079;316451;276464
181080;218780;248937
181081;337137;345827
181082;308809;307497
181083;286416;236409
181084;280399;282048
181085;318334;316662
181086;240212;259956
181087;266830;320364
181088;315429;221823
181089;281021;299594
181090;240349;307287
181091;312990;302464
181092;296657;300381
181093;329675;227089
181094;299129;251779
181095;337305;346208
181096;346812;270794
181097;353477;257462
181098;231940;258241
181099;224669;262272
181100;257339;222032
181101;351093;247771
181102;268406;236086
181103;330698;301767
181104;353104;303542
181105;247813;344957
181106;269726;282342
181107;247004;276650
181108;248747;253652
181109;275422;300486
181110;330245;264888
181111;293859;268448
181112;271843;284996
181113;320265;271687
181114;270022;255682
181115;281776;315598
181116;343666;242987
181117;291330;296620
181118;216615;313901
181119;351088;292073
181120;336073;328175
181121;306142;273531
181122;258505;264703
181123;255666;212973
181124;330016;295613
181125;302343;243014
181126;251853;315222
181127;335344;268717
181128;286852;234080
181129;333733;280724
181130;287798;289948
181131;313628;270952
181132;338433;322935
181133;323830;253880
181134;249579;292161
181135;284564;240973
181136;333206;325305
181137;266080;260177
181138;243174;260286
181139;269989;282091
181140;310963;317321
181141;263436;284804
181142;262790;228832
181143;268901;282220
181144;221970;295790
181145;363626;293680
181146;247672;324866
181147;281233;303359
181148;237680;240224
181149;256558;230859
181150;327159;281416
181151;337147;316177
181152;234490;323754
181153;230138;297751
181154;303383;263728
181155;259652;281540
181156;352275;324139
181157;245673;258613
181158;266664;324912
181159;289106;250176
181160;295619;277008
181161;294499;311973
181162;213012;324438
181163;222289;252554
181164;219435;299822
181165;238152;253906
181166;264620;238576
181167;288246;319823
181168;327309;240830
181169;310652;201879
181170;324246;299514
181171;349871;296693
181172;316421;324899
181173;254816;251193
181174;231903;311304
181175;255137;269399
181176;271047;292892
181177;237135;324959
181178;340451;346093
181179;232368;272887
181180;242977;243867
181181;317711;311188
181182;346834;252350
181183;240647;255879
181184;229257;279232
181185;300757;304630
181186;328678;309076
181187;339597;222068
181188;283099;235483
181189;217703;307391
181190;291020;306301
181191;248715;230764
181192;263953;337956
181193;241865;294422
181194;226533;266017
181195;258196;284154
181196;298586;254771
181197;320945;261180
181198;352215;338821
181199;346860;270475
181200;330838;277107
181201;242403;333042
181202;227171;307509
181203;358068;306624
181204;326696;315205
181205;225015;284010
181206;269609;303534
181207;348393;309934
181208;223277;302702
181209;336293;304742
181210;318002;310709
181211;319135;254125
181212;292254;223207
181213;353750;291689
181214;309752;245953
181215;258156;267462
181216;265712;209085
181217;240854;278439
181218;233938;298684
181219;222330;271496
181220;278393;276260
181221;299616;249727
181222;264231;261420
181223;257280;278055
181224;233046;215464
181225;233928;291357
181226;299061;264053
181227;245809;248289
181228;227481;308480
181229;296272;269768
181230;323617;289330
181231;353182;244650
181232;344241;301006
181233;220298;319029
181234;287498;300474
181235;279682;315803
181236;259424;275873
181237;238916;225067
181238;355496;288837
181239;348119;277588
181240;318493;272310
181241;262062;325415
181242;254050;237966
181243;219399;284733
181244;326210;350825
181245;228149;303427
181246;231479;252979
181247;312912;279597
181248;279958;285443
181249;244432;307553
181250;276013;271924
181251;349291;274627
181252;284662;297069
181253;276962;290457
181254;261281;283665
181255;272062;236187
181256;315984;286616
181257;265139;295970
181258;353598;297224
181259;347067;279360
181260;236740;289185
181261;276872;223221
181262;288662;298914
181263;232594;298356
181264;347635;267532
181265;279988;337035
181266;314978;289564
181267;217676;301082
181268;305573;331367
181269;307442;228153
181270;316013;302135
181271;318089;307290
181272;298713;259399
181273;292137;234368
181274;328365;275440
181275;260552;340841
181276;282269;282639
181277;251907;263952
181278;298761;291024
181279;331857;270786
181280;286343;273925
181281;356876;270913
181282;243593;311259
181283;237108;296637
181284;265757;257801
181285;247198;267265
181286;244224;273588
181287;310866;261877
181288;310666;295779
181289;283057;240860
181290;264244;306034
181291;244085;278017
181292;214229;251296
181293;284124;295195
181294;315974;339391
181295;228360;266083
181296;298318;344777
181297;269415;246450
181298;238299;304868
181299;306712;312143
181300;255443;275895
181301;289921;288586
181302;330432;283926
181303;317989;308851
181304;317975;324267
181305;297306;288364
181306;266225;226530
181307;224379;262501
181308;329715;283215
181309;303129;258989
181310;263920;257266
181311;262249;268710
181312;215968;255747
181313;296389;222219
181314;227911;297681
181315;312099;229728
181316;238738;284680
181317;231247;311146
181318;319265;264053
181319;214751;325992
181320;254985;307816
181321;286085;238729
181322;267753;302974
181323;243039;302652
181324;252040;274526
181325;267034;276856
181326;302072;276473
181327;218547;310083
181328;304137;307335
181329;271309;276959
181330;321265;259903
181331;316462;255966
181332;251137;271345
181333;305637;285796
181334;238986;317577
181335;227509;284906
181336;258521;257582
181337;236127;234629
181338;231473;332894
181339;230620;314327
181340;226162;286584
181341;258768;318892
181342;308676;253623
181343;301411;340958
181344;247104;246238
181345;325498;321298
181346;323740;266665
181347;215160;296631
181348;330364;313999
181349;267434;276241
181350;213183;221490
181351;270922;269566
181352;331153;248922
181353;259073;319530
181354;280392;277298
181355;338976;283614
181356;362080;249200
181357;284867;269048
181358;280299;278918
181359;248260;277678
181360;273007;296831
181361;330220;267876
181362;227651;223314
181363;283862;306308
181364;349008;265471
181365;332562;273284
181366;305410;245907
181367;303979;278012
181368;301221;261260
181369;273348;324331
181370;353064;301832
181371;300412;245510
181372;253336;252577
181373;327521;241773
181374;310755;217310
181375;246170;264409
181376;288939;233843
181377;228849;232286
181378;344382;308707
181379;248245;309334
181380;292734;224527
181381;321147;309738
181382;221984;257458
181383;222610;290859
181384;316719;267687
181385;213523;287159
181386;259872;250224
181387;250754;273975
181388;315926;268534
181389;287292;289455
181390;287840;243063
181391;261433;285083
181392;219069;235740
181393;213288;304371
181394;350759;274463
181395;319408;263681
181396;284324;255496
181397;288822;291726
181398;291261;267607
181399;281893;259818
181400;221493;248261
181401;197515;283635
181402;205165;236400
181403;297354;344906
181404;201343;259392
181405;218230;291015
181406;232643;268371
181407;307202;329855
181408;232348;266071
181409;311185;302936
181410;308199;234886
181411;235710;257616
181412;269968;302086
181413;199605;256993
181414;269867;252697
181415;196653;287077
181416;270788;228713
181417;236045;273058
181418;240361;277355
181419;207356;221888
181420;229417;246660
181421;312048;279256
181422;282722;290701
181423;304360;325226
181424;222908;333375
181425;202808;253285
181426;261340;266650
181427;224944;296974
181428;295725;278440
181429;219161;250582
181430;311571;297335
181431;252252;245349
181432;237926;276886
181433;213659;252740
181434;256820;277779
181435;204260;244895
181436;285320;234068
181437;255778;297901
181438;237919;287380
181439;226221;292951
181440;229886;252885
181441;250890;239778
181442;296100;249384
181443;279015;313527
181444;261496;272261
181445;247510;203969
181446;285160;322615
181447;244501;336964
181448;222262;279684
181449;283508;333097
181450;201840;273950
181451;272906;295728
181452;235828;311018
181453;297231;256437
181454;282930;292950
181455;302892;242167
181456;223420;250026
181457;307632;291005
181458;233854;264859
181459;264855;299128
181460;214766;259399
181461;272751;308328
181462;200946;300154
181463;224451;301854
181464;209397;326540
181465;292060;310458
181466;192392;352627
181467;224895;291002
181468;199239;293623
181469;307767;316545
181470;251388;320292
181471;239804;273269
181472;290308;261935
181473;219840;315330
181474;225460;288221
181475;292860;296670
181476;214582;308900
181477;277106;270365
181478;292095;280311
181479;208048;322811
181480;201896;233360
181481;254103;293384
181482;214808;328905
181483;211585;316903
181484;253441;286091
181485;250692;252287
181486;228394;263291
181487;228808;280914
181488;256357;313360
181489;271491;336132
181490;282389;253695
181491;214937;250436
181492;217038;256332
181493;205790;296762
181494;264021;270153
181495;219163;336310
181496;302285;310977
181497;271786;238846
181498;240203;249114
181499;241975;290682
181500;281164;316151
181501;299282;296636
181502;240320;266912
181503;219558;243895
181504;274377;240905
181505;287176;292377
181506;307993;316032
181507;251444;315163
181508;193366;283612
181509;308714;262788
181510;223174;226408
181511;259741;298322
181512;199282;259147
181513;213107;265817
181514;209148;263032
181515;256567;255560
181516;206371;257556
181517;256950;290573
181518;272216;255752
181519;195940;240992
181520;214604;266485
181521;290514;338514
181522;264419;297379
181523;263465;266185
181524;268105;230105
181525;210713;333975
181526;310216;259908
181527;299215;288516
181528;290467;281187
181529;248141;286663
181530;204372;242291
181531;261930;269047
181532;296668;313675
181533;247254;266430
181534;271786;255794
181535;214909;276544
181536;226561;332392
181537;284382;292571
181538;247100;265186
181539;312055;242895
181540;214108;260996
181541;264666;244982
181542;199098;237417
181543;279604;296810
181544;315740;340883
181545;201127;298564
181546;187853;257299
181547;214474;255084
181548;302591;273864
181549;281446;248566
181550;203181;276092
181551;299742;257832
181552;200988;254900
181553;220300;244518
181554;245576;321135
181555;297310;238474
181556;249535;269323
181557;301637;239760
181558;196026;218118
181559;243097;293400
181560;255205;285916
181561;286774;329468
181562;257961;309012
181563;293924;238372
181564;214869;312619
181565;235313;270596
181566;191470;231283
181567;221641;297341
181568;237912;296027
181569;310297;244296
181570;315013;274728
181571;271681;258360
181572;223943;240165
181573;244726;232778
181574;267002;289144
181575;241931;266550
181576;211477;320668
181577;212947;329571
181578;285587;291824
181579;197741;259438
181580;248432;264115
181581;311771;303030
181582;253942;292875
181583;193863;276938
181584;211449;269755
181585;232459;326395
181586;262886;219263
181587;264069;251117
181588;223262;316226
181589;189206;271005
181590;309265;266179
181591;207362;286653
181592;320567;218449
181593;298732;214444
181594;207614;233626
181595;304478;265939
181596;297054;325843
181597;270679;265770
181598;298375;283518
181599;230556;215114
181600;323007;301996
181601;251201;250652
181602;261930;257928
181603;231647;288161
181604;294952;264751
181605;223876;291111
181606;201472;373504
181607;224095;272981
181608;280820;244567
181609;297898;356626
181610;191099;244529
181611;310864;233765
181612;242075;290450
181613;272698;308041
181614;203692;295477
181615;244087;282156
181616;258615;267861
181617;193230;330642
181618;314005;313222
181619;227147;342817
181620;223707;329077
181621;254073;361995
181622;206898;250662
181623;191596;229739
181624;248310;297672
181625;272383;247113
181626;213530;262661
181627;282379;210558
181628;203927;235218
181629;252902;288758
181630;276231;248763
181631;239122;294739
181632;238846;271208
181633;258713;305897
181634;219575;319958
181635;244741;273499
181636;288234;212833
181637;281878;311469
181638;266410;338932
181639;219565;342217
181640;293763;307711
181641;292868;297778
181642;215282;249316
181643;215157;301545
181644;228618;262015
181645;299473;258828
181646;221565;240147
181647;226041;312233
181648;228699;280814
181649;214299;331217
181650;233453;279444
181651;270987;292113
181652;294257;288191
181653;257325;335156
181654;282072;241914
181655;301713;318936
181656;299124;258831
181657;214880;274552
181658;209519;255150
181659;280518;299817
181660;236898;279341
181661;244594;249281
181662;272255;314045
181663;290656;335157
181664;309856;296316
181665;302608;213563
181666;232703;348147
181667;267448;226066
181668;204164;240538
181669;209230;315951
181670;304204;261508
181671;276466;276538
181672;283211;303218
181673;266973;252965
181674;221593;305835
181675;211143;258650
181676;268887;293581
181677;267448;322737
181678;198539;248347
181679;205036;306284
181680;238777;256454
181681;200607;283339
181682;263941;319778
181683;193384;209704
181684;280616;324536
181685;297641;304396
181686;218960;342439
181687;226402;250384
181688;195227;316947
181689;213023;277652
181690;278951;243319
181691;249387;308879
181692;285469;321950
181693;293845;259879
181694;290748;311332
181695;242403;306578
181696;246397;247759
181697;297843;299110
181698;291450;275256
181699;311105;299429
181700;302874;341744
181701;229479;230870
181702;204574;266325
181703;193336;214187
181704;259380;281522
181705;212650;261999
181706;276761;222672
181707;199352;290479
181708;305797;253075
181709;201787;267989
181710;193345;274999
181711;195242;339222
181712;287561;292189
181713;315209;296634
181714;193045;271099
181715;252896;273808
181716;256587;274102
181717;207909;303163
181718;220061;256953
181719;254688;266600
181720;210450;262785
181721;314053;290058
181722;254884;250360
181723;298686;304737
181724;217448;290459
181725;198648;267310
181726;306360;306693
181727;227813;301770
181728;209262;224469
181729;268744;319893
181730;195909;322344
181731;255333;342606
181732;307906;304311
181733;267775;303108
181734;260904;292814
181735;288644;278050
181736;251165;309222
181737;281971;309712
181738;251804;282534
181739;200362;282638
181740;262805;319080
181741;273024;313565
181742;213882;260711
181743;197166;234179
181744;316731;276610
181745;207124;312019
181746;268767;329293
181747;278357;255633
181748;304838;309334
181749;230535;280885
181750;297290;232930
181751;205519;317801
181752;194153;276047
181753;291020;298659
181754;290073;270515
181755;264163;317127
181756;188413;363622
181757;297527;260472
181758;257168;268926
181759;216286;276252
181760;231378;310761
181761;258350;286643
181762;279683;304707
181763;257885;291911
181764;278716;293071
181765;304629;295332
181766;257019;271255
181767;204251;319730
181768;212438;320551
181769;216977;212479
181770;290398;264234
181771;227260;309441
181772;232081;257067
181773;261005;292460
181774;259507;269635
181775;200406;278284
181776;264045;262595
181777;268226;317116
181778;317676;338148
181779;278369;283869
181780;197866;258191
181781;287041;257604
181782;205782;302632
181783;273543;291390
181784;288250;340068
181785;263278;271796
181786;260331;304295
181787;252142;290847
181788;212389;233324
181789;206439;283489
181790;203582;239948
181791;225951;265401
181792;278668;282282
181793;444267;253949
181794;305452;330572
181795;321038;262644
181796;362239;293824
181797;317821;342829
181798;462589;260648
181799;336036;307237
181800;379376;234885
181801;393691;310278
181802;357739;272728
181803;472917;216581
181804;481843;255999
181805;331508;338468
181806;378357;315224
181807;326450;357766
181808;440620;320372
181809;411362;254836
181810;430752;307164
181811;468010;306945
181812;364616;309184
181813;353198;274095
181814;405408;229225
181815;341320;291842
181816;431537;289697
181817;302890;302898
181818;413765;292743
181819;441018;317585
181820;381640;321101
181821;490782;293535
181822;346998;299027
181823;411176;293725
181824;336641;285420
181825;485898;239276
181826;486184;250490
181827;417259;274031
181828;478963;241412
181829;396430;242630
181830;371268;290214
181831;315188;256792
181832;403957;243927
181833;477151;287671
181834;474937;267741
181835;331240;283956
181836;453935;259000
181837;327956;288210
181838;437735;247087
181839;400916;341559
181840;387069;299108
181841;470842;264286
181842;341766;260798
181843;492811;283137
181844;360137;314826
181845;300068;304290
181846;329191;307903
181847;419413;305818
181848;314089;323669
181849;402284;273919
181850;382732;264475
181851;349886;335285
181852;397662;291262
181853;337493;306987
181854;364754;249724
181855;395812;227531
181856;481128;265565
181857;386392;308789
181858;397908;284068
181859;333081;246895
181860;485125;309766
181861;386014;308103
181862;406146;255282
181863;417353;221159
181864;427346;252832
181865;305945;276626
181866;489560;267498
181867;297398;297725
181868;324323;331427
181869;299851;278944
181870;438012;279330
181871;450616;319493
181872;372251;296778
181873;456081;246169
181874;367351;309736
181875;453595;212953
181876;375693;340398
181877;312121;264360
181878;328164;270661
181879;489011;304131
181880;362758;343527
181881;387110;261051
181882;470868;289778
181883;381360;230759
181884;475452;374139
181885;456633;251323
181886;346341;322456
181887;351877;292194
181888;347557;318718
181889;379373;274393
181890;365627;215227
181891;298074;294931
181892;442485;304704
181893;396578;276108
181894;354431;305155
181895;398445;287386
181896;341972;324688
181897;388613;264760
181898;367693;304427
181899;342765;249988
181900;448176;263170
181901;368785;245302
181902;302025;357083
181903;342213;321839
181904;451544;273764
181905;455056;266607
181906;338208;236209
181907;335488;299419
181908;469667;296088
181909;440014;298846
181910;448740;280391
181911;456756;307252
181912;426684;295413
181913;374947;247755
181914;464198;302529
181915;467285;346905
181916;450578;329520
181917;458078;303756
181918;473532;247746
181919;474192;228241
181920;395918;317626
181921;404959;304935
181922;428860;213231
181923;453648;327292
181924;347028;263098
181925;482711;306754
181926;354068;307052
181927;318805;221524
181928;387982;342857
181929;420772;265536
181930;404530;260340
181931;428816;258813
181932;370363;264303
181933;368162;276995
181934;313043;293850
181935;394332;253256
181936;333037;290983
181937;342748;289096
181938;331516;242586
181939;454192;274075
181940;310439;312265
181941;447122;327882
181942;325094;228037
181943;389847;246842
181944;424792;238288
181945;365315;307297
181946;439461;263705
181947;322852;334141
181948;377922;323950
181949;371355;237641
181950;381131;338165
181951;301829;296945
181952;467488;269935
181953;486245;311455
181954;400120;304517
181955;332277;238048
181956;360934;276054
181957;457412;286235
181958;382461;320240
181959;468914;217825
181960;476422;277670
181961;374141;264640
181962;443961;287059
181963;352632;314350
181964;444731;241789
181965;423655;336208
181966;404072;217494
181967;490431;340327
181968;373095;225622
181969;457236;268772
181970;464856;275347
181971;422625;271580
181972;387353;301437
181973;363315;226327
181974;396530;327100
181975;438624;287513
181976;492557;238722
181977;405460;285789
181978;383667;234829
181979;365301;256422
181980;398389;258207
181981;312740;348931
181982;476357;258169
181983;490289;324405
181984;320770;299192
181985;388483;254249
181986;381620;236422
181987;308444;316936
181988;316835;291887
181989;381567;262161
181990;360099;288984
181991;376995;269418
181992;489123;254019
181993;448241;234729
181994;476668;226458
181995;387837;280221
181996;354570;308539
181997;355568;343297
181998;349964;230980
181999;341074;280751
182000;367807;296893
182001;303239;263040
182002;335998;279233
182003;494763;268529
182004;403557;277839
182005;395829;250563
182006;404173;287696
182007;449660;364838
182008;419064;252040
182009;299237;347538
182010;302446;316797
182011;470977;275128
182012;329334;232721
182013;324317;285994
182014;333209;274804
182015;381825;265145
182016;487446;264838
182017;502565;267695
182018;309909;302150
182019;445184;355708
182020;466242;263419
182021;478732;311889
182022;317060;224253
182023;393683;285632
182024;347567;265804
182025;480434;272996
182026;441142;271967
182027;481618;265521
182028;467587;284559
182029;463956;232869
182030;328197;271362
182031;428244;336208
182032;302406;296856
182033;372121;255661
182034;455901;277668
182035;407214;251631
182036;375138;227544
182037;378233;310082
182038;331913;230778
182039;477524;269049
182040;318369;338374
182041;424378;271074
182042;368966;334565
182043;423434;282328
182044;301461;265401
182045;441500;256370
182046;474446;328602
182047;360874;249585
182048;417914;317360
182049;357056;261450
182050;373120;245868
182051;307404;241639
182052;297199;283558
182053;300441;277937
182054;319253;296449
182055;493948;280638
182056;315221;300662
182057;406131;247886
182058;486985;308591
182059;480099;316341
182060;353902;338154
182061;334732;284298
182062;492421;235324
182063;427812;278349
182064;396060;248408
182065;359731;315268
182066;462966;296538
182067;348603;251864
182068;372872;256126
182069;479245;332442
182070;449713;296619
182071;341339;291737
182072;457165;240755
182073;314626;275403
182074;388805;312314
182075;399459;310925
182076;377148;258526
182077;353661;227353
182078;340369;275628
182079;305477;237313
182080;485428;258895
182081;460977;308676
182082;487100;282040
182083;373233;290110
182084;341568;279969
182085;364743;331773
182086;449386;293445
182087;370828;275092
182088;449232;272010
182089;435122;260873
182090;375069;302447
182091;477491;217388
182092;438243;243070
182093;406783;320464
182094;405695;267598
182095;369293;243045
182096;453545;300909
182097;485887;289657
182098;339919;269162
182099;386614;331533
182100;388065;228191
182101;482690;239475
182102;310043;232850
182103;394396;242785
182104;354699;324072
182105;392032;319951
182106;392466;275131
182107;320349;262253
182108;413313;316248
182109;391919;295092
182110;362471;314465
182111;498327;333052
182112;349423;256586
182113;387806;276292
182114;464972;233178
182115;397241;269708
182116;391580;245121
182117;419406;300334
182118;311130;316677
182119;463714;237971
182120;387897;250552
182121;350772;294241
182122;428850;270709
182123;427701;229311
182124;380397;299169
182125;296887;285536
182126;403898;259700
182127;296978;261694
182128;456518;247015
182129;436722;226805
182130;481867;336866
182131;345542;343104
182132;492956;255624
182133;335510;313709
182134;425571;308746
182135;396319;232054
182136;338175;297697
182137;365302;248795
182138;238932;317536
182139;274451;306414
182140;251912;320093
182141;317625;347192
182142;237958;316490
182143;355807;328220
182144;353801;247998
182145;287348;310492
182146;294328;270236
182147;259512;250134
182148;291046;296512
182149;228506;306816
182150;250099;238201
182151;248317;286505
182152;270057;294351
182153;322108;252006
182154;256364;294611
182155;293377;269512
182156;277671;263573
182157;237671;331379
182158;338494;322633
182159;338780;308828
182160;247035;256098
182161;309918;315694
182162;283668;241864
182163;302066;307919
182164;280624;324177
182165;264232;313309
182166;318449;293607
182167;305043;239597
182168;324028;319773
182169;320193;251376
182170;303957;261691
182171;228698;291123
182172;278062;319524
182173;334637;324258
182174;327697;313432
182175;304386;300325
182176;269082;226107
182177;303163;282134
182178;292811;219243
182179;222163;250364
182180;346245;234464
182181;348103;271633
182182;279980;255245
182183;302150;286675
182184;250889;258740
182185;258645;264131
182186;285366;236956
182187;353891;324826
182188;283884;237939
182189;229593;292813
182190;271459;336958
182191;311113;262999
182192;299379;224474
182193;338311;220709
182194;227927;328725
182195;340040;268050
182196;276332;292920
182197;238981;272064
182198;265828;296931
182199;266912;295220
182200;276434;275171
182201;347599;304318
182202;250990;242427
182203;245066;297698
182204;366123;288162
182205;328633;293219
182206;293568;288798
182207;239623;304281
182208;299212;273650
182209;283355;297728
182210;308340;290620
182211;249319;296320
182212;337867;261593
182213;346885;268803
182214;292743;247186
182215;329530;256806
182216;310425;237134
182217;292593;234237
182218;225204;224884
182219;343241;285889
182220;312390;268688
182221;347542;287729
182222;358687;286010
182223;264625;284025
182224;299920;278332
182225;290962;247585
182226;290739;272692
182227;226341;242082
182228;339318;211724
182229;288168;310960
182230;331661;261392
182231;280453;270853
182232;317015;241403
182233;283766;288271
182234;272738;276876
182235;251802;298526
182236;310437;262973
182237;291866;304299
182238;334208;252889
182239;359113;305613
182240;255997;333320
182241;258550;305277
182242;324019;310859
182243;272329;309891
182244;273768;228963
182245;250959;222391
182246;234607;258353
182247;264650;331489
182248;325714;363682
182249;341908;277862
182250;346268;327576
182251;286497;304410
182252;327087;276514
182253;322002;252447
182254;324624;327575
182255;241228;306492
182256;321851;312015
182257;264589;242471
182258;235238;340183
182259;299547;243324
182260;232123;244179
182261;240514;316348
182262;240118;336223
182263;363893;312447
182264;345865;344967
182265;358327;300699
182266;249020;261345
182267;349913;320698
182268;283981;249315
182269;288645;313347
182270;251799;305626
182271;314907;237277
182272;257025;280463
182273;320865;234936
182274;338468;235797
182275;332731;250659
182276;331143;278150
182277;358868;302944
182278;256431;233438
182279;238039;263706
182280;358339;248034
182281;267301;247817
182282;259527;313466
182283;342347;313131
182284;315028;267255
182285;242599;225562
182286;218395;263540
182287;309255;312038
182288;309806;292001
182289;327503;307241
182290;225839;293126
182291;251953;308199
182292;309340;262938
182293;275960;278201
182294;356235;300036
182295;319168;230481
182296;331820;315909
182297;360432;293864
182298;307472;259631
182299;344040;266085
182300;360982;254402
182301;239907;262250
182302;330873;278638
182303;286134;245074
182304;316481;310710
182305;251225;287799
182306;332753;276743
182307;340726;271270
182308;220422;254119
182309;251122;260079
182310;335714;295644
182311;251045;325838
182312;321607;289854
182313;254328;329132
182314;307716;301067
182315;250884;267639
182316;250033;278102
182317;324993;280071
182318;235383;293974
182319;353237;224515
182320;257035;292604
182321;288150;355384
182322;289122;302207
182323;358994;230023
182324;273092;271683
182325;311865;306059
182326;246964;246883
182327;340887;283690
182328;251617;262684
182329;235212;294670
182330;230228;333372
182331;365284;263737
182332;281999;284833
182333;250439;299832
182334;253050;278779
182335;310046;252939
182336;358482;322192
182337;256111;262615
182338;341923;283048
182339;361037;221744
182340;276678;250591
182341;249092;280578
182342;237690;249184
182343;335593;292775
182344;357534;294180
182345;341574;297249
182346;360221;274840
182347;254036;356701
182348;365129;229083
182349;242396;317279
182350;261042;248736
182351;308981;302031
182352;347957;239353
182353;354778;273008
182354;352521;276544
182355;360703;278075
182356;231289;273453
182357;238736;325635
182358;294466;322428
182359;283982;306741
182360;344886;249040
182361;251476;276358
182362;333628;220910
182363;321650;286529
182364;229422;229047
182365;225732;296605
182366;289530;274109
182367;338971;259340
182368;303679;314370
182369;310385;298300
182370;286923;272696
182371;290747;217887
182372;263395;317569
182373;323531;233449
182374;237858;300534
182375;274849;255054
182376;351099;236002
182377;222233;283443
182378;223051;298758
182379;225949;293790
182380;325297;243780
182381;352182;232970
182382;223796;259232
182383;358646;270241
182384;324304;267482
182385;281551;348729
182386;267829;341014
182387;363375;273312
182388;223066;324359
182389;345989;311532
182390;350409;291292
182391;359450;297537
182392;285179;272497
182393;233509;294815
182394;336236;325509
182395;284788;287089
182396;326072;315889
182397;362656;211598
182398;228049;211970
182399;325297;258306
182400;270981;235660
182401;223813;334515
182402;299621;309831
182403;231242;267276
182404;338180;277354
182405;309840;254271
182406;336403;259598
182407;278892;274508
182408;342756;240266
182409;278527;308746
182410;343127;273299
182411;351924;298275
182412;296296;225041
182413;343408;298673
182414;226673;298179
182415;333702;295362
182416;318207;240000
182417;322499;275196
182418;239993;277597
182419;270982;245336
182420;314948;319543
182421;243379;232754
182422;353576;248560
182423;291201;244354
182424;235358;296712
182425;235849;268051
182426;316998;300714
182427;318750;271391
182428;299330;236515
182429;328547;329420
182430;343976;335354
182431;234770;281626
182432;364028;272609
182433;349777;310776
182434;275205;286646
182435;357366;272328
182436;268178;242103
182437;347863;256320
182438;269343;299995
182439;359464;309557
182440;237257;332593
182441;310342;336241
182442;361102;304797
182443;228820;253829
182444;247215;295625
182445;223640;282079
182446;318446;252738
182447;264907;339070
182448;435611;251003
182449;321269;251103
182450;241925;263682
182451;246328;315528
182452;318064;221735
182453;342407;274242
182454;284159;277788
182455;338049;270186
182456;257736;258674
182457;319803;260346
182458;272674;280880
182459;245433;233247
182460;288040;231315
182461;322672;328628
182462;312684;232139
182463;356519;317731
182464;317641;267488
182465;342592;236276
182466;251460;233067
182467;367008;322440
182468;229610;310148
182469;238614;275714
182470;259886;307380
182471;318357;294146
182472;312442;301763
182473;231979;221570
182474;315716;314282
182475;368683;242077
182476;225866;323411
182477;267833;235045
182478;288764;364270
182479;289038;243430
182480;317565;291652
182481;286397;261074
182482;223393;275365
182483;323933;312867
182484;330390;282791
182485;327336;323928
182486;354077;304619
182487;351463;265671
182488;307139;219905
182489;283941;240713
182490;246090;323392
182491;263697;241820
182492;237116;265300
182493;269409;293131
182494;256788;285109
182495;229054;216492
182496;245267;278329
182497;251822;339747
182498;323803;301724
182499;252571;246131
182500;228650;288515
182501;224349;306299
182502;249385;327763
182503;273808;227773
182504;315663;255125
182505;345536;247148
182506;328984;227214
182507;278634;268618
182508;283315;278191
182509;237186;303967
182510;364546;340513
182511;332803;266816
182512;270028;341925
182513;348862;282335
182514;250452;210736
182515;336289;252040
182516;268344;319156
182517;251634;320968
182518;342087;333644
182519;266582;324691
182520;299399;327149
182521;286927;289775
182522;292428;276247
182523;275192;263372
182524;384113;294983
182525;275565;272304
182526;341073;269702
182527;260661;276738
182528;249666;301495
182529;289564;270127
182530;333785;247161
182531;248638;289309
182532;256907;296031
182533;322000;312267
182534;330387;330167
182535;288595;233193
182536;322811;297817
182537;224859;311344
182538;304549;229648
182539;324585;338044
182540;355073;296562
182541;363597;297817
182542;307353;279016
182543;338714;260089
182544;225230;272626
182545;276863;282961
182546;248700;274978
182547;334768;275530
182548;249178;281783
182549;226476;271136
182550;286443;246743
182551;263843;300255
182552;317625;347641
182553;352264;309492
182554;263773;244139
182555;217068;245448
182556;242757;323069
182557;232166;295286
182558;235532;253502
182559;359024;282395
182560;318482;250311
182561;316085;288957
182562;290650;320974
182563;361461;262505
182564;333383;314569
182565;291050;240656
182566;268175;260344
182567;234745;243780
182568;284436;240861
182569;229273;338751
182570;350595;247954
182571;283234;279084
182572;330123;276473
182573;338229;266998
182574;329573;246674
182575;244484;294620
182576;271642;260144
182577;230842;253881
182578;307190;263090
182579;794149;236265
182580;527569;259828
182581;807618;272960
182582;628363;305057
182583;750124;272420
182584;760994;263382
182585;548857;274414
182586;628863;284606
182587;515087;289873
182588;759296;244347
182589;770549;254872
182590;645820;239317
182591;734157;247043
182592;520257;281476
182593;751162;250757
182594;768394;315402
182595;768033;313462
182596;563489;241876
182597;660387;304560
182598;649415;327780
182599;799186;295058
182600;598132;313960
182601;776456;301261
182602;492442;307928
182603;598296;294273
182604;566387;231604
182605;699365;294150
182606;772074;271821
182607;633516;337947
182608;667566;240294
182609;880491;279071
182610;634366;263518
182611;727615;323129
182612;529095;309502
182613;543567;307404
182614;682064;289717
182615;758087;304922
182616;544752;267502
182617;666524;281224
182618;646821;248522
182619;757909;235023
182620;534668;278135
182621;532339;248749
182622;695399;276846
182623;547633;267331
182624;578713;308196
182625;523828;243754
182626;661575;307610
182627;513655;253973
182628;510812;279904
182629;789487;275764
182630;522540;227746
182631;511916;297680
182632;708513;302145
182633;673882;273711
182634;688403;284379
182635;660825;242974
182636;676487;332526
182637;585575;329585
182638;605281;335669
182639;542425;330551
182640;683074;238568
182641;503779;318411
182642;680161;245901
182643;708213;314225
182644;749682;296625
182645;687023;301041
182646;548166;223769
182647;676280;248984
182648;708042;322781
182649;756070;247803
182650;724118;260362
182651;526602;297564
182652;691754;297758
182653;601631;282745
182654;582465;257398
182655;742135;280540
182656;667942;248255
182657;654647;322246
182658;574487;303506
182659;764158;256326
182660;610181;266777
182661;806011;322025
182662;719083;353837
182663;551891;352875
182664;670912;276234
182665;648009;273748
182666;727424;292010
182667;668487;316206
182668;744959;314014
182669;509804;247892
182670;708838;259734
182671;663004;298766
182672;802533;317091
182673;567669;288339
182674;585376;294669
182675;734433;272640
182676;813362;315078
182677;584671;273317
182678;701147;324416
182679;507390;263281
182680;821852;270315
182681;630283;321639
182682;564508;269756
182683;664541;282763
182684;651578;239851
182685;650862;286805
182686;643145;237290
182687;615822;310575
182688;817130;313915
182689;785539;261215
182690;705187;290388
182691;650193;306955
182692;773858;266602
182693;799712;279766
182694;768438;247869
182695;731482;313112
182696;530146;250151
182697;749245;230563
182698;581825;246781
182699;535313;241554
182700;581385;313728
182701;794236;341984
182702;675765;283025
182703;718079;264859
182704;555815;270959
182705;577463;258543
182706;770412;271362
182707;628552;350879
182708;649995;274941
182709;704666;284402
182710;514624;279443
182711;792712;220238
182712;708438;292338
182713;660012;246749
182714;820775;320126
182715;742670;305057
182716;817484;316462
182717;612114;289190
182718;686452;279829
182719;636529;274760
182720;628730;255646
182721;768575;343175
182722;541222;331231
182723;755230;283818
182724;768142;278657
182725;791032;261515
182726;551898;262070
182727;644080;328313
182728;563536;247600
182729;689132;246293
182730;592969;250327
182731;676605;286940
182732;720740;278755
182733;659851;295216
182734;568115;248921
182735;773846;311958
182736;661836;313451
182737;697247;242762
182738;786919;242997
182739;575128;258368
182740;513123;265387
182741;813764;249114
182742;796076;300214
182743;631972;245302
182744;582307;254054
182745;594071;305717
182746;670773;256788
182747;531247;311044
182748;710307;318472
182749;795801;267574
182750;596315;287085
182751;729459;299886
182752;659126;316869
182753;744827;281760
182754;819179;264555
182755;716438;237195
182756;531671;284022
182757;521830;312830
182758;729479;248724
182759;732385;303717
182760;646317;288547
182761;634054;270809
182762;691178;329462
182763;571220;306919
182764;739975;306221
182765;557115;266261
182766;761353;247081
182767;781879;255712
182768;702849;258226
182769;698906;281130
182770;820221;263470
182771;726819;289922
182772;700378;280676
182773;743918;313334
182774;668741;313453
182775;597344;307501
182776;743762;306000
182777;650975;289709
182778;538245;276344
182779;543438;300694
182780;813837;331135
182781;591554;308871
182782;777762;251641
182783;573441;231708
182784;632187;253653
182785;597697;266923
182786;812945;276291
182787;498641;228880
182788;560504;332988
182789;727809;257644
182790;761980;315641
182791;797173;300469
182792;664363;303605
182793;609404;282730
182794;631317;262534
182795;585620;310199
182796;706671;288739
182797;622484;314701
182798;726247;285922
182799;816835;325242
182800;795807;245722
182801;598903;305694
182802;513389;305552
182803;607285;245414
182804;735854;270569
182805;591708;311224
182806;771158;295022
182807;584131;282338
182808;632772;331655
182809;506998;313826
182810;645810;257417
182811;636358;320907
182812;770197;248987
182813;775392;275201
182814;494428;354888
182815;648223;306326
182816;705006;290129
182817;752829;338398
182818;685302;303161
182819;791487;259653
182820;541039;300904
182821;704728;329596
182822;565191;258386
182823;669199;271081
182824;681907;288827
182825;531819;322764
182826;823859;231110
182827;626677;265475
182828;540294;290250
182829;707109;282472
182830;589918;298350
182831;766607;324559
182832;633647;223666
182833;741446;332527
182834;602133;325868
182835;676143;262333
182836;617968;283167
182837;544059;317818
182838;665815;284550
182839;736504;227667
182840;742678;297071
182841;612884;279997
182842;802380;236805
182843;650485;337698
182844;625301;236068
182845;758267;270429
182846;812547;343263
182847;602316;259661
182848;710727;230367
182849;532859;234406
182850;777174;332299
182851;781115;324431
182852;657116;276509
182853;513975;269675
182854;818258;287118
182855;691405;317843
182856;612540;241266
182857;737605;281773
182858;752159;315967
182859;678086;293397
182860;567963;317014
182861;585122;311359
182862;788555;324122
182863;667999;318583
182864;740907;246087
182865;740368;230877
182866;599054;260546
182867;600480;265734
182868;708324;237916
182869;732195;243637
182870;567285;316277
182871;646881;312471
182872;335586;269486
182873;421427;337792
182874;391938;257460
182875;289776;237976
182876;362832;263636
182877;314094;300321
182878;370217;305221
182879;360190;315268
182880;346863;282811
182881;471765;306778
182882;303187;266267
182883;308203;302992
182884;385496;311856
182885;320350;288886
182886;406411;288013
182887;404793;312504
182888;341164;269308
182889;425664;309837
182890;463393;263454
182891;400636;244052
182892;345396;260543
182893;306674;307502
182894;433811;244657
182895;454788;290780
182896;426737;300840
182897;459578;251655
182898;450312;237483
182899;358228;279844
182900;344742;307008
182901;445585;227605
182902;397564;262089
182903;426861;286201
182904;343416;306955
182905;427794;245297
182906;307637;272449
182907;399333;251269
182908;375299;272739
182909;411517;279757
182910;380664;304730
182911;439287;267016
182912;462044;281757
182913;346891;311782
182914;395858;294111
182915;421923;310874
182916;300947;267971
182917;355787;279962
182918;465226;292604
182919;372396;291101
182920;471413;309612
182921;452780;323117
182922;289772;300154
182923;394430;238256
182924;414879;259810
182925;377495;252777
182926;419741;239700
182927;368897;303431
182928;389782;249802
182929;340238;275979
182930;305904;282580
182931;372707;272835
182932;289202;271502
182933;424807;225586
182934;445074;338954
182935;365075;253346
182936;299278;236776
182937;475892;267435
182938;472808;249124
182939;421372;350503
182940;438155;293611
182941;390845;264082
182942;391873;305750
182943;403661;298463
182944;448337;302694
182945;407699;345064
182946;408977;278730
182947;434039;307876
182948;403919;308390
182949;385417;250831
182950;302820;328550
182951;409733;246075
182952;444663;223807
182953;335764;256586
182954;422126;310550
182955;382711;273941
182956;334086;292035
182957;392658;264772
182958;346457;242891
182959;367397;283649
182960;408852;242546
182961;431705;247952
182962;401363;221323
182963;334755;289490
182964;398864;305359
182965;442429;278306
182966;375730;250900
182967;472202;312682
182968;439200;271732
182969;403787;276941
182970;429463;301034
182971;446910;301729
182972;478619;328341
182973;413469;337034
182974;416037;297649
182975;361493;282742
182976;340753;247557
182977;344163;278897
182978;462961;249464
182979;462586;320134
182980;395305;310781
182981;343153;303728
182982;473153;300971
182983;427140;305714
182984;377760;224471
182985;422012;284411
182986;465543;249658
182987;454878;328782
182988;364373;264320
182989;352080;275929
182990;325367;314896
182991;387383;279637
182992;364675;247084
182993;315660;288830
182994;426115;247860
182995;387143;324813
182996;307021;296099
182997;451661;341066
182998;367804;302862
182999;293473;283709
183000;366933;302367
183001;381067;299548
183002;402103;225232
183003;297481;318800
183004;346130;334937
183005;320605;345925
183006;426565;290853
183007;452144;286140
183008;386672;261723
183009;329212;313967
183010;347435;305150
183011;378728;244981
183012;437766;272600
183013;386117;257274
183014;361328;301450
183015;430133;250283
183016;412434;289139
183017;434529;301943
183018;460077;263291
183019;457213;233078
183020;325298;270991
183021;370704;339770
183022;300282;321552
183023;357820;308058
183024;300392;340516
183025;297417;267825
183026;334485;238107
183027;433613;253638
183028;392277;278145
183029;307710;290778
183030;431848;313198
183031;412740;304898
183032;424763;323836
183033;491993;247266
183034;455746;264328
183035;410477;254823
183036;378568;240892
183037;451108;295934
183038;398428;285687
183039;360546;281317
183040;441760;239719
183041;306898;271096
183042;388294;268601
183043;303367;331698
183044;360810;296619
183045;328651;283274
183046;352031;239467
183047;402200;203203
183048;339932;241253
183049;353888;256960
183050;318561;314253
183051;307099;279494
183052;294611;314359
183053;324309;262809
183054;354656;275534
183055;399270;320179
183056;415688;268896
183057;348036;275693
183058;298708;312375
183059;448618;248225
183060;432570;255139
183061;482049;269902
183062;326730;232461
183063;404530;321447
183064;320683;257377
183065;289638;293020
183066;372707;305987
183067;389034;244120
183068;392663;239082
183069;316156;257682
183070;351327;309956
183071;459706;254244
183072;344632;348118
183073;442369;226133
183074;453005;216447
183075;413023;293213
183076;431812;252766
183077;473288;243482
183078;332574;273668
183079;332229;260752
183080;340094;238464
183081;366475;328768
183082;346441;340347
183083;442771;282994
183084;319417;318524
183085;438685;318248
183086;389539;286596
183087;330573;249017
183088;450323;306288
183089;345823;252722
183090;422691;228994
183091;479260;237795
183092;447792;279646
183093;428849;300557
183094;345450;314319
183095;454908;338428
183096;308694;320085
183097;418175;285045
183098;381475;238383
183099;290338;260201
183100;367014;316051
183101;343638;288259
183102;482997;290100
183103;443788;302136
183104;305854;277040
183105;358556;279066
183106;306445;310418
183107;363629;277443
183108;466359;293296
183109;378956;273267
183110;378671;250229
183111;416456;346556
183112;459859;262436
183113;301207;284008
183114;408435;275008
183115;329123;291741
183116;313161;247194
183117;383027;323769
183118;419190;256701
183119;408934;235985
183120;420859;322455
183121;346493;333737
183122;475578;272999
183123;440678;305893
183124;473217;320689
183125;425399;292466
183126;353920;265744
183127;303017;319299
183128;443490;341704
183129;316956;345323
183130;402966;286623
183131;295526;225434
183132;303058;327984
183133;306752;311960
183134;347289;262124
183135;452765;303372
183136;464984;283129
183137;377649;279796
183138;456381;284870
183139;448165;279188
183140;363702;242103
183141;351159;290629
183142;305650;301920
183143;435883;316485
183144;304936;245630
183145;439537;259939
183146;459487;272651
183147;423618;307008
183148;463248;258208
183149;392509;290662
183150;394584;309792
183151;315433;337827
183152;465570;298480
183153;463327;269657
183154;354255;269494
183155;331629;255878
183156;429448;300383
183157;291503;301458
183158;324723;276633
183159;330562;274879
183160;468776;234501
183161;350483;257162
183162;445376;278520
183163;454425;287961
183164;470409;250629
183165;412516;232950
183166;393672;304263
183167;452172;259697
183168;454344;256045
183169;382849;292962
183170;319568;344743
183171;426808;322212
183172;333132;268116
183173;397530;271265
183174;463927;285698
183175;373279;292577
183176;473863;331156
183177;302448;254686
183178;295702;346803
183179;385144;279920
183180;322011;310941
183181;325024;244554
183182;463739;258867
183183;300947;296291
183184;453695;279984
183185;305534;229916
183186;433067;232760
183187;435361;277696
183188;366701;317002
183189;318291;252632
183190;434098;236976
183191;345763;273014
183192;297621;243977
183193;450780;261835
183194;323504;343201
183195;426106;307694
183196;338614;281335
183197;294568;233070
183198;356288;298342
183199;358449;246878
183200;421270;302809
183201;312131;298669
183202;469943;337145
183203;351331;304312
183204;486623;310143
183205;305450;236019
183206;473693;278407
183207;415553;243820
183208;467128;285596
183209;406960;229713
183210;477267;291054
183211;384237;316400
183212;454408;272746
183213;376887;252771
183214;339151;308088
183215;473896;288085
183216;371605;299875
183217;335966;304524
183218;344378;320267
183219;307792;269738
183220;470121;249436
183221;333894;229499
183222;427447;251562
183223;424936;280201
183224;595647;242957
183225;540710;266760
183226;650427;319942
183227;598670;282760
183228;473420;262817
183229;672140;267394
183230;734779;323895
183231;586369;280006
183232;612153;309205
183233;563441;272039
183234;723011;271222
183235;723760;261923
183236;597187;257555
183237;669601;281750
183238;701322;250955
183239;483553;214276
183240;632463;243151
183241;565462;316547
183242;718333;294156
183243;477888;209530
183244;500709;282990
183245;674343;304277
183246;647134;230019
183247;489303;302534
183248;682383;238326
183249;566697;247583
183250;500443;265365
183251;457717;357512
183252;649028;265907
183253;715109;253206
183254;612833;277133
183255;715957;295976
183256;650327;264814
183257;452531;243350
183258;665521;291848
183259;673654;330700
183260;469557;214969
183261;629507;242928
183262;630366;258185
183263;614965;289241
183264;577072;232427
183265;540858;309386
183266;474172;242011
183267;720492;313247
183268;534534;260523
183269;521085;260430
183270;661978;310632
183271;668788;323609
183272;519266;320879
183273;550425;288319
183274;614496;238388
183275;668770;313298
183276;721110;308923
183277;598174;261712
183278;690596;278721
183279;586899;259556
183280;624085;295677
183281;456012;260355
183282;595815;267486
183283;482073;283956
183284;740253;228548
183285;546924;289622
183286;465589;260673
183287;660803;354310
183288;709539;255787
183289;547420;234498
183290;709024;234565
183291;575597;320075
183292;562386;329425
183293;597173;271494
183294;688375;310521
183295;642404;324461
183296;548364;250788
183297;596405;293864
183298;455544;305184
183299;637559;250366
183300;659329;313094
183301;620866;325455
183302;651977;305651
183303;507965;271632
183304;539031;284964
183305;488256;245253
183306;520020;303815
183307;504910;267724
183308;577136;231260
183309;459057;313373
183310;557841;306733
183311;464035;255116
183312;709685;264710
183313;725783;240790
183314;573419;308951
183315;474864;316310
183316;568843;339984
183317;615569;227903
183318;538107;314614
183319;518081;302599
183320;683980;313062
183321;659908;252755
183322;678721;237238
183323;454071;330781
183324;471143;294997
183325;635043;236375
183326;647338;248195
183327;713787;290519
183328;496523;313761
183329;631295;279775
183330;620183;238468
183331;689693;268375
183332;476283;319502
183333;703289;272634
183334;611653;308438
183335;464519;228232
183336;610583;302391
183337;474456;269495
183338;709872;245621
183339;705759;250600
183340;731243;279246
183341;716648;274916
183342;663139;226509
183343;604417;219402
183344;681190;330517
183345;457196;297064
183346;491180;294588
183347;635759;287253
183348;481154;258534
183349;745261;281889
183350;718617;253353
183351;673805;299137
183352;483089;285538
183353;627320;250681
183354;535342;240643
183355;604513;277826
183356;520341;274545
183357;625671;319732
183358;519667;299818
183359;705039;213131
183360;691321;324172
183361;637736;253440
183362;531644;310133
183363;571726;271176
183364;651174;304605
183365;665168;299609
183366;545312;251991
183367;489553;209356
183368;723342;323194
183369;502518;275164
183370;595024;266409
183371;560935;225200
183372;567416;233065
183373;682265;306411
183374;631884;253676
183375;749384;280608
183376;653852;294701
183377;549094;271739
183378;621694;273034
183379;624987;331545
183380;725831;275267
183381;650635;272915
183382;464246;285081
183383;627795;281260
183384;576295;236065
183385;676225;301494
183386;602420;305172
183387;460301;240068
183388;658650;266602
183389;453604;251272
183390;603049;262681
183391;608650;323322
183392;737864;356811
183393;568717;238382
183394;652710;304216
183395;489371;270500
183396;701252;315931
183397;492954;269562
183398;589786;273858
183399;562497;283602
183400;505458;285047
183401;654509;311198
183402;523684;258692
183403;579901;252997
183404;485129;271121
183405;569966;273692
183406;453276;280650
183407;592828;287982
183408;546209;272176
183409;697528;263860
183410;464705;289578
183411;538055;239468
183412;716081;304069
183413;466844;282022
183414;496218;309753
183415;731866;255679
183416;722005;249446
183417;569072;308161
183418;580590;281103
183419;488924;236000
183420;610763;285099
183421;643402;280542
183422;694345;245476
183423;641141;289556
183424;742454;281979
183425;530764;318806
183426;638617;337101
183427;591399;262149
183428;668193;288772
183429;655599;289414
183430;499078;265457
183431;651138;325328
183432;634316;325811
183433;484783;271473
183434;605941;288258
183435;547021;269116
183436;686069;295306
183437;503575;295012
183438;578046;288354
183439;514974;263286
183440;609229;291783
183441;489495;275263
183442;676084;239941
183443;617802;266856
183444;687698;261037
183445;711136;260967
183446;714714;282383
183447;525654;215741
183448;657750;315988
183449;691820;288851
183450;540394;232571
183451;694312;326084
183452;450436;325830
183453;611939;309445
183454;637035;287721
183455;569977;307775
183456;454362;287218
183457;741224;250384
183458;478910;290508
183459;691125;293069
183460;671435;319434
183461;541920;240341
183462;738428;292038
183463;603242;317484
183464;654546;271715
183465;477848;235050
183466;449503;287702
183467;590544;304145
183468;635610;247339
183469;732052;224365
183470;505525;317255
183471;714770;271297
183472;629591;339784
183473;543691;292994
183474;579909;257561
183475;601505;315191
183476;617507;289938
183477;467160;335713
183478;574223;320489
183479;470849;315640
183480;707476;272379
183481;483525;245874
183482;550492;217657
183483;672946;351206
183484;520552;217928
183485;724381;234435
183486;583473;288162
183487;462220;228552
183488;699064;253631
183489;465795;251466
183490;588534;319828
183491;744672;252996
183492;691719;250588
183493;672441;264039
183494;451783;246741
183495;739904;240777
183496;666575;266867
183497;526990;374323
183498;490152;281077
183499;736123;315853
183500;643403;259486
183501;596572;305555
183502;541940;285602
183503;646909;297888
183504;637570;267295
183505;553024;266716
183506;524305;242998
183507;685892;248547
183508;543223;301874
183509;745450;211479
183510;693839;273290
183511;471896;217245
183512;529100;318973
183513;610385;258158
183514;602900;308533
183515;481108;214733
183516;739426;275058
183517;615189;259006
183518;453166;293729
183519;431228;233731
183520;530482;281184
183521;623858;241982
183522;705461;302761
183523;649342;263357
183524;739584;286439
183525;694896;268924
183526;604417;309326
183527;658051;240895
183528;671906;311596
183529;520410;299958
183530;454344;254624
183531;716018;240800
183532;662047;280733
183533;457991;293953
183534;559759;319399
183535;461489;259193
183536;461110;243877
183537;689922;332034
183538;489965;275099
183539;484114;291076
183540;593198;256348
183541;493576;228212
183542;525409;304365
183543;507896;272356
183544;508273;252682
183545;634961;232902
183546;676130;218269
183547;501371;279395
183548;650510;301212
183549;631242;320399
183550;591769;257280
183551;490526;328273
183552;658728;279505
183553;736089;261039
183554;742885;338474
183555;531553;297379
183556;616294;259253
183557;467223;297688
183558;622999;322977
183559;641788;257521
183560;709497;301837
183561;715495;239088
183562;652886;266334
183563;553930;304774
183564;693174;295327
183565;464785;217453
183566;477682;333819
183567;745291;342258
183568;498890;257484
183569;608505;247295
183570;531133;213713
183571;592916;262845
183572;572260;337107
183573;471622;247574
183574;691382;227772
183575;623726;297804
183576;524937;282315
183577;555102;331459
183578;483838;274628
183579;569341;250462
183580;753584;240814
183581;646261;292110
183582;547737;290183
183583;618048;281921
183584;451555;266866
183585;591905;252581
183586;484708;332626
183587;666765;236747
183588;651678;276219
183589;650168;260854
183590;738189;350997
183591;693690;250672
183592;474958;299001
183593;479423;229647
183594;693248;314272
183595;478865;308131
183596;529955;287949
183597;739151;315528
183598;480842;325763
183599;590491;286318
183600;695947;298486
183601;451772;233140
183602;400104;237299
183603;380265;235517
183604;460990;262195
183605;355869;218200
183606;512110;284877
183607;478471;243095
183608;441058;312836
183609;438955;322619
183610;409617;250838
183611;415201;289186
183612;490330;311130
183613;382488;316405
183614;536869;278300
183615;492005;260812
183616;429955;243250
183617;407957;265270
183618;479632;275316
183619;355655;286428
183620;473911;298403
183621;480456;286489
183622;544707;323133
183623;353836;311756
183624;404241;264409
183625;378812;212434
183626;507574;314186
183627;349164;298076
183628;582362;303312
183629;363839;294956
183630;568231;326719
183631;413520;264615
183632;440233;279937
183633;401596;315765
183634;510250;319087
183635;465778;306734
183636;551766;319627
183637;510791;248672
183638;451913;264913
183639;468735;286845
183640;480552;221882
183641;462438;308981
183642;458174;302304
183643;542608;345518
183644;461163;284659
183645;407954;255003
183646;404231;268678
183647;404398;303266
183648;358684;348415
183649;416327;256194
183650;398571;317426
183651;509403;272172
183652;468926;295793
183653;402073;267167
183654;386014;273305
183655;346527;338395
183656;463032;310375
183657;524638;318643
183658;528493;292339
183659;369267;244172
183660;401070;253411
183661;395886;353865
183662;515208;289859
183663;399004;252615
183664;363100;263960
183665;365258;336372
183666;463295;336064
183667;527380;244705
183668;438645;320868
183669;352720;270059
183670;377793;335483
183671;548579;242103
183672;367403;297637
183673;518608;304831
183674;385520;291947
183675;453015;243180
183676;433079;271319
183677;458521;225731
183678;503388;269820
183679;457001;279382
183680;376348;277047
183681;422380;242243
183682;519199;343819
183683;558168;292785
183684;420611;321682
183685;568457;335349
183686;408823;311647
183687;541829;247505
183688;442576;221127
183689;510170;216057
183690;530587;268245
183691;395304;224692
183692;348721;278798
183693;480985;324109
183694;490629;209827
183695;549542;286075
183696;604882;279846
183697;510232;299300
183698;370045;283348
183699;491034;297142
183700;452306;293776
183701;575242;262540
183702;427584;283513
183703;546539;283245
183704;488838;288460
183705;458027;265741
183706;521985;298851
183707;403484;258685
183708;514731;221307
183709;481227;301557
183710;435165;333143
183711;479162;301972
183712;533196;307157
183713;450913;232618
183714;539533;328621
183715;501910;288898
183716;544331;329866
183717;459043;236936
183718;562009;270931
183719;505516;289865
183720;558485;249233
183721;465371;252351
183722;507743;285144
183723;512533;245255
183724;510884;294624
183725;457717;300153
183726;450230;303203
183727;419497;260288
183728;457814;284396
183729;368380;224164
183730;526368;280620
183731;517937;269130
183732;363348;262269
183733;532701;240358
183734;391181;347838
183735;519200;284713
183736;581409;305126
183737;490118;313339
183738;538798;225708
183739;422765;349244
183740;492775;279137
183741;557209;224297
183742;507000;231759
183743;541853;219888
183744;393681;284291
183745;502827;277116
183746;561058;246363
183747;513199;247026
183748;372788;323939
183749;555498;234137
183750;451892;284710
183751;393789;306505
183752;462377;315057
183753;398853;282309
183754;434932;297413
183755;467075;259620
183756;516012;287221
183757;494569;293156
183758;488943;260787
183759;362420;287722
183760;444355;314025
183761;445952;288286
183762;572680;259030
183763;357144;270425
183764;484969;263872
183765;506114;316592
183766;481326;245554
183767;385669;239445
183768;451211;287143
183769;408977;264211
183770;529209;289904
183771;438015;282850
183772;431098;252280
183773;353004;252564
183774;510214;317708
183775;452484;241489
183776;511128;286021
183777;374791;331062
183778;527657;314876
183779;413199;290303
183780;409492;263918
183781;380734;301545
183782;390604;288286
183783;353421;330346
183784;526945;286138
183785;402181;271563
183786;451565;260463
183787;496247;286595
183788;394567;269519
183789;468454;241174
183790;537775;325452
183791;473816;238435
183792;514925;235151
183793;408299;282231
183794;425289;220351
183795;490400;262293
183796;486132;316876
183797;472322;264872
183798;512468;311381
183799;528703;326556
183800;367183;265258
183801;432067;328680
183802;502241;333611
183803;479037;270151
183804;523038;223011
183805;543135;303146
183806;365593;257700
183807;488249;321300
183808;427869;216550
183809;505485;314663
183810;389282;283639
183811;544076;221671
183812;517014;272225
183813;439706;236523
183814;519303;233053
183815;560691;250005
183816;575142;300217
183817;532927;256698
183818;545579;311456
183819;420024;261162
183820;571696;312844
183821;506424;307743
183822;539220;277348
183823;391844;318968
183824;504729;326602
183825;451629;278654
183826;371785;266444
183827;390587;232091
183828;554397;260843
183829;430533;363398
183830;397538;244437
183831;414421;264645
183832;479806;270893
183833;500631;311762
183834;415553;242064
183835;556146;231005
183836;577774;260306
183837;400829;321471
183838;442797;266839
183839;472963;257393
183840;486977;292224
183841;385524;214048
183842;570500;244063
183843;493910;316965
183844;440337;307852
183845;376081;289797
183846;490029;254356
183847;562262;254030
183848;550003;252281
183849;566102;220081
183850;368097;304467
183851;450410;262682
183852;527326;235361
183853;507935;299008
183854;565043;241769
183855;351215;254744
183856;355751;259458
183857;410638;302889
183858;397297;293149
183859;513068;308802
183860;472276;289788
183861;449237;308921
183862;566419;292326
183863;404237;268531
183864;510142;303794
183865;490737;247024
183866;427539;240204
183867;462194;316625
183868;350082;236261
183869;527708;271694
183870;526847;279207
183871;411751;277067
183872;569485;275286
183873;509497;303448
183874;458911;286728
183875;396591;315094
183876;383671;272065
183877;500899;332246
183878;353052;263199
183879;433387;299894
183880;422810;328971
183881;489589;244726
183882;388608;342318
183883;444641;258713
183884;509220;283310
183885;382818;317183
183886;478485;295485
183887;393537;250607
183888;390362;331530
183889;421828;309684
183890;560052;233089
183891;488033;236168
183892;399599;301988
183893;377350;282679
183894;468317;270608
183895;382751;275214
183896;561940;333497
183897;514868;297658
183898;580099;300203
183899;492937;289409
183900;550757;293643
183901;452343;297800
183902;484167;294870
183903;570858;325493
183904;447337;314363
183905;521685;256153
183906;564619;274856
183907;478916;276628
183908;471542;300581
183909;547987;301832
183910;411714;206748
183911;402097;233015
183912;449168;346161
183913;537465;254516
183914;431009;250998
183915;409482;340255
183916;534369;224686
183917;485785;213514
183918;534217;295844
183919;481489;293522
183920;454428;283011
183921;538231;240566
183922;500170;278579
183923;556641;290852
183924;355504;291218
183925;514764;303718
183926;368286;261818
183927;564835;236243
183928;555704;274080
183929;372701;280846
183930;574648;305304
183931;445932;306190
183932;353847;292787
183933;461205;299201
183934;355503;292859
183935;464303;242121
183936;390968;254134
183937;418734;233432
183938;507386;268661
183939;458583;283153
183940;539517;291507
183941;456130;315030
183942;382166;211059
183943;401384;254714
183944;421753;308013
183945;557148;247874
183946;506174;303073
183947;537828;271301
183948;362343;256621
183949;400403;272252
183950;512928;314462
183951;506089;268305
183952;423414;326447
183953;531296;301963
183954;528044;272291
183955;537482;238121
183956;456496;233848
183957;351706;242569
183958;576350;332811
183959;375207;286280
183960;490790;253720
183961;470673;265329
183962;510733;317123
183963;457050;270409
183964;344918;278067
183965;390123;299658
183966;486275;259163
183967;362699;244859
183968;431329;306124
183969;386286;313829
183970;329544;296370
183971;404346;230131
183972;494672;225260
183973;521893;302272
183974;495272;318632
183975;500111;289432
183976;494783;263308
183977;440796;283931
183978;334749;264104
183979;338801;299674
183980;385924;305420
183981;452001;277239
183982;492372;279853
183983;339920;334791
183984;404526;282322
183985;385106;337504
183986;403344;210346
183987;427236;253115
183988;511714;296488
183989;322642;282205
183990;524242;231945
183991;350797;299532
183992;494539;286703
183993;335487;234667
183994;379810;244146
183995;314768;297092
183996;488848;259253
183997;360447;327814
183998;371574;298785
183999;443379;323933
184000;340634;331725
184001;362231;271593
184002;353243;324093
184003;375644;248573
184004;387018;277535
184005;432882;261943
184006;346266;303726
184007;455751;352841
184008;372771;293588
184009;401585;298259
184010;339305;317822
184011;445601;261488
184012;507803;247496
184013;372489;295470
184014;505059;255719
184015;456383;264114
184016;345669;299439
184017;389756;318664
184018;422147;284886
184019;510176;284653
184020;493606;277818
184021;370716;264347
184022;488964;287814
184023;331932;346635
184024;498855;310914
184025;330352;291531
184026;508713;212274
184027;375891;285825
184028;403154;261591
184029;426457;306878
184030;481236;274191
184031;371471;253922
184032;386329;297262
184033;358396;265381
184034;357765;289065
184035;378169;270311
184036;371615;252021
184037;420185;208555
184038;320993;313593
184039;353227;225911
184040;510252;284568
184041;443381;329360
184042;491763;285605
184043;478732;292144
184044;397611;246088
184045;367525;308963
184046;450438;284300
184047;515113;318255
184048;403313;289340
184049;372671;254065
184050;368209;263583
184051;442139;302743
184052;385946;277759
184053;509534;311000
184054;505840;263310
184055;409772;334353
184056;360337;240528
184057;364866;275902
184058;455982;275081
184059;506955;320209
184060;386676;252077
184061;432345;329370
184062;455814;261199
184063;419623;333916
184064;490258;277836
184065;452632;267105
184066;463616;292701
184067;491410;278701
184068;474345;298408
184069;381272;319173
184070;392679;249665
184071;443642;235829
184072;478380;289117
184073;315099;250792
184074;432658;335829
184075;459756;272676
184076;456773;248778
184077;419919;312493
184078;407510;239618
184079;429296;271124
184080;467730;270515
184081;458333;244709
184082;328737;348113
184083;523808;232105
184084;481576;307920
184085;465375;282732
184086;318573;301346
184087;382102;279965
184088;368698;305785
184089;517152;267325
184090;353826;331893
184091;504337;256076
184092;439630;264524
184093;408174;247128
184094;435127;308343
184095;386775;233612
184096;341872;272102
184097;466597;332070
184098;427661;267014
184099;394230;270390
184100;394906;309763
184101;364218;260789
184102;499516;279333
184103;378909;284245
184104;354346;287852
184105;443219;287225
184106;402545;282592
184107;422557;329344
184108;349446;265385
184109;510793;272772
184110;427235;270782
184111;446048;323321
184112;358426;318829
184113;401595;269886
184114;505137;253298
184115;367247;274093
184116;392097;338304
184117;411630;303297
184118;450742;251737
184119;481277;250169
184120;440262;276730
184121;515625;300948
184122;400814;306763
184123;420995;300397
184124;475822;283667
184125;477485;223883
184126;460552;290918
184127;513426;289136
184128;341705;291919
184129;425862;354985
184130;440228;317746
184131;402393;241896
184132;483363;308689
184133;511216;299129
184134;383837;266590
184135;370480;280720
184136;335590;297999
184137;351334;230827
184138;456311;252354
184139;336146;279414
184140;364946;238486
184141;509652;301230
184142;408775;284337
184143;346963;238948
184144;475023;349410
184145;419938;280687
184146;329441;277964
184147;394983;274685
184148;388960;286173
184149;436774;277160
184150;472202;252511
184151;491281;269973
184152;482439;275415
184153;439853;318291
184154;507815;281631
184155;459306;304705
184156;393964;279015
184157;335608;265502
184158;444794;244517
184159;438745;232556
184160;438385;294099
184161;412308;308322
184162;482403;270731
184163;339129;251320
184164;514616;332798
184165;315529;282720
184166;418627;239629
184167;484258;246537
184168;460149;289044
184169;515017;289387
184170;475516;281772
184171;400056;274262
184172;347063;289732
184173;332989;282959
184174;455303;312288
184175;455801;289488
184176;426223;237808
184177;467643;304087
184178;439618;234400
184179;445208;336898
184180;341686;240961
184181;498467;334872
184182;439040;313570
184183;434922;296030
184184;349989;260145
184185;398851;302105
184186;339620;270722
184187;329102;262895
184188;419041;251325
184189;340315;329148
184190;480621;324657
184191;449373;326337
184192;473290;257869
184193;339763;311406
184194;428221;319565
184195;456148;284827
184196;446768;236215
184197;370178;232601
184198;373937;297014
184199;343580;349129
184200;519444;266006
184201;354534;227110
184202;481777;275585
184203;416207;280876
184204;404380;323651
184205;342799;282466
184206;462829;337246
184207;471290;323418
184208;517965;330503
184209;420862;328156
184210;381903;283652
184211;313429;302440
184212;342324;241399
184213;330656;278331
184214;500213;258590
184215;361292;220617
184216;384032;295469
184217;448636;273144
184218;455225;338510
184219;457002;276027
184220;372842;340999
184221;454821;309400
184222;355906;259787
184223;408813;267850
184224;436230;257196
184225;477162;342109
184226;464682;314482
184227;349895;285623
184228;404039;303495
184229;456273;317405
184230;522850;331617
184231;475098;335814
184232;344015;331298
184233;363525;280141
184234;512845;324721
184235;480628;281664
184236;461157;266901
184237;422775;298042
184238;483757;284852
184239;417859;294784
184240;350054;215453
184241;503642;207847
184242;328169;284887
184243;478252;304534
184244;346534;290606
184245;358227;271389
184246;424052;336025
184247;418413;256287
184248;433918;261267
184249;529826;286820
184250;519121;242223
184251;326730;320348
184252;340474;204069
184253;372935;275500
184254;339730;322740
184255;380143;298527
184256;513782;295961
184257;317600;278230
184258;328270;295288
184259;462020;290286
184260;493807;252703
184261;389532;286205
184262;488175;285888
184263;421863;279324
184264;504613;284293
184265;480857;272725
184266;455658;286857
184267;337807;306189
184268;510114;253402
184269;433186;311540
184270;437314;296834
184271;336703;214451
184272;470996;311646
184273;468779;318870
184274;503336;260588
184275;316274;241432
184276;522726;314732
184277;464484;301551
184278;515257;286012
184279;511368;304451
184280;492862;258920
184281;472022;248469
184282;311984;339493
184283;398155;217156
184284;501176;269393
184285;325923;314368
184286;487316;283079
184287;429309;302170
184288;471558;232828
184289;514104;250627
184290;332151;300385
184291;400006;290213
184292;358431;301402
184293;326444;279101
184294;484502;313109
184295;432032;311211
184296;377675;272335
184297;441409;261260
184298;337684;317197
184299;413371;326775
184300;412769;296069
184301;367040;285915
184302;413884;264088
184303;498490;321971
184304;415429;310776
184305;489260;249806
184306;370564;333469
184307;435846;261470
184308;427760;267870
184309;486087;338007
184310;360061;287771
184311;371451;305221
184312;465240;322474
184313;433196;247604
184314;355177;308277
184315;323991;246023
184316;378187;276454
184317;412385;300977
184318;495714;246591
184319;411458;297241
184320;399356;301158
184321;432867;306336
184322;420442;293166
184323;416367;315312
184324;425146;316202
184325;356663;231020
184326;245683;299750
184327;253974;309183
184328;247370;316168
184329;271774;277255
184330;298964;248351
184331;315637;309036
184332;261897;316278
184333;310990;290874
184334;327072;323071
184335;250348;238715
184336;348081;233268
184337;284877;326229
184338;279527;225801
184339;319010;223031
184340;301101;231849
184341;294594;288117
184342;236854;231101
184343;342080;297618
184344;382363;333388
184345;325999;311799
184346;331807;262644
184347;308875;285983
184348;233728;280764
184349;241559;274277
184350;253735;330072
184351;254550;292119
184352;336962;299645
184353;363016;324921
184354;332592;255222
184355;237254;208737
184356;261598;337680
184357;296984;265828
184358;366312;286170
184359;330069;304234
184360;357947;314614
184361;374626;367227
184362;297966;280970
184363;275803;281740
184364;244173;311607
184365;304606;233787
184366;261747;296925
184367;278730;327675
184368;256146;278804
184369;240205;281010
184370;333726;303105
184371;334389;304414
184372;245907;240720
184373;227149;280246
184374;243632;348853
184375;311272;268074
184376;341367;352470
184377;389388;297686
184378;296051;298629
184379;255568;316251
184380;347728;320329
184381;318470;275673
184382;237327;259716
184383;272246;282704
184384;280291;301707
184385;266315;311933
184386;326925;239037
184387;368735;341068
184388;275856;244924
184389;243613;316578
184390;367653;260220
184391;255708;296520
184392;376534;255612
184393;279888;276554
184394;330974;299117
184395;263684;308933
184396;247698;265815
184397;336430;237552
184398;244048;288561
184399;385273;294867
184400;239583;298523
184401;356666;327655
184402;387785;268763
184403;295165;289431
184404;296383;278016
184405;374489;286059
184406;326744;305259
184407;333368;288391
184408;351882;302212
184409;280112;275636
184410;294617;270628
184411;354496;251282
184412;322377;268825
184413;338032;307004
184414;274761;246122
184415;375165;296263
184416;346153;274786
184417;357450;307346
184418;367284;284467
184419;278301;241810
184420;257821;253431
184421;344623;265054
184422;343351;256755
184423;257113;315190
184424;338407;291821
184425;256680;251232
184426;259397;312080
184427;306147;307028
184428;337125;271561
184429;324319;317138
184430;239230;310867
184431;246489;268133
184432;250522;328456
184433;260315;263115
184434;374505;303253
184435;271716;214944
184436;298075;238391
184437;290601;308365
184438;260269;303071
184439;342531;311134
184440;391642;298649
184441;322956;311318
184442;349192;322416
184443;316924;282043
184444;250454;350291
184445;236461;287568
184446;367645;304514
184447;282480;211789
184448;384242;294365
184449;358467;237690
184450;329341;284253
184451;297458;276698
184452;310499;290849
184453;343770;316359
184454;333576;278786
184455;368734;301195
184456;308859;307244
184457;320608;306107
184458;386200;292679
184459;343312;249302
184460;360894;239427
184461;328506;278144
184462;281377;273051
184463;279356;263644
184464;305685;311045
184465;234219;294530
184466;344630;216878
184467;352995;285422
184468;373790;289859
184469;281755;281775
184470;234483;276451
184471;383134;323922
184472;243645;294418
184473;305329;263391
184474;236094;253285
184475;299810;309726
184476;384693;273240
184477;268935;263531
184478;373672;273772
184479;321235;327608
184480;346822;248264
184481;300068;219851
184482;266900;260041
184483;356175;292209
184484;387592;263663
184485;254675;322118
184486;269323;289908
184487;318451;232938
184488;286838;233224
184489;368019;296176
184490;359538;289449
184491;282794;238914
184492;388580;207240
184493;239536;301119
184494;246774;249732
184495;331434;282162
184496;323063;313632
184497;376346;294636
184498;336330;300590
184499;298518;302273
184500;386162;327906
184501;316048;257772
184502;233862;254158
184503;339096;264359
184504;235600;307625
184505;372699;310084
184506;351399;289846
184507;308148;252833
184508;316298;306264
184509;273999;229595
184510;267622;250770
184511;376525;227428
184512;231732;304666
184513;353310;274769
184514;292713;323178
184515;347963;295885
184516;320958;248887
184517;343554;267559
184518;311690;338942
184519;285177;320796
184520;294845;322058
184521;315529;258648
184522;235318;332466
184523;379305;256084
184524;266945;244371
184525;378154;283528
184526;372879;305530
184527;291356;294867
184528;295827;307781
184529;232788;214656
184530;236418;340496
184531;313263;244132
184532;377983;248999
184533;290445;272597
184534;288267;292809
184535;341809;317517
184536;336465;306047
184537;235259;235067
184538;335239;307171
184539;278094;249165
184540;316550;240375
184541;331494;292041
184542;289084;288348
184543;338898;231418
184544;279698;288511
184545;353631;290189
184546;265302;250708
184547;317196;274811
184548;318927;321549
184549;354821;268352
184550;349911;339242
184551;283541;326417
184552;284025;295585
184553;256449;275697
184554;300603;288573
184555;373955;316816
184556;333992;274407
184557;308319;334921
184558;277536;232388
184559;360678;291360
184560;337031;276058
184561;347776;324217
184562;321402;237285
184563;266182;305834
184564;359913;268534
184565;363941;336623
184566;334003;234223
184567;342898;269385
184568;242262;262894
184569;240875;242735
184570;236628;249797
184571;332668;331681
184572;338268;249353
184573;300579;232801
184574;341853;357628
184575;386170;324474
184576;335600;228669
184577;362729;288343
184578;340403;235342
184579;362093;311496
184580;269397;339116
184581;288802;324422
184582;342330;332488
184583;320490;258917
184584;334489;293694
184585;251143;325139
184586;287918;233461
184587;261632;269769
184588;366870;242319
184589;344753;306007
184590;339873;254310
184591;382930;315573
184592;274818;292764
184593;323605;267012
184594;343524;341124
184595;346774;270413
184596;277923;220032
184597;358911;278674
184598;325417;305464
184599;384954;248549
184600;355264;335376
184601;238633;222698
184602;272330;308594
184603;361034;283108
184604;385860;280801
184605;372963;220408
184606;266248;222498
184607;282278;271866
184608;310396;320918
184609;273419;269695
184610;386555;271329
184611;329090;242139
184612;284148;213552
184613;235778;308534
184614;277404;273731
184615;327979;286492
184616;302612;311164
184617;289871;267777
184618;344266;273816
184619;372392;281152
184620;337003;270622
184621;334597;271626
184622;265931;329796
184623;236393;251434
184624;247618;320673
184625;246759;259828
184626;271252;289134
184627;308467;231333
184628;360065;283887
184629;238122;270556
184630;271084;320986
184631;343473;324314
184632;351235;300479
184633;240252;308125
184634;325010;249022
184635;357912;255401
184636;340622;249594
184637;276345;234483
184638;361898;272869
184639;366956;279691
184640;316708;309414
184641;340765;288643
184642;359984;265130
184643;254129;293527
184644;354137;265109
184645;343325;264677
184646;266734;252561
184647;356165;301019
184648;273510;238317
184649;321289;308310
184650;373541;265650
184651;239408;305261
184652;322182;298985
184653;320695;284014
184654;261217;256485
184655;326529;245091
184656;313225;280984
184657;306471;301091
184658;387186;212144
184659;281923;311891
184660;280567;323838
184661;258862;351210
184662;238900;277145
184663;235471;270362
184664;364644;268851
184665;304138;222015
184666;262146;244750
184667;347799;296227
184668;321877;275979
184669;366734;287803
184670;385174;296033
184671;236455;273092
184672;269178;254320
184673;261237;249555
184674;244077;240570
184675;384194;305929
184676;388589;316437
184677;298789;231769
184678;240008;278904
184679;372170;264018
184680;366069;300327
184681;312976;273197
184682;368934;298411
184683;371947;292582
184684;330812;306615
184685;315594;293665
184686;311680;304663
184687;318755;289715
184688;249283;305058
184689;302501;333254
184690;387987;262995
184691;375317;325871
184692;294294;270093
184693;240946;284574
184694;244641;252398
184695;328862;282472
184696;287877;253978
184697;368049;276247
184698;328690;303804
184699;307477;280665
184700;389695;264347
184701;232859;302589
184702;352802;224658
184703;381802;269773
184704;278766;266454
184705;259142;272999
184706;372424;297792
184707;353728;296121
184708;254599;248739
184709;306019;295388
184710;235783;228378
184711;300040;323094
184712;319766;337396
184713;282281;335030
184714;362762;314298
184715;386484;284673
184716;380707;216221
184717;251394;281753
184718;304893;335807
184719;242376;257036
184720;360599;259747
184721;239076;314503
184722;290792;250526
184723;381606;222347
184724;365875;304287
184725;258658;279049
184726;335793;284766
184727;242506;275487
184728;328200;297283
184729;353428;282863
184730;308267;313530
184731;321794;270501
184732;343131;253377
184733;386998;302097
184734;358233;302318
184735;351310;327899
184736;372436;298717
184737;343205;280172
184738;296680;255174
184739;313408;228833
184740;348014;325756
184741;322582;243204
184742;383629;267304
184743;339745;307832
184744;377182;274315
184745;276299;344098
184746;338315;275362
184747;268977;258285
184748;382814;244681
184749;292489;246043
184750;308544;273575
184751;290074;350694
184752;249771;340913
184753;332711;317425
184754;249699;304351
184755;313112;269801
184756;281593;267658
184757;280222;238271
184758;306206;246844
184759;327192;261087
184760;259275;243589
184761;321421;275012
184762;332235;322993
184763;268527;267241
184764;239089;258485
184765;323696;321056
184766;299858;315784
184767;343620;288471
184768;327721;266300
184769;325736;327680
184770;277384;357432
184771;313020;311958
184772;281646;214342
184773;278098;287794
184774;304830;272411
184775;292290;224466
184776;351627;270212
184777;377094;240582
184778;383205;303167
184779;258133;309790
184780;397202;331489
184781;380162;282903
184782;272416;219817
184783;273304;275116
184784;396098;286535
184785;392946;255658
184786;316003;300194
184787;261393;288639
184788;369367;213457
184789;353606;284664
184790;318552;267309
184791;293816;283514
184792;344705;315188
184793;279551;270096
184794;260584;256128
184795;245919;280939
184796;282518;257415
184797;251669;298885
184798;356212;308658
184799;253731;319330
184800;254903;273964
184801;365492;272437
184802;249602;268147
184803;263232;292561
184804;367094;282086
184805;288744;261936
184806;289923;296773
184807;373842;240592
184808;296461;306585
184809;258883;218296
184810;263944;224433
184811;244273;276606
184812;394410;222374
184813;316349;248620
184814;321520;316981
184815;360162;308682
184816;343995;283733
184817;317883;300465
184818;362019;276994
184819;261958;295626
184820;331408;331181
184821;299099;331619
184822;274188;302983
184823;358478;304850
184824;253526;294647
184825;259560;260278
184826;334698;272525
184827;361811;306727
184828;391931;255128
184829;379508;225125
184830;268568;307567
184831;329514;328883
184832;311568;311762
184833;272966;267220
184834;335960;270164
184835;251747;319914
184836;255722;296623
184837;344099;322675
184838;380525;288578
184839;269096;311295
184840;371256;260280
184841;312599;331587
184842;305930;251108
184843;393320;229410
184844;294989;284283
184845;399993;312367
184846;330018;247336
184847;370589;322872
184848;304928;319340
184849;400256;240357
184850;350239;335138
184851;249953;284950
184852;246874;238981
184853;291106;316301
184854;369860;285914
184855;297783;249635
184856;314420;329281
184857;397940;301630
184858;344224;297755
184859;268417;248368
184860;252812;287988
184861;395337;301758
184862;361274;241736
184863;335526;257261
184864;324642;286718
184865;299564;251070
184866;218635;264069
184867;327091;324029
184868;251954;236584
184869;260870;253782
184870;282864;308350
184871;336134;293269
184872;314653;275028
184873;332861;299927
184874;271814;301872
184875;377030;268306
184876;313237;319108
184877;326430;346976
184878;293465;335465
184879;354293;326148
184880;244211;256922
184881;277256;313918
184882;360197;211671
184883;307081;296796
184884;401108;255847
184885;385577;296573
184886;260530;262160
184887;265359;317023
184888;395019;268524
184889;330407;291057
184890;304172;220406
184891;335532;273186
184892;282924;276786
184893;301251;302915
184894;358612;330867
184895;246552;308016
184896;400207;273139
184897;309619;262721
184898;351403;305472
184899;322782;269325
184900;283317;334632
184901;374830;305601
184902;372618;296307
184903;404918;280330
184904;278694;333416
184905;282668;301421
184906;304592;224806
184907;233240;239805
184908;350530;348270
184909;376059;325819
184910;403290;272887
184911;271004;248581
184912;359575;289357
184913;294757;266189
184914;374705;254351
184915;310608;285781
184916;359035;272983
184917;339853;260818
184918;274405;269147
184919;311823;252067
184920;274640;282249
184921;305094;284522
184922;364294;236138
184923;373072;284791
184924;374557;317957
184925;249449;324335
184926;382122;334760
184927;326763;272612
184928;296809;214253
184929;340805;288065
184930;403881;291478
184931;307599;261380
184932;328118;229208
184933;388781;297596
184934;384073;287135
184935;361506;312635
184936;326753;247208
184937;338518;244957
184938;295934;251195
184939;335041;276188
184940;385200;305105
184941;319960;347838
184942;344867;272754
184943;292781;288312
184944;288165;255982
184945;363816;255967
184946;353266;298152
184947;380793;286177
184948;294796;228191
184949;290407;247390
184950;390769;295559
184951;285719;286149
184952;373781;319540
184953;357308;332892
184954;319026;256224
184955;394037;265931
184956;274474;258955
184957;302172;344497
184958;280410;225147
184959;365231;295044
184960;259210;303816
184961;376249;306743
184962;251818;323520
184963;277553;319132
184964;245800;310525
184965;377191;262918
184966;302597;240774
184967;242795;305780
184968;340347;337486
184969;299884;277562
184970;300681;280790
184971;319416;236604
184972;360294;231274
184973;360748;327902
184974;348308;319350
184975;380441;308117
184976;267029;315237
184977;394926;284933
184978;395070;254043
184979;295861;308359
184980;288791;224902
184981;328247;316834
184982;313054;270523
184983;308888;283341
184984;335199;227966
184985;255684;288563
184986;298288;269792
184987;300578;304783
184988;369273;273109
184989;261725;256012
184990;270070;301840
184991;285201;317729
184992;377003;295830
184993;365853;232232
184994;294988;256614
184995;341179;328054
184996;308651;269875
184997;349454;300557
184998;251978;229250
184999;289023;305851
185000;256426;295562
185001;291908;278672
185002;352341;261673
185003;381086;269004
185004;315409;326356
185005;387566;318402
185006;348491;236151
185007;332142;240648
185008;385900;303894
185009;311416;275708
185010;249579;277964
185011;390032;338895
185012;293377;271100
185013;359582;307673
185014;275786;259352
185015;272474;210843
185016;350098;276370
185017;309931;298524
185018;272366;286712
185019;293365;317859
185020;259257;293122
185021;305111;246411
185022;370392;272512
185023;389245;272643
185024;271057;306727
185025;376490;298853
185026;373248;305464
185027;316977;354648
185028;360411;300377
185029;329832;258155
185030;289281;253519
185031;274578;228517
185032;305151;280987
185033;277175;292661
185034;270621;282476
185035;364789;239817
185036;321062;310308
185037;301037;280821
185038;373895;298705
185039;249440;270511
185040;286397;261475
185041;326803;288399
185042;390746;308755
185043;245614;289806
185044;259305;295919
185045;278243;291655
185046;352399;270282
185047;376872;286863
185048;245044;239486
185049;337964;235884
185050;337534;292585
185051;329588;315273
185052;281427;214828
185053;374013;298085
185054;356903;237604
185055;382673;282714
185056;279360;282987
185057;334515;387034
185058;383669;350097
185059;266917;267876
185060;392386;252374
185061;340934;235601
185062;289560;331603
185063;296134;277196
185064;377293;297631
185065;367456;303664
185066;401985;306372
185067;308025;301455
185068;321184;279496
185069;270451;280494
185070;276075;344055
185071;354165;255215
185072;374357;315509
185073;312536;276946
185074;370016;325991
185075;309644;282801
185076;387994;234748
185077;279818;280239
185078;302077;315964
185079;403763;259666
185080;386808;323167
185081;242792;267038
185082;246660;305692
185083;364505;315577
185084;261324;306711
185085;312205;259842
185086;337205;264989
185087;385986;278213
185088;278446;346463
185089;320779;286875
185090;349771;279598
185091;366010;344539
185092;322633;277848
185093;305195;301285
185094;234948;277854
185095;403059;258342
185096;291059;289492
185097;326668;252069
185098;376086;307781
185099;286010;249312
185100;285416;220361
185101;368128;274975
185102;377929;292317
185103;381339;315286
185104;265068;334319
185105;246181;249685
185106;342772;239624
185107;327728;354414
185108;279516;256600
185109;359294;294723
185110;234586;260691
185111;403159;251608
185112;330001;257364
185113;348185;320804
185114;244696;344861
185115;313917;274012
185116;378540;302080
185117;339188;260923
185118;244654;308944
185119;301094;260976
185120;292829;291419
185121;358708;319325
185122;401268;292860
185123;286332;269812
185124;344545;312507
185125;394776;300846
185126;378872;239626
185127;357251;237432
185128;321155;340408
185129;388951;302554
185130;315314;298957
185131;377960;327088
185132;332057;317853
185133;352840;229247
185134;386210;300798
185135;365819;362892
185136;364485;242868
185137;246905;254269
185138;365822;327263
185139;331129;297916
185140;282886;287896
185141;342401;237916
185142;303431;249942
185143;288258;312579
185144;275434;224379
185145;312295;249408
185146;245318;237860
185147;258408;222056
185148;386621;251358
185149;302865;248923
185150;397963;262682
185151;378513;304490
185152;315715;234489
185153;369960;261127
185154;389517;229114
185155;374050;248922
185156;311040;309791
185157;248901;237471
185158;269556;292990
185159;364573;278695
185160;264752;297096
185161;293461;326597
185162;381945;235522
185163;327853;229625
185164;250639;255858
185165;354054;315771
185166;344005;331541
185167;280028;319985
185168;328694;270671
185169;266060;310522
185170;338485;277080
185171;385012;287144
185172;290494;339969
185173;290908;291392
185174;366662;242157
185175;395073;217460
185176;249889;335910
185177;254312;303934
185178;285945;267977
185179;295416;302657
185180;303436;297546
185181;303851;281260
185182;401903;250084
185183;274820;334196
185184;382947;238439
185185;397946;324051
185186;358281;351217
185187;327889;239180
185188;291245;227785
185189;246073;251055
185190;266403;288777
185191;343199;237501
185192;352529;302482
185193;300513;259734
185194;257823;311055
185195;280850;247391
185196;301879;301598
185197;310019;271596
185198;352688;243372
185199;388776;268758
185200;293683;303401
185201;254148;285056
185202;296089;264901
185203;367502;274546
185204;355441;245419
185205;321354;205007
185206;335427;290424
185207;358906;223259
185208;246445;293654
185209;346058;310833
185210;291895;269655
185211;381493;226319
185212;322685;280859
185213;438612;272886
185214;346435;314443
185215;423447;244177
185216;346050;319361
185217;335654;228434
185218;355700;318340
185219;392012;295868
185220;372088;290720
185221;364045;330104
185222;320300;284832
185223;401012;292973
185224;388642;310343
185225;314485;321827
185226;279482;291039
185227;410216;251849
185228;359110;212123
185229;314970;285545
185230;286659;275749
185231;274701;252821
185232;338765;298624
185233;388580;239964
185234;318264;330868
185235;388863;297920
185236;390634;297193
185237;387035;298508
185238;383609;271956
185239;288967;300955
185240;313670;309785
185241;306171;249440
185242;338025;269435
185243;314526;260535
185244;302473;261978
185245;276792;267226
185246;362926;279950
185247;382088;325429
185248;375690;327736
185249;433077;268621
185250;374640;222609
185251;447684;213017
185252;327104;268236
185253;336748;252503
185254;412251;320664
185255;302314;251954
185256;352277;322113
185257;370410;246196
185258;440110;320054
185259;313298;250502
185260;405070;326440
185261;438640;311940
185262;386558;340860
185263;355607;292320
185264;416950;316558
185265;317418;298226
185266;352473;235128
185267;365389;297256
185268;385582;205874
185269;293812;254187
185270;441383;278411
185271;388769;253070
185272;315769;294147
185273;319954;260894
185274;345062;274169
185275;380886;297329
185276;302419;256443
185277;447852;302792
185278;444548;248636
185279;328104;271653
185280;324830;295343
185281;388552;336478
185282;363409;309382
185283;451082;234540
185284;357373;320674
185285;285623;253777
185286;428958;290943
185287;277850;225040
185288;319832;256415
185289;306284;327500
185290;297221;225039
185291;377916;242716
185292;294696;273392
185293;309806;250571
185294;446750;288506
185295;394346;275091
185296;422359;275832
185297;267982;246613
185298;284822;295170
185299;286172;230979
185300;382623;274639
185301;425458;248748
185302;429956;247713
185303;311869;226952
185304;278335;275958
185305;420335;277004
185306;358048;275320
185307;288573;281242
185308;345652;318530
185309;403836;331641
185310;285086;321274
185311;393206;264810
185312;402489;263204
185313;388964;305455
185314;284754;310508
185315;340753;224305
185316;289647;258239
185317;308025;250307
185318;341270;325924
185319;300889;257732
185320;404909;257738
185321;378488;282310
185322;385806;243492
185323;303428;334749
185324;436039;259033
185325;290970;252003
185326;392690;264266
185327;352058;338046
185328;439671;287735
185329;377998;282364
185330;322632;232447
185331;425185;249550
185332;368978;245208
185333;376380;268294
185334;334328;306455
185335;386181;293292
185336;296111;241729
185337;321527;297861
185338;315435;267110
185339;352148;272194
185340;420885;293337
185341;433290;233311
185342;397061;293409
185343;389136;318977
185344;341348;229250
185345;349688;307382
185346;407707;297367
185347;343159;280129
185348;312668;223265
185349;429505;258366
185350;384502;255556
185351;287418;314577
185352;330177;226816
185353;353398;310624
185354;397054;316757
185355;295528;285172
185356;338039;272580
185357;447812;251914
185358;434943;263447
185359;331327;292160
185360;323623;309870
185361;449396;241750
185362;359597;304792
185363;329402;258542
185364;402664;266111
185365;284369;280094
185366;286717;276565
185367;359900;317555
185368;339375;284343
185369;432938;222401
185370;334643;304424
185371;422453;283527
185372;410378;266258
185373;434775;264938
185374;336342;215406
185375;280349;267806
185376;422475;297206
185377;356524;291359
185378;397753;266373
185379;324927;266128
185380;377244;267452
185381;315309;260649
185382;336927;254871
185383;444784;234577
185384;279893;316482
185385;446187;250570
185386;270599;318460
185387;374305;258666
185388;293865;244144
185389;380596;304610
185390;336211;280482
185391;314610;263803
185392;372143;246316
185393;446462;299793
185394;387467;262247
185395;327808;310668
185396;383512;306000
185397;390578;336861
185398;362102;321781
185399;430003;270637
185400;276677;345627
185401;355955;349887
185402;423931;270195
185403;410147;258300
185404;450253;326002
185405;375002;236972
185406;297937;290237
185407;342669;307810
185408;382803;263536
185409;348838;310226
185410;374790;320564
185411;345218;259821
185412;448766;257116
185413;405364;288351
185414;416950;266147
185415;391929;277446
185416;295273;310191
185417;427490;303265
185418;309580;265445
185419;327785;261552
185420;276031;326106
185421;347397;240535
185422;318756;275163
185423;384074;316132
185424;348629;251654
185425;310589;281854
185426;365552;281739
185427;337554;273225
185428;417275;305015
185429;333549;276318
185430;364171;285265
185431;304389;294132
185432;445292;318096
185433;376532;250790
185434;409306;304416
185435;309684;339414
185436;421246;264656
185437;319660;251851
185438;446435;275509
185439;334574;254058
185440;314691;304901
185441;306151;259370
185442;341563;271970
185443;329030;224508
185444;334875;312403
185445;361791;285397
185446;307237;310738
185447;269343;231698
185448;376289;235906
185449;379363;227742
185450;325866;222311
185451;400079;231777
185452;285183;318981
185453;416637;298322
185454;419789;265813
185455;420024;352030
185456;407405;328386
185457;347050;324241
185458;333274;260135
185459;440979;281115
185460;449643;298908
185461;359176;325489
185462;402301;237213
185463;297754;274844
185464;416888;296339
185465;299794;274822
185466;359179;205981
185467;295884;294560
185468;374280;246024
185469;351108;309298
185470;320549;308726
185471;352251;258175
185472;424809;249365
185473;350529;269055
185474;343497;229185
185475;340388;330651
185476;440787;320773
185477;375683;293909
185478;379340;236435
185479;285329;302991
185480;342538;210385
185481;368903;299882
185482;385651;292055
185483;382807;308638
185484;388783;304748
185485;362584;283034
185486;430119;231517
185487;439953;283103
185488;409347;257784
185489;446499;288149
185490;382796;278695
185491;299823;293021
185492;362638;274362
185493;308293;301161
185494;433576;307353
185495;394564;261898
185496;405598;294254
185497;321912;231968
185498;344642;295977
185499;386121;250273
185500;355571;318009
185501;408218;274063
185502;375588;297818
185503;388918;246322
185504;322860;313928
185505;336438;316705
185506;314453;274824
185507;441235;289737
185508;425503;278552
185509;392902;252821
185510;341589;256205
185511;267414;309049
185512;266248;248822
185513;339997;287849
185514;297516;319313
185515;341200;308171
185516;415651;241935
185517;380928;281557
185518;403643;223502
185519;361824;270165
185520;400777;242163
185521;287706;291432
185522;259325;307651
185523;351405;237783
185524;357671;338558
185525;402291;242616
185526;362341;277426
185527;297500;248186
185528;321053;267935
185529;416281;314857
185530;381387;337192
185531;332467;250643
185532;388037;261338
185533;371242;296968
185534;398750;297251
185535;307987;281555
185536;323060;298022
185537;423052;301058
185538;346139;289104
185539;321061;285870
185540;417448;257170
185541;283805;341757
185542;286734;307233
185543;407859;303810
185544;333727;278917
185545;408369;215502
185546;383665;335666
185547;335655;302659
185548;279217;376927
185549;394762;303992
185550;382968;300797
185551;379372;286381
185552;282970;250402
185553;419390;279613
185554;291892;286007
185555;425902;305003
185556;295649;255784
185557;426407;295219
185558;284268;251802
185559;364155;234738
185560;302990;219025
185561;324553;234633
185562;322074;294479
185563;422801;287384
185564;370696;275812
185565;272867;326877
185566;333057;284316
185567;297550;222827
185568;336907;229260
185569;323597;268181
185570;279521;242673
185571;427731;308389
185572;280108;316216
185573;410902;260557
185574;328512;249957
185575;331778;303949
185576;395729;225772
185577;326885;303818
185578;349318;291256
185579;424035;320543
185580;265292;281546
185581;368532;268052
185582;399920;299534
185583;291529;268660
185584;271254;300527
185585;275422;278948
185586;354191;288988
185587;335224;288805
185588;408021;309455
185589;398331;268630
185590;337856;297454
185591;422171;250888
185592;290439;315854
185593;270832;264241
185594;387686;302804
185595;301343;236504
185596;292258;243442
185597;398805;280019
185598;389565;321077
185599;254851;268662
185600;364592;337675
185601;256023;295729
185602;379472;254608
185603;357853;247575
185604;367292;272765
185605;418846;266489
185606;376212;240109
185607;305517;249351
185608;280984;263765
185609;297579;299267
185610;416267;267354
185611;355958;259353
185612;289432;310845
185613;312066;319055
185614;409149;249569
185615;319350;311900
185616;374916;284846
185617;286926;248019
185618;374174;257943
185619;326033;319749
185620;330659;289582
185621;372385;285713
185622;272101;277912
185623;307430;315717
185624;402151;293548
185625;400539;257610
185626;294991;244589
185627;334964;278153
185628;325574;225951
185629;329401;319984
185630;328180;333102
185631;261896;255507
185632;321010;314523
185633;351371;277259
185634;338899;239825
185635;380128;294109
185636;274913;314423
185637;299046;264953
185638;353298;291346
185639;291418;284532
185640;399409;312287
185641;423318;260879
185642;270966;313344
185643;422462;307096
185644;292628;264045
185645;416615;263589
185646;384680;298866
185647;317941;252588
185648;413636;289300
185649;317586;230507
185650;345869;288359
185651;414631;314690
185652;396555;271401
185653;254381;282015
185654;261968;259878
185655;303440;308124
185656;356515;288889
185657;381992;354846
185658;368187;272260
185659;368986;312010
185660;396184;318389
185661;395986;259896
185662;338912;315913
185663;280573;305502
185664;333876;309269
185665;361608;330006
185666;413356;233595
185667;298465;344388
185668;295185;302811
185669;422727;271491
185670;364603;300305
185671;278353;241392
185672;355676;249324
185673;265332;270063
185674;270119;284237
185675;414674;287186
185676;331244;248077
185677;269760;272292
185678;285125;242401
185679;292314;279907
185680;369916;282239
185681;368847;247242
185682;315761;332992
185683;350377;256409
185684;274340;286630
185685;361111;327758
185686;364109;311502
185687;347839;286153
185688;360778;305196
185689;263504;313228
185690;315453;313533
185691;276371;294905
185692;301396;289790
185693;414899;264844
185694;401423;263205
185695;358893;320621
185696;400182;239988
185697;350172;242888
185698;291086;282525
185699;393786;331304
185700;366438;260188
185701;334156;277637
185702;398721;294610
185703;257538;234114
185704;263004;299356
185705;320588;339508
185706;255853;296435
185707;265176;236322
185708;361129;232787
185709;302715;233103
185710;287626;304238
185711;342074;323344
185712;319063;248957
185713;326761;249806
185714;406445;261156
185715;320801;298523
185716;308610;298752
185717;332819;279646
185718;336255;279267
185719;281250;236262
185720;321136;285787
185721;306496;272694
185722;280160;282012
185723;338191;252329
185724;401473;285204
185725;292106;264443
185726;334385;303659
185727;399396;316517
185728;266482;201770
185729;411684;272288
185730;316299;267659
185731;364767;298729
185732;272610;306418
185733;336211;330802
185734;343808;267815
185735;360479;315563
185736;326136;234259
185737;375854;266327
185738;345976;277875
185739;418006;257002
185740;378497;296680
185741;397436;243581
185742;345128;268174
185743;383289;318351
185744;387986;285349
185745;426569;308610
185746;319949;233836
185747;279328;300071
185748;402785;335398
185749;336586;291902
185750;419345;242369
185751;329669;322943
185752;385245;306566
185753;342067;260059
185754;346388;294161
185755;337644;274761
185756;292859;280834
185757;353783;253311
185758;403386;271476
185759;415218;276010
185760;405692;250083
185761;322132;293833
185762;365829;312055
185763;265988;229037
185764;322762;308221
185765;257999;239672
185766;361577;257887
185767;294218;320633
185768;310238;334533
185769;270085;263364
185770;313147;294421
185771;417686;286603
185772;312529;257617
185773;310750;301100
185774;271342;271613
185775;271469;261728
185776;281720;269512
185777;389203;308085
185778;337681;308762
185779;360856;279595
185780;416952;262021
185781;273313;334793
185782;300455;329150
185783;358005;252896
185784;345254;228054
185785;292489;303894
185786;389643;322376
185787;293523;267344
185788;356080;227716
185789;283480;239178
185790;394764;273386
185791;413916;286188
185792;375054;255210
185793;412081;285588
185794;270332;260597
185795;274601;312831
185796;413007;283504
185797;368332;295309
185798;267011;302498
185799;420028;236933
185800;300017;336364
185801;341056;321400
185802;321321;296281
185803;401051;396334
185804;261374;274540
185805;310818;318300
185806;282782;289677
185807;262749;244293
185808;257591;257952
185809;296033;267486
185810;358014;331916
185811;280443;299955
185812;343228;294950
185813;385910;339211
185814;403329;286668
185815;338321;232480
185816;313245;327094
185817;312815;259821
185818;312007;280665
185819;361784;276020
185820;411125;222168
185821;373823;325864
185822;388267;257002
185823;310522;299255
185824;293096;318517
185825;329428;261510
185826;345896;238436
185827;317947;269324
185828;337895;263475
185829;392303;339650
185830;400192;246551
185831;338727;250470
185832;373915;306628
185833;390258;299415
185834;416251;346556
185835;417826;322829
185836;414865;300464
185837;397645;223226
185838;411179;362820
185839;352970;320101
185840;394711;273974
185841;278575;285758
185842;280809;268233
185843;409857;264176
185844;417723;247851
185845;354031;319898
185846;411759;246469
185847;357451;328525
185848;379976;334258
185849;255845;327176
185850;379257;308161
185851;264932;283004
185852;402525;261954
185853;270903;276081
185854;342386;253517
185855;378779;276624
185856;266888;289930
185857;331679;339799
185858;365408;277518
185859;329521;300547
185860;386141;252478
185861;303403;254595
185862;325829;305257
185863;276961;274261
185864;330771;228244
185865;293362;318672
185866;351027;259550
185867;314999;254072
185868;382372;236462
185869;300171;267609
185870;292552;354877
185871;435470;297777
185872;336459;295864
185873;259755;249326
185874;319944;299967
185875;418665;271934
185876;328274;251615
185877;296887;326987
185878;324635;223167
185879;352643;276468
185880;307668;305520
185881;379796;282102
185882;415693;266939
185883;405958;321062
185884;268746;258623
185885;292581;313005
185886;266627;321640
185887;255619;267218
185888;395183;270314
185889;313304;340407
185890;420938;267169
185891;426021;296767
185892;403626;324387
185893;331839;264671
185894;350098;234844
185895;409613;317235
185896;295878;295394
185897;420675;264417
185898;400922;279554
185899;327082;249985
185900;276083;326213
185901;366065;249906
185902;415708;297980
185903;357453;269238
185904;341387;334267
185905;296992;305351
185906;304453;221310
185907;403591;250685
185908;328953;220641
185909;383643;262495
185910;399540;235308
185911;270075;255179
185912;405062;293068
185913;377021;238501
185914;378227;250029
185915;259471;282059
185916;391836;247279
185917;282942;266974
185918;334345;294442
185919;334681;283008
185920;283038;230493
185921;405633;259847
185922;300318;252049
185923;363480;284725
185924;351312;248237
185925;392221;254395
185926;299324;310736
185927;341734;238586
185928;278461;260599
185929;326767;346727
185930;347111;237926
185931;295014;226914
185932;404166;275368
185933;424437;276637
185934;388118;320037
185935;268753;282013
185936;317310;302883
185937;360363;309538
185938;265092;300193
185939;372866;214443
185940;259976;316276
185941;256332;292412
185942;306484;272878
185943;379132;288012
185944;348777;293261
185945;383941;308696
185946;269339;259956
185947;401557;308833
185948;290574;292511
185949;308094;277187
185950;346389;221789
185951;338428;310054
185952;378703;350549
185953;277629;253726
185954;405511;270759
185955;313567;229080
185956;279369;267193
185957;351887;308153
185958;284090;318641
185959;564832;302966
185960;605183;244783
185961;613868;259776
185962;687918;321154
185963;590661;307866
185964;475675;294475
185965;495489;273266
185966;535142;269686
185967;626220;288472
185968;413830;273921
185969;632409;263360
185970;542334;325649
185971;552664;300095
185972;516887;269721
185973;591495;293313
185974;459276;289157
185975;444285;356854
185976;620762;230972
185977;575977;278012
185978;558781;301486
185979;564768;271132
185980;497502;251850
185981;665559;292844
185982;531892;284199
185983;413173;286612
185984;440045;227247
185985;414427;232319
185986;553680;253214
185987;454188;272430
185988;617295;289584
185989;647798;323750
185990;455307;264996
185991;405442;218588
185992;583757;265926
185993;422132;256169
185994;525267;260187
185995;502336;263364
185996;588701;298226
185997;403096;296426
185998;518419;303475
185999;437227;248952
186000;552663;318110
186001;660541;330772
186002;553853;216458
186003;628816;279896
186004;463710;371212
186005;404606;228614
186006;671152;270738
186007;412018;286787
186008;606557;257101
186009;492704;281245
186010;612514;248387
186011;511075;326601
186012;432712;268343
186013;526318;250163
186014;460770;251075
186015;581926;234230
186016;500392;239572
186017;460299;327489
186018;427876;274396
186019;560510;272846
186020;622510;301059
186021;595752;216776
186022;651048;315694
186023;438273;257755
186024;565909;283656
186025;571050;229364
186026;485376;214526
186027;609386;254782
186028;566913;245239
186029;515782;291509
186030;645743;304138
186031;601253;321111
186032;509674;248072
186033;436155;271834
186034;445518;260187
186035;588715;219341
186036;500729;294645
186037;496572;228642
186038;539479;267882
186039;408207;280186
186040;413429;259378
186041;613825;235736
186042;658394;261288
186043;506625;301595
186044;519524;265290
186045;496994;347175
186046;647583;297606
186047;680440;300219
186048;463708;333915
186049;465466;285607
186050;581509;328279
186051;496559;328761
186052;630816;294068
186053;417273;300006
186054;576993;242414
186055;434692;240643
186056;437457;263980
186057;497196;316615
186058;617489;300939
186059;480697;261333
186060;517578;216131
186061;474279;281584
186062;554531;337566
186063;637621;280386
186064;485342;238991
186065;469479;296792
186066;608600;250796
186067;612842;229533
186068;463140;295888
186069;582361;312482
186070;622218;319620
186071;500585;248951
186072;502230;267848
186073;538088;231357
186074;580243;261720
186075;558681;329955
186076;518430;259109
186077;549415;316264
186078;457090;356603
186079;548965;304960
186080;631040;244603
186081;506572;274850
186082;406961;317917
186083;474164;227592
186084;533196;312386
186085;468225;261949
186086;554550;303133
186087;585476;231117
186088;432372;260220
186089;436410;228664
186090;641743;250876
186091;504145;347967
186092;522415;319056
186093;582226;303419
186094;428668;243431
186095;504765;301217
186096;604565;296175
186097;463872;256210
186098;657407;266380
186099;606907;281858
186100;635865;236140
186101;480136;245261
186102;567316;300398
186103;452278;256025
186104;461360;270941
186105;442734;302190
186106;654083;272756
186107;417154;288595
186108;530478;268935
186109;644320;260582
186110;651027;285542
186111;452090;338215
186112;646732;294834
186113;701119;254544
186114;582740;302941
186115;480740;259076
186116;492886;301491
186117;421257;273065
186118;522743;272595
186119;417449;301897
186120;589859;332738
186121;469416;313887
186122;461630;317516
186123;420208;273878
186124;583946;225239
186125;569744;295750
186126;542055;287935
186127;540437;294617
186128;463308;271340
186129;408328;296906
186130;587634;248638
186131;552537;302080
186132;415826;277714
186133;613287;293479
186134;523927;261188
186135;431190;323970
186136;515342;275572
186137;495070;337299
186138;511583;220600
186139;468184;290995
186140;567989;352574
186141;665101;245409
186142;483477;305479
186143;573470;250533
186144;561667;333214
186145;660304;259506
186146;549155;301403
186147;451267;261137
186148;426401;283664
186149;500459;248411
186150;631845;296934
186151;441805;272688
186152;578685;297820
186153;433788;313116
186154;646944;262361
186155;574175;346189
186156;407629;270952
186157;536604;281459
186158;493395;271058
186159;435264;252363
186160;554302;258099
186161;416748;254130
186162;729919;307006
186163;629509;295563
186164;554408;250659
186165;604719;301419
186166;554797;255648
186167;604914;248368
186168;612382;324972
186169;561588;256500
186170;421798;277229
186171;571622;261908
186172;498131;290146
186173;609580;226249
186174;637246;285471
186175;489285;289663
186176;578049;313783
186177;544568;344264
186178;479479;306804
186179;517070;237623
186180;513526;309039
186181;614786;259996
186182;605921;298915
186183;539138;327346
186184;555296;269384
186185;490047;306828
186186;525755;262062
186187;569152;290216
186188;614023;224560
186189;458072;303490
186190;480239;316274
186191;462494;253255
186192;597291;289512
186193;553264;248779
186194;610223;250141
186195;419521;309412
186196;572441;336911
186197;436646;249171
186198;507819;287847
186199;532834;272328
186200;588590;307687
186201;542590;318707
186202;453457;276181
186203;641914;265754
186204;640472;339381
186205;654080;310341
186206;692127;238509
186207;518729;312366
186208;620494;333953
186209;541075;259433
186210;531544;302003
186211;582037;237929
186212;475030;256177
186213;471750;311253
186214;524411;306889
186215;530701;301412
186216;589312;267507
186217;557486;330618
186218;446406;321595
186219;427640;301179
186220;606612;254318
186221;512311;297100
186222;500760;221717
186223;474182;293235
186224;569428;258541
186225;449557;325172
186226;474694;259903
186227;638658;323417
186228;560247;303023
186229;619142;285330
186230;443350;264062
186231;581572;286609
186232;557780;301532
186233;645397;320374
186234;405897;225410
186235;484913;303777
186236;469827;312188
186237;458902;324777
186238;427540;313182
186239;456354;355305
186240;515696;336817
186241;613943;360780
186242;647738;305206
186243;660493;283471
186244;613383;267993
186245;589241;324146
186246;580821;293835
186247;567953;292731
186248;605831;343106
186249;648133;298565
186250;581618;325517
186251;435855;236246
186252;509575;237820
186253;569953;314409
186254;612482;294534
186255;435240;302718
186256;408228;314886
186257;628449;336096
186258;588769;292997
186259;462810;317016
186260;541857;267291
186261;670778;259556
186262;573209;326620
186263;429307;276171
186264;506352;263446
186265;504870;273242
186266;417292;289643
186267;625233;311469
186268;658315;324502
186269;465087;272119
186270;617308;342427
186271;408405;248482
186272;655613;306650
186273;440355;259614
186274;624386;296192
186275;660354;326823
186276;518711;303605
186277;628659;280197
186278;542705;354805
186279;455270;224098
186280;528044;254835
186281;592230;321676
186282;487796;318519
186283;639312;304896
186284;620749;290733
186285;427705;339180
186286;563709;271938
186287;452562;269709
186288;627055;275532
186289;453025;255398
186290;494536;278940
186291;428259;249379
186292;462180;270974
186293;489791;246891
186294;640412;239174
186295;405569;229143
186296;569254;249089
186297;498028;260273
186298;576805;324865
186299;620939;288061
186300;545669;288763
186301;625576;283857
186302;420048;285291
186303;580209;320205
186304;589238;327975
186305;708104;254378
186306;718562;246507
186307;649250;225597
186308;878399;321061
186309;848573;279928
186310;825830;302776
186311;887786;272268
186312;622296;283700
186313;582348;358483
186314;725123;226453
186315;767082;269058
186316;698054;338425
186317;666987;309202
186318;740582;303625
186319;935703;287079
186320;611966;321381
186321;932363;329539
186322;704809;287119
186323;671224;242819
186324;886942;339222
186325;624640;262999
186326;917418;226121
186327;787490;334227
186328;941562;260981
186329;630808;277058
186330;787429;272469
186331;597434;284299
186332;818059;266194
186333;659995;246724
186334;763164;272202
186335;927426;315293
186336;586382;296172
186337;876321;279828
186338;629067;274152
186339;834921;325421
186340;677020;290692
186341;600474;301221
186342;894417;319773
186343;688146;230545
186344;677329;291938
186345;796331;261568
186346;895413;305616
186347;666934;257529
186348;593934;316152
186349;897079;242515
186350;736028;252976
186351;831813;275916
186352;609535;334734
186353;622892;306944
186354;916223;319014
186355;909231;279593
186356;719002;337832
186357;744092;255129
186358;689706;259122
186359;592595;284945
186360;922716;267125
186361;596383;233655
186362;928923;267064
186363;937020;243916
186364;912910;288381
186365;812687;262502
186366;624256;302914
186367;760939;337907
186368;582856;306807
186369;721238;295587
186370;844906;282738
186371;698516;308784
186372;729481;269983
186373;627865;233442
186374;671829;336887
186375;649339;237083
186376;666061;237275
186377;668703;302598
186378;861878;318471
186379;960555;320583
186380;887657;312466
186381;613008;236983
186382;680220;274458
186383;858976;278404
186384;843207;232934
186385;908279;251797
186386;775517;344672
186387;695332;305361
186388;737688;290568
186389;736424;314628
186390;958989;284704
186391;794884;252258
186392;730425;222222
186393;727077;281928
186394;805774;305544
186395;653125;341038
186396;749938;224253
186397;582466;237228
186398;614120;279067
186399;754169;258749
186400;728690;237736
186401;839429;244270
186402;695837;226565
186403;663409;258147
186404;767706;273081
186405;734182;290539
186406;930453;292914
186407;796166;346246
186408;637577;237715
186409;608593;309271
186410;863073;331477
186411;597804;217731
186412;838720;253012
186413;791832;276675
186414;960172;335507
186415;585948;276258
186416;782442;317166
186417;718263;261812
186418;685365;294134
186419;762111;317090
186420;713248;282045
186421;699456;259069
186422;850583;294705
186423;681590;311281
186424;722435;289416
186425;696116;299775
186426;642547;304508
186427;649710;327675
186428;749320;265793
186429;653933;303846
186430;827201;223188
186431;691584;248996
186432;922008;271604
186433;729286;277383
186434;863209;294104
186435;618008;275589
186436;933447;292486
186437;930645;254304
186438;585777;254142
186439;916684;290606
186440;823311;320078
186441;807256;328123
186442;640016;292946
186443;608435;327599
186444;932115;317322
186445;607176;261328
186446;909259;249873
186447;684976;352289
186448;958484;276219
186449;717200;284529
186450;638095;223134
186451;640052;294675
186452;584588;269982
186453;812396;235948
186454;615869;284179
186455;770369;313183
186456;732045;275874
186457;699061;289916
186458;851659;291625
186459;902355;276310
186460;617992;258228
186461;648213;288269
186462;939567;246879
186463;823619;243517
186464;888388;271585
186465;969101;301092
186466;840452;309083
186467;949252;321710
186468;743155;271445
186469;921844;308044
186470;886800;323277
186471;772465;291419
186472;714802;325756
186473;584937;233439
186474;753863;336633
186475;883836;281699
186476;642300;258408
186477;730489;311896
186478;731504;248971
186479;707378;327065
186480;917871;282159
186481;816502;258578
186482;941542;327140
186483;736287;296307
186484;883113;264543
186485;780448;253114
186486;912435;276223
186487;664710;293735
186488;698549;289428
186489;782563;253900
186490;883827;302677
186491;788066;279782
186492;908240;296368
186493;856183;307819
186494;835346;300157
186495;751194;329284
186496;873546;278912
186497;622164;301402
186498;948849;329500
186499;739374;300131
186500;584248;291821
186501;766744;278731
186502;687287;277039
186503;778312;274164
186504;959440;265438
186505;960827;308662
186506;823505;227767
186507;756839;207633
186508;833566;241396
186509;612302;266767
186510;658949;305732
186511;832463;317908
186512;666970;250904
186513;705197;271491
186514;962432;239250
186515;594965;324729
186516;822523;310206
186517;741870;331963
186518;804817;250005
186519;606138;306389
186520;880761;225415
186521;888816;317868
186522;803492;303172
186523;941024;283523
186524;668322;301468
186525;865850;337280
186526;803340;240856
186527;844512;311452
186528;607680;336426
186529;704650;240679
186530;867686;229595
186531;581996;275599
186532;777270;247646
186533;942034;282799
186534;788669;253983
186535;798690;214945
186536;897634;271238
186537;609097;255526
186538;684521;297234
186539;893068;257972
186540;937868;274918
186541;866315;266466
186542;615464;292969
186543;855114;326745
186544;837192;310506
186545;809053;211429
186546;819944;292745
186547;911260;272724
186548;662990;252455
186549;708255;338090
186550;809491;319746
186551;861346;227167
186552;833968;291403
186553;707034;286225
186554;746534;313782
186555;701707;227539
186556;675131;311807
186557;788541;240696
186558;891125;217875
186559;587528;272468
186560;691109;309587
186561;903577;295305
186562;735558;295535
186563;841193;275777
186564;900108;300847
186565;759323;242103
186566;622347;288002
186567;949871;212288
186568;814759;235701
186569;762565;326790
186570;846514;314445
186571;671004;298067
186572;629513;240272
186573;840092;273425
186574;601077;222624
186575;597675;264645
186576;699414;283788
186577;830370;311236
186578;900620;258679
186579;740023;257956
186580;879090;290208
186581;625792;327077
186582;621041;297911
186583;904683;262591
186584;743404;319784
186585;931444;305126
186586;856894;311273
186587;763187;283408
186588;713073;312757
186589;667705;281134
186590;584103;209209
186591;859333;297055
186592;887270;221885
186593;937613;300383
186594;781710;311874
186595;582890;241896
186596;584661;235169
186597;851000;266276
186598;895883;257491
186599;697649;318974
186600;904685;349331
186601;937915;322013
186602;588532;252202
186603;640882;249487
186604;595578;240955
186605;863830;223527
186606;873300;313051
186607;938277;244145
186608;579506;270217
186609;649615;329744
186610;834358;236983
186611;797561;253548
186612;815370;284226
186613;928231;330282
186614;953721;244554
186615;730223;247948
186616;933080;221131
186617;759387;297991
186618;784130;267871
186619;904010;298407
186620;643189;247555
186621;788418;240571
186622;593726;312626
186623;931051;333218
186624;920986;280761
186625;745735;251705
186626;726672;221180
186627;612699;337552
186628;700799;315867
186629;857217;361161
186630;719146;320900
186631;628468;280492
186632;707330;240258
186633;917308;275048
186634;585988;250290
186635;955618;292355
186636;717947;342553
186637;888116;275267
186638;908219;336202
186639;943876;257280
186640;873394;267110
186641;888483;265014
186642;942291;294186
186643;640587;323755
186644;826916;304205
186645;968796;293752
186646;602479;237288
186647;802741;243928
186648;924683;280939
186649;815348;270448
186650;814631;298435
186651;595220;266551
186652;944135;312087
186653;834870;250334
186654;818631;261998
186655;771934;242040
186656;610543;360249
186657;676430;251003
186658;788849;245253
186659;774749;263344
186660;879045;293378
186661;817538;247827
186662;642013;285790
186663;798765;243831
186664;879457;249637
186665;710397;333731
186666;919563;270284
186667;816630;309686
186668;907080;340293
186669;594634;309341
186670;838718;286241
186671;645396;250486
186672;759155;262609
186673;588117;305730
186674;641473;332480
186675;860061;230810
186676;591412;270261
186677;632363;237719
186678;743998;274777
186679;879583;241658
186680;734194;229386
186681;902630;258079
186682;910167;291897
186683;591141;286543
186684;827310;242332
186685;700533;320447
186686;747291;266251
186687;945598;303451
186688;783552;284097
186689;707911;297400
186690;650595;305678
186691;734800;307661
186692;582516;335146
186693;721127;246297
186694;784486;317081
186695;666098;264482
186696;823682;281927
186697;618939;299460
186698;718443;321900
186699;665278;330145
186700;805451;291888
186701;579824;293525
186702;792161;273049
186703;627917;321780
186704;821037;327867
186705;668448;324587
186706;722720;361741
186707;831586;253093
186708;708150;236732
186709;754803;329664
186710;512792;285038
186711;760068;335077
186712;651411;340800
186713;669143;256988
186714;605982;294259
186715;807207;257148
186716;565467;269565
186717;591766;326910
186718;775377;294500
186719;768786;261655
186720;716221;230331
186721;539397;285221
186722;796587;255137
186723;547650;286394
186724;584857;285698
186725;801964;232148
186726;629823;308118
186727;514894;294251
186728;790889;268220
186729;685336;288638
186730;808707;353805
186731;553264;315502
186732;743746;280739
186733;597105;245068
186734;530300;323655
186735;618310;279992
186736;626711;324124
186737;613052;276334
186738;641674;287017
186739;762445;235201
186740;714914;261316
186741;598624;285577
186742;775344;246734
186743;795320;252907
186744;752797;329084
186745;586011;263085
186746;673517;218702
186747;538412;307115
186748;645923;251617
186749;756501;298176
186750;742898;224004
186751;627859;309991
186752;781390;290954
186753;691564;294149
186754;706469;260614
186755;829846;243649
186756;707818;307368
186757;575757;326768
186758;743439;258327
186759;685724;259726
186760;580244;238166
186761;524298;234136
186762;837090;276585
186763;612554;263898
186764;662103;258454
186765;781702;234921
186766;620331;320159
186767;775323;260605
186768;792529;301174
186769;683447;318002
186770;767333;242825
186771;757093;265894
186772;529072;359095
186773;707050;308026
186774;519073;293427
186775;561573;231015
186776;767894;223456
186777;708585;320902
186778;814024;333863
186779;653029;260928
186780;574484;324456
186781;627697;313911
186782;788571;297010
186783;612037;307978
186784;645877;304965
186785;703879;296875
186786;583999;291476
186787;596769;234330
186788;781977;279144
186789;551812;329049
186790;612483;253655
186791;664578;236822
186792;691852;318509
186793;534368;283638
186794;686567;253202
186795;513243;273888
186796;561614;253007
186797;550339;280079
186798;576323;262157
186799;507223;351903
186800;712735;275468
186801;618704;257911
186802;588398;297931
186803;681263;318465
186804;507943;286822
186805;712401;303431
186806;642110;354646
186807;758271;245789
186808;557626;258958
186809;718334;297915
186810;670815;218689
186811;732432;218864
186812;785720;295409
186813;526190;224020
186814;662572;298060
186815;738857;295527
186816;549123;265710
186817;660647;319704
186818;738074;223739
186819;590104;251994
186820;561705;230582
186821;655954;326905
186822;823966;284776
186823;634923;312608
186824;514062;242579
186825;618622;274749
186826;761220;277579
186827;517688;360080
186828;690076;293084
186829;505675;305970
186830;579651;260711
186831;745745;306259
186832;501894;276413
186833;654584;298360
186834;770534;280066
186835;670507;281477
186836;579591;253026
186837;756815;289425
186838;692692;237288
186839;778198;308763
186840;791640;218643
186841;680089;275205
186842;765147;290813
186843;640891;288725
186844;748541;274702
186845;510214;326887
186846;509859;239050
186847;568222;291615
186848;711971;292501
186849;695107;260534
186850;821347;247509
186851;557123;279562
186852;552173;272434
186853;620431;312366
186854;568350;282734
186855;691866;315153
186856;761825;270007
186857;517734;306627
186858;513759;286748
186859;822670;252947
186860;714024;356769
186861;604400;320965
186862;540581;286674
186863;823874;294273
186864;769166;257860
186865;545038;272491
186866;671961;314082
186867;793851;256409
186868;581961;291383
186869;729174;272386
186870;799164;214700
186871;614685;231439
186872;571118;293445
186873;558167;281814
186874;618851;273933
186875;714603;272793
186876;514023;290561
186877;664887;233193
186878;636404;304461
186879;791515;300240
186880;585415;279107
186881;687069;280024
186882;660325;283059
186883;591368;225515
186884;716820;301949
186885;715267;223841
186886;725964;292838
186887;823466;268446
186888;595261;272917
186889;769352;256143
186890;696456;306501
186891;820899;269843
186892;821091;289378
186893;703419;311783
186894;809606;303057
186895;630209;310493
186896;584366;266164
186897;507201;252239
186898;850500;332770
186899;774388;302625
186900;801691;322852
186901;601776;301120
186902;675265;255317
186903;590628;303687
186904;543207;282017
186905;557806;345835
186906;513690;208603
186907;834291;242921
186908;697238;260739
186909;577172;313814
186910;769848;217840
186911;590469;302657
186912;821047;296095
186913;595310;215972
186914;596242;316115
186915;705702;243955
186916;708165;320563
186917;566347;271020
186918;768950;338915
186919;521400;326291
186920;790194;262000
186921;558031;307420
186922;535166;280164
186923;734193;311484
186924;781401;299821
186925;594561;284619
186926;711786;293881
186927;824115;306101
186928;692623;307836
186929;539221;345596
186930;828803;275233
186931;668511;229914
186932;505313;249886
186933;596543;322319
186934;759739;281138
186935;752914;280380
186936;827228;255304
186937;524221;289483
186938;610611;246790
186939;780289;299011
186940;800175;243669
186941;689104;283771
186942;594073;272109
186943;630672;326386
186944;582649;254762
186945;522410;246492
186946;570692;311170
186947;730454;261812
186948;520106;241969
186949;822773;239558
186950;545730;252735
186951;520788;284459
186952;534118;291673
186953;665407;289369
186954;534767;289354
186955;661172;250815
186956;581609;289724
186957;742090;218149
186958;517216;245876
186959;606430;294912
186960;618594;258449
186961;581032;286376
186962;689615;275366
186963;592664;282551
186964;598182;332674
186965;609220;248379
186966;628779;304888
186967;697725;249857
186968;563904;267671
186969;803099;322144
186970;697121;261286
186971;598759;306805
186972;685582;232509
186973;551052;219072
186974;619612;284672
186975;736306;328406
186976;536169;286245
186977;547581;234941
186978;628416;271232
186979;565527;249067
186980;685016;276496
186981;584336;248130
186982;577828;332021
186983;723741;241163
186984;597244;328064
186985;590993;291344
186986;512983;251684
186987;771625;305675
186988;627791;315039
186989;533786;252676
186990;598981;311308
186991;510972;323577
186992;673035;324555
186993;564511;311390
186994;814646;268759
186995;681065;316382
186996;540409;263425
186997;652163;291525
186998;528506;271646
186999;611360;258476
187000;708233;225687
187001;791108;306538
187002;743199;300236
187003;677323;271102
187004;646916;306609
187005;825742;279275
187006;593042;277915
187007;566636;318363
187008;522755;256758
187009;548059;273978
187010;511780;273268
187011;564579;315507
187012;800304;322887
187013;559026;285920
187014;524666;276539
187015;636210;283574
187016;795042;335668
187017;649049;277687
187018;779400;264755
187019;686686;318329
187020;641680;312232
187021;744850;246849
187022;514909;259148
187023;771513;334177
187024;628504;293249
187025;800034;319005
187026;762981;289649
187027;622115;249628
187028;629890;271700
187029;836779;283817
187030;650459;326462
187031;694260;282173
187032;622313;225826
187033;500706;309679
187034;727273;257704
187035;641884;222991
187036;740556;238843
187037;840278;260681
187038;314961;284322
187039;381709;258373
187040;396987;262009
187041;365879;253685
187042;433131;287838
187043;312852;303151
187044;349993;322595
187045;417888;281987
187046;418994;276294
187047;328332;331571
187048;489242;219533
187049;417486;274992
187050;311815;285606
187051;310457;247015
187052;391411;239898
187053;484996;346570
187054;312606;284949
187055;460588;302381
187056;427297;246159
187057;343874;264642
187058;344411;260753
187059;460030;334982
187060;478005;261129
187061;499667;237392
187062;300194;282982
187063;328573;218527
187064;484877;324533
187065;447638;309757
187066;374251;258149
187067;458856;242866
187068;468838;301153
187069;378158;312285
187070;410828;224021
187071;405038;340590
187072;484331;327129
187073;464453;270995
187074;368816;276618
187075;310380;335579
187076;418432;230028
187077;366897;311604
187078;307845;312531
187079;376676;235312
187080;454959;240003
187081;388805;291290
187082;444550;264265
187083;329114;345854
187084;445636;255284
187085;465189;273886
187086;340245;324603
187087;330441;273069
187088;302156;309476
187089;331080;267142
187090;469585;282521
187091;365895;322647
187092;321327;277783
187093;400978;305140
187094;463352;251445
187095;479416;306426
187096;447253;306656
187097;497807;314539
187098;454528;315004
187099;444533;289382
187100;511248;282651
187101;311281;258470
187102;403356;250593
187103;331240;272441
187104;503454;296832
187105;365294;274770
187106;462943;283264
187107;357872;281344
187108;319229;229769
187109;371278;281411
187110;448074;276486
187111;353924;231702
187112;481783;245735
187113;302077;253013
187114;451284;312794
187115;382313;291599
187116;391184;283253
187117;377381;274530
187118;448273;229917
187119;319488;280083
187120;367107;259984
187121;442242;275639
187122;388069;229843
187123;427847;317894
187124;316777;260081
187125;385707;275419
187126;494170;335447
187127;366461;236825
187128;426436;226349
187129;386523;236030
187130;328606;272031
187131;424562;231100
187132;455378;225332
187133;444423;322705
187134;330584;278683
187135;465086;250951
187136;444055;273311
187137;509165;259299
187138;482591;273074
187139;317551;306979
187140;311621;243106
187141;439567;329333
187142;348425;295958
187143;344914;308509
187144;487602;290941
187145;445692;246012
187146;464372;343519
187147;392396;357161
187148;370905;304212
187149;349747;279412
187150;365070;295853
187151;413339;278968
187152;399230;359732
187153;378735;316327
187154;453464;275724
187155;327093;292240
187156;320534;258517
187157;376954;340129
187158;354848;237810
187159;493311;268488
187160;383072;280541
187161;305283;310229
187162;421450;325957
187163;313275;302129
187164;341217;291593
187165;416990;229393
187166;341672;236727
187167;345282;258231
187168;358960;301810
187169;402332;263271
187170;318246;277548
187171;464696;300368
187172;345856;270980
187173;372503;249461
187174;403760;299463
187175;478462;325793
187176;406543;267670
187177;399436;245330
187178;454679;291231
187179;348470;275563
187180;409571;254774
187181;451927;294452
187182;422904;297147
187183;398496;294449
187184;382975;298354
187185;338239;306715
187186;427382;295020
187187;493210;260307
187188;468282;335225
187189;391022;278965
187190;409924;291350
187191;383045;269684
187192;399261;265742
187193;404163;350590
187194;493859;307862
187195;413853;230880
187196;330502;238180
187197;431294;322007
187198;307359;348090
187199;389849;308584
187200;421880;266087
187201;470029;296022
187202;323718;228350
187203;422381;274577
187204;465086;313922
187205;485425;288900
187206;352501;261493
187207;312703;289249
187208;500139;307282
187209;445662;290563
187210;420568;289688
187211;479766;261693
187212;336208;318280
187213;352606;293968
187214;401766;296326
187215;332336;209613
187216;494030;312594
187217;399482;304638
187218;413293;256972
187219;444177;248562
187220;374691;318814
187221;374400;255234
187222;454773;282849
187223;406729;300934
187224;411492;229031
187225;469062;229101
187226;303303;261060
187227;343773;245635
187228;449867;279526
187229;452582;216041
187230;311612;238299
187231;314410;307370
187232;332852;218909
187233;481406;329414
187234;386554;312533
187235;443518;244462
187236;350861;241818
187237;424476;235146
187238;486353;244799
187239;407293;309867
187240;505562;260889
187241;414129;297142
187242;407191;274127
187243;397167;217525
187244;426333;310767
187245;374791;249006
187246;446515;245087
187247;377202;285086
187248;336389;300526
187249;329459;307485
187250;303612;236076
187251;333527;260208
187252;367122;244527
187253;376157;281612
187254;315244;260159
187255;308284;332263
187256;344260;241858
187257;330919;284523
187258;321411;314412
187259;467228;302133
187260;436887;323002
187261;431282;288453
187262;429145;285126
187263;313684;286452
187264;355907;250721
187265;388281;312204
187266;484733;324673
187267;336877;298238
187268;471965;317140
187269;480491;306929
187270;384068;256599
187271;491043;287498
187272;462860;268369
187273;377195;278200
187274;377257;313655
187275;331649;247109
187276;361618;261385
187277;484182;248822
187278;386727;296783
187279;402266;201784
187280;489680;309268
187281;517920;263528
187282;460752;227061
187283;437358;277826
187284;305997;334515
187285;398711;252096
187286;322941;260823
187287;478332;245433
187288;309745;306060
187289;358956;255276
187290;414082;254358
187291;401176;291009
187292;473650;304655
187293;454310;271456
187294;477785;221550
187295;394023;315479
187296;307122;284305
187297;387632;300618
187298;495033;267577
187299;383072;308405
187300;314124;265441
187301;333515;245424
187302;366037;271774
187303;306453;301953
187304;362769;291694
187305;383664;226581
187306;337656;264175
187307;510791;321062
187308;432014;312929
187309;324940;278877
187310;315274;335992
187311;495984;366499
187312;312440;276703
187313;322327;267226
187314;422455;251630
187315;449138;280705
187316;339851;282016
187317;342429;320477
187318;423511;216314
187319;436028;308991
187320;428479;267274
187321;494333;277623
187322;458710;250565
187323;310613;316878
187324;326473;285359
187325;330981;287415
187326;422825;211043
187327;340731;312182
187328;342550;228661
187329;414440;283298
187330;468370;313858
187331;463178;282412
187332;405302;302893
187333;330147;307786
187334;443139;266170
187335;301205;247555
187336;305331;219700
187337;373030;275781
187338;403244;321571
187339;489153;281791
187340;490366;264072
187341;399376;260671
187342;332265;244149
187343;484120;307496
187344;352158;301847
187345;459740;302845
187346;468609;223787
187347;427903;336784
187348;443132;293770
187349;486434;245607
187350;444703;279039
187351;349203;288503
187352;341137;304321
187353;455844;261966
187354;412483;223900
187355;410978;225282
187356;353853;235936
187357;377405;289496
187358;489735;302193
187359;329978;264439
187360;350807;242613
187361;452855;280419
187362;498830;349204
187363;392291;282901
187364;306571;258563
187365;468423;245511
187366;315864;258588
187367;490377;270389
187368;457728;267803
187369;409706;286490
187370;430047;258009
187371;506360;279353
187372;474745;364056
187373;434438;212760
187374;373726;349729
187375;414328;257093
187376;408162;345177
187377;352441;249430
187378;437373;279450
187379;455174;249718
187380;362945;274909
187381;346978;282118
187382;486682;278623
187383;501857;269616
187384;311245;235463
187385;484729;231619
187386;438711;242271
187387;389204;246583
187388;368696;278966
187389;312305;232660
187390;452611;352761
187391;494800;319708
187392;407824;288385
187393;452726;283241
187394;350537;256392
187395;395784;210845
187396;431471;293852
187397;328635;317216
187398;466448;267038
187399;461986;284417
187400;468569;254433
187401;361836;299964
187402;315111;321886
187403;418907;305878
187404;386072;257946
187405;412429;279021
187406;478091;337401
187407;403293;362734
187408;310096;276638
187409;492865;248293
187410;394702;306682
187411;432078;277869
187412;381621;334051
187413;402811;263212
187414;497046;285717
187415;431587;238295
187416;429109;246123
187417;318133;235434
187418;430451;307407
187419;445014;331811
187420;488991;265464
187421;490434;244874
187422;377412;313587
187423;510284;208491
187424;533937;256939
187425;463557;289128
187426;524632;322880
187427;390722;246776
187428;477038;289419
187429;523029;318045
187430;599081;259360
187431;507897;307254
187432;591686;308594
187433;535190;221265
187434;413713;255080
187435;615144;290838
187436;526040;266724
187437;432781;312479
187438;407272;305096
187439;446313;257642
187440;522483;308613
187441;476936;274509
187442;466704;304420
187443;389623;278307
187444;535146;300704
187445;522585;298379
187446;558496;264411
187447;546718;280602
187448;593881;312184
187449;627290;248573
187450;608914;317672
187451;641019;294336
187452;480631;313071
187453;464262;254729
187454;513979;318173
187455;543673;236304
187456;572463;252405
187457;385126;253357
187458;448522;309575
187459;602800;284576
187460;580072;262392
187461;419459;333708
187462;571068;284481
187463;459608;320475
187464;628867;274886
187465;454299;298947
187466;568877;281709
187467;412325;260608
187468;530074;266068
187469;489880;231270
187470;518855;251757
187471;469543;284363
187472;612383;273048
187473;471626;332826
187474;503977;231140
187475;459623;276762
187476;580686;238418
187477;515277;298840
187478;491083;323656
187479;383881;312479
187480;619818;220070
187481;433109;304290
187482;433244;265995
187483;575875;256508
187484;635704;279916
187485;601375;267506
187486;475004;261655
187487;417749;285656
187488;568098;249719
187489;397344;281903
187490;585942;308727
187491;622972;314067
187492;602579;257240
187493;450218;234527
187494;605526;269316
187495;621628;227528
187496;563795;274654
187497;546360;284395
187498;632917;229853
187499;482399;281021
187500;612944;267879
187501;557702;271489
187502;540138;216289
187503;506310;275886
187504;597656;302805
187505;587666;261154
187506;462314;307918
187507;498292;309124
187508;602128;284394
187509;502547;280132
187510;539025;285602
187511;469516;331360
187512;554198;320457
187513;539071;336619
187514;611700;297746
187515;395265;260022
187516;413430;253280
187517;550991;248040
187518;437666;267942
187519;413877;337802
187520;525441;308033
187521;499080;295935
187522;467137;289226
187523;636700;278521
187524;578222;264824
187525;597775;300565
187526;434762;309719
187527;419088;337855
187528;574915;333679
187529;620090;277102
187530;554301;267211
187531;401538;259725
187532;495992;270050
187533;608244;287934
187534;427005;316662
187535;510127;288031
187536;540561;278896
187537;506349;240602
187538;545670;258928
187539;410144;311613
187540;510897;272523
187541;448659;277342
187542;605010;333544
187543;591178;319673
187544;497409;281096
187545;562375;292322
187546;584047;254061
187547;561718;318800
187548;392267;296727
187549;435253;250688
187550;392089;321656
187551;416077;273427
187552;571026;315492
187553;570410;279061
187554;393098;343757
187555;446751;207626
187556;581198;278111
187557;524410;296722
187558;629704;267572
187559;518825;280342
187560;511662;285210
187561;557918;306800
187562;493151;273721
187563;508477;288708
187564;609865;244112
187565;605501;259635
187566;417877;305375
187567;521693;299804
187568;471812;280573
187569;563236;247461
187570;514540;243534
187571;503653;259939
187572;533213;286281
187573;428501;319521
187574;607213;278659
187575;441672;264873
187576;575223;253224
187577;532958;322721
187578;530563;273225
187579;432433;299496
187580;392754;265233
187581;432833;222443
187582;441243;258788
187583;600381;259454
187584;564473;263047
187585;589151;324608
187586;520589;250297
187587;470577;253326
187588;593365;289403
187589;479121;257151
187590;600676;286746
187591;619417;268959
187592;571865;247935
187593;524495;233867
187594;627558;273868
187595;443104;260093
187596;555828;324750
187597;606128;297150
187598;414407;268330
187599;383177;282578
187600;358694;311868
187601;412228;253210
187602;498176;263918
187603;514127;304377
187604;415994;336687
187605;542594;315650
187606;492982;227782
187607;404293;289737
187608;453033;296847
187609;448301;273544
187610;444966;299171
187611;441414;259018
187612;535914;294373
187613;632999;236184
187614;542297;310113
187615;606241;252205
187616;495744;254024
187617;484828;315960
187618;433463;298677
187619;435897;231486
187620;395228;296330
187621;576963;323646
187622;557453;311569
187623;591565;313762
187624;548118;297087
187625;403930;275930
187626;613350;289148
187627;581589;313624
187628;633649;306874
187629;559343;262295
187630;493313;327330
187631;536879;254502
187632;398973;326321
187633;476860;282167
187634;536733;304308
187635;410826;338495
187636;415403;271949
187637;608240;347947
187638;481030;242631
187639;478133;236774
187640;436477;248157
187641;600431;295820
187642;467724;278723
187643;560498;256344
187644;578307;278300
187645;402107;319425
187646;586561;288088
187647;506640;206848
187648;460287;266400
187649;455837;271943
187650;595908;302116
187651;475609;235365
187652;544855;280371
187653;440410;318080
187654;422658;268650
187655;472519;307375
187656;524239;269000
187657;554934;264082
187658;535244;290270
187659;623286;247188
187660;547481;230173
187661;583872;265590
187662;573977;291611
187663;481185;225620
187664;620073;232604
187665;556771;289532
187666;483910;289388
187667;470543;218534
187668;622660;305775
187669;524882;232777
187670;627279;303654
187671;516399;253525
187672;599451;278416
187673;478769;252666
187674;400637;256333
187675;407051;317523
187676;415518;304653
187677;573073;289667
187678;582657;257609
187679;535878;278120
187680;466111;350118
187681;466335;268835
187682;453791;326908
187683;588308;238018
187684;642817;295048
187685;583926;273137
187686;438514;217480
187687;605666;305304
187688;451270;311066
187689;407739;308669
187690;486453;216245
187691;410839;240689
187692;451541;245568
187693;520035;287501
187694;466963;291471
187695;433281;276751
187696;547537;289525
187697;570829;271505
187698;509087;269145
187699;457013;243410
187700;459710;271121
187701;591885;263449
187702;582278;215793
187703;474662;254138
187704;480480;298515
187705;420054;304115
187706;454481;282405
187707;624951;272239
187708;613965;347193
187709;637642;322925
187710;472304;266876
187711;481281;322729
187712;463535;261492
187713;603093;264367
187714;473230;304232
187715;508644;250198
187716;536092;253427
187717;512699;260816
187718;631235;309059
187719;476689;284019
187720;529790;217354
187721;466659;308285
187722;427582;273841
187723;405298;236028
187724;383184;251677
187725;396402;298707
187726;547803;251083
187727;418567;294355
187728;461208;275689
187729;525286;273565
187730;455531;266773
187731;594474;323716
187732;530327;272758
187733;514625;303591
187734;390979;305543
187735;562419;259818
187736;415395;301798
187737;616748;288516
187738;563732;328839
187739;524772;307821
187740;419364;296683
187741;567370;302090
187742;617191;251253
187743;606966;296620
187744;564843;284664
187745;397210;278032
187746;617475;307983
187747;605315;232346
187748;491372;316671
187749;594795;232013
187750;452650;330226
187751;604911;272985
187752;522166;246673
187753;640331;253840
187754;491839;254314
187755;605254;322454
187756;428567;339102
187757;448013;291146
187758;426164;326666
187759;457777;262469
187760;629798;261411
187761;525776;235546
187762;572024;334389
187763;566458;296453
187764;398800;243366
187765;626296;246038
187766;533432;235224
187767;539047;296532
187768;391203;300350
187769;376958;315310
187770;471321;257568
187771;544466;235504
187772;600718;321488
187773;480220;280291
187774;559309;327189
187775;413617;303618
187776;511053;267724
187777;501360;287328
187778;444253;322938
187779;385048;230162
187780;627711;275673
187781;509476;265246
187782;640982;231163
187783;483134;220921
187784;408419;305569
187785;489862;235234
187786;549324;223414
187787;501900;244809
187788;612733;229818
187789;493511;298635
187790;624623;228391
187791;602339;296113
187792;555547;281714
187793;405953;250855
187794;430963;210554
187795;626794;251431
187796;430344;251364
187797;468119;337451
187798;552520;257877
187799;489746;310913
187800;628289;278040
187801;466545;302396
187802;506224;253987
187803;490210;241700
187804;624441;285111
187805;501736;270807
187806;542681;347946
187807;591808;251525
187808;569340;271210
187809;613812;302311
187810;505346;281694
187811;592814;290847
187812;612403;301955
187813;637878;264052
187814;544778;299332
187815;476249;269334
187816;453314;315688
187817;545002;257172
187818;380561;312270
187819;604289;320773
187820;604792;283511
187821;619144;313693
187822;620490;356658
187823;541337;339735
187824;388262;282364
187825;562512;286759
187826;627167;312637
187827;539931;303048
187828;589189;313865
187829;616189;281688
187830;605161;297513
187831;577558;301018
187832;466762;233072
187833;544079;234585
187834;454329;282068
187835;534438;298127
187836;612172;279492
187837;512779;352462
187838;421067;289948
187839;453779;313239
187840;339742;321444
187841;450006;289992
187842;368572;288397
187843;485948;299428
187844;508312;260363
187845;356648;292654
187846;485117;263186
187847;442149;302359
187848;492672;241590
187849;453779;308443
187850;498496;318564
187851;483051;320998
187852;388374;300080
187853;502754;257042
187854;482515;306172
187855;476096;319106
187856;421012;200518
187857;491702;231476
187858;321499;289027
187859;372632;240080
187860;467112;291443
187861;375319;320844
187862;342270;286831
187863;356867;265215
187864;390771;273780
187865;396647;277837
187866;383972;254424
187867;424468;286128
187868;316972;290509
187869;438792;289623
187870;311816;324999
187871;421769;241070
187872;395408;338668
187873;330151;257776
187874;407182;342028
187875;484487;306433
187876;427536;299975
187877;332025;312465
187878;472866;250311
187879;335422;290012
187880;358826;252836
187881;370923;253132
187882;360413;269958
187883;321244;205082
187884;378964;225835
187885;508179;277161
187886;408490;342588
187887;374254;227975
187888;396648;270685
187889;442751;300155
187890;473547;306031
187891;442783;307074
187892;354551;262196
187893;509895;225072
187894;333885;235929
187895;433458;325140
187896;330209;339707
187897;328355;321610
187898;506886;238078
187899;317536;286849
187900;432958;306704
187901;498163;271129
187902;415170;325648
187903;385911;267662
187904;334170;328265
187905;334117;297392
187906;399271;311147
187907;340518;252222
187908;490957;340397
187909;373648;261646
187910;438766;268560
187911;337160;319149
187912;366821;250252
187913;514833;243265
187914;353038;277455
187915;342811;301786
187916;495641;365479
187917;473931;257528
187918;501099;231411
187919;313356;268243
187920;328679;269915
187921;446136;279958
187922;460926;278284
187923;434616;282349
187924;500458;271089
187925;417197;310191
187926;337297;277591
187927;454425;291182
187928;458581;300744
187929;418662;245082
187930;335168;277198
187931;495034;323714
187932;377551;249522
187933;468070;266598
187934;384195;297494
187935;445923;292397
187936;475896;236893
187937;381592;271859
187938;496679;271249
187939;310194;294985
187940;311530;297721
187941;390653;291692
187942;484050;265785
187943;518908;243866
187944;488576;291192
187945;370082;263195
187946;389758;312153
187947;500267;243002
187948;319433;318721
187949;394105;270358
187950;425512;333159
187951;483552;291216
187952;486124;215708
187953;357117;320822
187954;414463;348425
187955;349312;294873
187956;366194;281763
187957;422685;303188
187958;431669;336005
187959;381836;302960
187960;476682;241390
187961;427523;291113
187962;326572;318983
187963;508257;249684
187964;472182;310042
187965;508739;314507
187966;484560;252422
187967;424886;269160
187968;367106;284550
187969;382184;280711
187970;404835;304297
187971;469324;313963
187972;334120;290776
187973;521944;210699
187974;451840;313808
187975;358754;253980
187976;458310;302341
187977;379586;288859
187978;324143;246764
187979;495297;267728
187980;394983;295101
187981;478781;307620
187982;472289;223876
187983;363674;302795
187984;330929;238259
187985;383132;343416
187986;420351;297464
187987;353998;304207
187988;437729;279316
187989;490596;220006
187990;349756;234161
187991;503008;274848
187992;449662;326883
187993;471490;308728
187994;401453;261366
187995;370779;310137
187996;481158;324130
187997;516694;332594
187998;334189;341546
187999;428572;206423
188000;354938;265737
188001;468405;241796
188002;442593;227974
188003;394136;338635
188004;336377;218566
188005;383944;320397
188006;492447;254501
188007;467109;265865
188008;369373;307716
188009;522874;290040
188010;453480;241819
188011;498437;307317
188012;366341;291823
188013;407250;231304
188014;424475;258921
188015;505300;297499
188016;349783;292815
188017;435043;266805
188018;482562;283130
188019;393097;283728
188020;509084;273392
188021;493507;288043
188022;329922;343448
188023;439341;280410
188024;421775;320285
188025;432752;220557
188026;378678;318941
188027;381523;310157
188028;424201;273587
188029;455099;302880
188030;451229;264085
188031;371201;302802
188032;314894;311382
188033;368814;310914
188034;406481;300282
188035;312091;280592
188036;438137;322252
188037;403349;231074
188038;423707;260833
188039;472427;252763
188040;492922;302990
188041;371600;240914
188042;359821;291130
188043;504157;312274
188044;495552;296074
188045;437494;289093
188046;513566;307203
188047;356095;250677
188048;498887;313815
188049;436199;257178
188050;453737;219677
188051;390065;299974
188052;389181;245458
188053;415265;303508
188054;484852;275897
188055;517544;224603
188056;494347;238235
188057;376867;318352
188058;474828;279978
188059;413776;238603
188060;368456;295055
188061;433451;257825
188062;403678;234362
188063;340122;284597
188064;335944;234189
188065;482532;279856
188066;418313;299458
188067;398923;337932
188068;466837;287531
188069;459983;259329
188070;505615;238235
188071;361293;323759
188072;389615;334647
188073;371456;232148
188074;502215;310520
188075;352528;238579
188076;332544;279246
188077;474717;318209
188078;327079;306377
188079;505520;242982
188080;361723;310232
188081;337625;281678
188082;407809;260547
188083;515149;242502
188084;339439;281567
188085;456083;285640
188086;425131;274489
188087;363064;311458
188088;457569;266978
188089;392291;222104
188090;384749;265902
188091;463116;317623
188092;439673;308572
188093;339797;316671
188094;478041;264899
188095;375648;311152
188096;388670;262284
188097;353150;340119
188098;334953;287978
188099;342253;286325
188100;313295;248745
188101;345470;320991
188102;427044;268116
188103;362228;225635
188104;347268;303014
188105;449939;319973
188106;510587;275796
188107;355108;280044
188108;515634;288191
188109;364609;271137
188110;427403;286512
188111;401140;238414
188112;362657;325355
188113;344514;279387
188114;394988;273261
188115;514642;329345
188116;415925;295738
188117;385055;268318
188118;458808;224396
188119;394583;261704
188120;416620;314684
188121;338137;231007
188122;444942;310179
188123;331357;227398
188124;508323;245761
188125;402892;285091
188126;481454;252346
188127;424702;295613
188128;447436;280094
188129;373778;243651
188130;409994;248466
188131;467868;233297
188132;410872;314524
188133;371780;301411
188134;333224;323139
188135;434486;272386
188136;408221;313593
188137;350147;261529
188138;412707;310119
188139;510445;254928
188140;420347;254415
188141;341652;275127
188142;328548;267035
188143;476946;301942
188144;361221;219954
188145;494651;307612
188146;312796;331321
188147;486390;265427
188148;399447;275492
188149;476959;278284
188150;483822;263622
188151;438753;294454
188152;406521;323172
188153;311266;328636
188154;366135;247438
188155;327064;256254
188156;356654;313899
188157;506739;268350
188158;428222;227010
188159;389953;316868
188160;506863;217454
188161;490573;335694
188162;333596;258394
188163;325309;275502
188164;403147;303992
188165;372839;322092
188166;493270;376417
188167;463112;304805
188168;439128;289071
188169;344218;304040
188170;406960;338864
188171;353206;357921
188172;507647;303150
188173;387644;273365
188174;449081;279088
188175;380709;236992
188176;411746;290390
188177;394894;278593
188178;443099;235040
188179;476466;248905
188180;339130;260052
188181;630941;258258
188182;591355;344621
188183;543176;335244
188184;600825;321002
188185;539728;300413
188186;572272;232180
188187;398870;246610
188188;518476;206209
188189;432490;345497
188190;406058;308263
188191;521033;261496
188192;404730;320242
188193;619439;300460
188194;511215;289389
188195;393515;240303
188196;657036;239027
188197;479536;267151
188198;423110;281432
188199;502484;247857
188200;660903;318495
188201;557148;297033
188202;615464;327810
188203;437831;269600
188204;529146;319496
188205;417693;240234
188206;594283;224589
188207;474787;231172
188208;627615;298906
188209;431560;246783
188210;502235;246843
188211;551472;285326
188212;539202;246434
188213;398982;300075
188214;469604;306900
188215;618043;300359
188216;545387;260811
188217;503884;239450
188218;408838;277915
188219;512646;244143
188220;375005;252819
188221;401672;339641
188222;425003;239449
188223;553499;284542
188224;513908;222074
188225;519539;246514
188226;406454;324425
188227;432686;280498
188228;391823;270763
188229;477508;281322
188230;374949;293360
188231;584728;226720
188232;530001;300936
188233;418820;263638
188234;455008;286992
188235;386504;326322
188236;587671;290078
188237;435515;289266
188238;405199;271893
188239;525834;238676
188240;461982;236558
188241;427724;287801
188242;440386;324991
188243;617098;310569
188244;509931;294363
188245;555595;322961
188246;485917;300324
188247;640718;242467
188248;604353;257500
188249;469410;320415
188250;496246;338796
188251;403767;305445
188252;549956;257775
188253;537062;278716
188254;469921;278557
188255;591435;313458
188256;429744;291969
188257;447675;298451
188258;578405;291911
188259;437551;231928
188260;544807;318778
188261;417770;248986
188262;550706;266771
188263;457983;266921
188264;576530;272285
188265;593735;275768
188266;514587;261421
188267;521445;242345
188268;564554;263891
188269;563570;263262
188270;440135;227227
188271;428532;270767
188272;590306;260458
188273;407293;302746
188274;477190;272995
188275;594260;305160
188276;549431;276964
188277;554383;300763
188278;630015;289541
188279;635845;266809
188280;403908;340020
188281;478331;319187
188282;457036;243520
188283;562391;292512
188284;442687;219170
188285;498907;267686
188286;607468;257250
188287;510838;325282
188288;392266;278209
188289;666401;313772
188290;482797;276955
188291;439682;293159
188292;582508;291279
188293;422044;301186
188294;509330;232515
188295;499512;283589
188296;424227;259714
188297;432720;289426
188298;437023;277892
188299;584637;282408
188300;444259;316979
188301;393173;302710
188302;426145;279260
188303;451130;257697
188304;412601;338022
188305;416151;318918
188306;426154;311030
188307;483469;330741
188308;493198;277447
188309;508503;266660
188310;419696;268677
188311;463334;284688
188312;395107;313160
188313;604442;265433
188314;428132;298144
188315;464665;267460
188316;531330;309993
188317;425412;299966
188318;615026;287021
188319;497796;257103
188320;521812;258435
188321;476911;279059
188322;555848;261988
188323;564251;328870
188324;486273;324147
188325;459632;327091
188326;502508;277709
188327;447668;232843
188328;476241;303380
188329;608530;294906
188330;395630;314972
188331;387953;291883
188332;525862;245373
188333;405417;303259
188334;447453;284036
188335;376927;292991
188336;591192;316640
188337;439680;244957
188338;555323;272557
188339;394030;319662
188340;492683;263709
188341;440403;346656
188342;512091;275941
188343;458414;282577
188344;551775;340180
188345;557375;257164
188346;393985;270339
188347;609570;242169
188348;622290;242186
188349;513383;257055
188350;557790;276769
188351;424214;250144
188352;543793;257591
188353;618563;259642
188354;620213;250265
188355;415873;244916
188356;392950;221377
188357;471134;244470
188358;408186;263483
188359;560222;269072
188360;528733;271460
188361;590035;293621
188362;491552;239361
188363;495151;245679
188364;517915;329600
188365;583209;288176
188366;630962;327434
188367;498481;324332
188368;482810;264612
188369;399960;247216
188370;426151;285211
188371;530144;308678
188372;576349;286948
188373;527732;285938
188374;527878;302189
188375;527462;310567
188376;417031;308263
188377;596537;267165
188378;376390;309593
188379;563377;222976
188380;512397;289834
188381;446623;320980
188382;546266;225093
188383;411559;333896
188384;559405;233979
188385;418563;288363
188386;448649;339200
188387;607139;301700
188388;592911;228973
188389;593565;243196
188390;583431;308016
188391;534300;248306
188392;513296;262617
188393;435772;280118
188394;448544;300057
188395;573842;263237
188396;576917;306173
188397;400072;322330
188398;406577;358383
188399;415566;295652
188400;477476;251363
188401;427453;285423
188402;415902;240989
188403;445779;272496
188404;518702;352885
188405;473444;278282
188406;418825;263226
188407;625269;258496
188408;423817;270169
188409;614570;291980
188410;594449;247941
188411;572696;227995
188412;599835;281265
188413;641413;225026
188414;399540;325060
188415;476866;310933
188416;418602;242037
188417;441498;252181
188418;469520;298622
188419;542622;245591
188420;537734;307085
188421;383196;303603
188422;593974;276048
188423;380742;314572
188424;571243;269302
188425;436965;251196
188426;472622;303805
188427;559141;338059
188428;396976;321019
188429;437001;278311
188430;403862;237123
188431;586785;343004
188432;600620;345822
188433;535016;257539
188434;458023;290212
188435;562091;227039
188436;389872;246671
188437;580788;346038
188438;472623;257226
188439;588672;290390
188440;477304;302770
188441;467972;302911
188442;397467;314620
188443;471071;251522
188444;439002;334508
188445;512102;269755
188446;555396;268903
188447;437353;267529
188448;497950;303803
188449;404489;286954
188450;430802;236068
188451;532619;312333
188452;594433;304177
188453;518710;225180
188454;527434;293642
188455;510750;313085
188456;412461;329198
188457;466677;277442
188458;597797;226860
188459;442593;230775
188460;408791;335458
188461;464687;244402
188462;513804;233055
188463;420504;268546
188464;428103;257844
188465;451252;294043
188466;428885;294704
188467;424999;303387
188468;542136;362684
188469;415024;318361
188470;541898;290641
188471;554559;254378
188472;540462;335079
188473;610180;261109
188474;463058;310611
188475;480394;263034
188476;574410;223085
188477;437676;274773
188478;543601;327559
188479;547879;268830
188480;447046;213312
188481;556477;242768
188482;440924;227839
188483;587399;319273
188484;437879;278047
188485;593826;269394
188486;573646;314879
188487;384975;294671
188488;580041;226491
188489;469566;281180
188490;633257;305198
188491;390513;259316
188492;419646;240923
188493;494912;255891
188494;482973;277419
188495;606711;237387
188496;388370;332692
188497;385665;300303
188498;440759;288958
188499;534863;324444
188500;480578;302013
188501;521172;230975
188502;404022;258232
188503;428219;229912
188504;442352;342203
188505;559987;333467
188506;410229;318078
188507;503811;346449
188508;458104;262224
188509;409565;239175
188510;425205;305169
188511;488297;237104
188512;421578;322565
188513;451857;262562
188514;588544;307718
188515;475728;341921
188516;571436;312713
188517;490073;273701
188518;627067;241510
188519;705431;290323
188520;551668;307845
188521;463817;288070
188522;538727;269090
188523;472141;214400
188524;519336;301816
188525;414572;271070
188526;392338;296979
188527;387255;280207
188528;584176;317397
188529;440376;258831
188530;429294;288201
188531;458078;281361
188532;589492;331833
188533;570228;263941
188534;523977;227813
188535;624873;267413
188536;506960;327874
188537;525509;255055
188538;618081;216679
188539;481071;269608
188540;483794;293573
188541;499561;325359
188542;594087;293221
188543;377649;285504
188544;578341;256466
188545;563075;310624
188546;519704;273485
188547;475023;315326
188548;629080;285141
188549;568065;248422
188550;468062;248865
188551;453356;309094
188552;389746;249242
188553;563587;306016
188554;592542;287615
188555;547596;295993
188556;623264;279705
188557;596311;262166
188558;554772;303278
188559;599261;249239
188560;519909;307246
188561;549229;212825
188562;465607;261514
188563;496853;296691
188564;502430;247464
188565;574681;221914
188566;642771;247599
188567;641102;261463
188568;597917;288223
188569;522761;269343
188570;590667;219560
188571;537986;304463
188572;434815;339715
188573;489092;322101
188574;532082;297912
188575;588623;292124
188576;474389;257849
188577;619063;351034
188578;513991;296865
188579;453837;283382
188580;432403;238867
188581;419301;317522
188582;600909;326130
